1
1
61
0
(24 0
((0) (15) (0))
((16) (31) (0))
((32) (47) (0))
((48) (63) (0))
((64) (79) (0))
((80) (95) (0))
((96) (111) (0))
((112) (127) (0))
((128) (143) (0))
((144) (159) (0))
((160) (175) (0))
((176) (189) (0))
((190) (205) (0))
((206) (219) (0))
((220) (235) (0))
((236) (249) (0))
((250) (265) (0))
((266) (279) (0))
((280) (295) (0))
((296) (309) (0))
((310) (325) (0))
((326) (339) (0))
((340) (355) (0))
((356) (369) (0))
)
24
FabOnDisk: Cell_D_00008 0
FabOnDisk: Cell_D_00009 0
FabOnDisk: Cell_D_00000 0
FabOnDisk: Cell_D_00000 7885
FabOnDisk: Cell_D_00010 0
FabOnDisk: Cell_D_00001 0
FabOnDisk: Cell_D_00001 7885
FabOnDisk: Cell_D_00011 0
FabOnDisk: Cell_D_00002 0
FabOnDisk: Cell_D_00002 7887
FabOnDisk: Cell_D_00012 0
FabOnDisk: Cell_D_00003 0
FabOnDisk: Cell_D_00003 6911
FabOnDisk: Cell_D_00014 0
FabOnDisk: Cell_D_00004 0
FabOnDisk: Cell_D_00004 7887
FabOnDisk: Cell_D_00013 0
FabOnDisk: Cell_D_00005 0
FabOnDisk: Cell_D_00005 6911
FabOnDisk: Cell_D_00015 0
FabOnDisk: Cell_D_00006 0
FabOnDisk: Cell_D_00006 7887
FabOnDisk: Cell_D_00007 0
FabOnDisk: Cell_D_00007 7887

24,61
8.0000000000000000e+00,4.0250000000000000e+01,1.5707963267948966e+00,3.1415926535897931e+00,5.0000000000000000e-01,3.1415926535897931e+00,6.2831853071795862e+00,-4.6163104300246852e+19,1.0000000000000000e+00,4.0251035183375336e+01,4.0251035183375336e+01,1.0000000000000000e+00,1.6201666658093720e+03,1.6201666658093720e+03,1.6201666658093720e+03,1.0000000000000000e+00,0.0000000000000000e+00,0.0000000000000000e+00,0.0000000000000000e+00,1.0000000000000000e+00,0.0000000000000000e+00,0.0000000000000000e+00,0.0000000000000000e+00,0.0000000000000000e+00,0.0000000000000000e+00,0.0000000000000000e+00,9.6781234197948055e+09,-2.9308348796142090e+18,0.0000000000000000e+00,0.0000000000000000e+00,2.8251374978271004e+29,0.0000000000000000e+00,9.6781234197948055e+09,-2.1517847212486208e+03,0.0000000000000000e+00,0.0000000000000000e+00,2.8228970293884483e+29,0.0000000000000000e+00,9.4096567646281587e+28,0.0000000000000000e+00,0.0000000000000000e+00,0.0000000000000000e+00,2.9167011514957857e+19,0.0000000000000000e+00,0.0000000000000000e+00,0.0000000000000000e+00,0.0000000000000000e+00,0.0000000000000000e+00,0.0000000000000000e+00,0.0000000000000000e+00,1.3333333333333330e+00,3.6004286566433089e+04,4.8583771521572322e-05,0.0000000000000000e+00,0.0000000000000000e+00,0.0000000000000000e+00,0.0000000000000000e+00,0.0000000000000000e+00,0.0000000000000000e+00,0.0000000000000000e+00,0.0000000000000000e+00,
9.0000000000000000e+00,4.8250000000000000e+01,1.5707963267948966e+00,3.1415926535897931e+00,5.0000000000000000e-01,3.1415926535897931e+00,6.2831853071795862e+00,-3.8509268699080516e+19,1.0000000000000000e+00,4.8250863550130646e+01,4.8250863550130646e+01,1.0000000000000000e+00,2.3281666660700866e+03,2.3281666660700866e+03,2.3281666660700866e+03,1.0000000000000000e+00,0.0000000000000000e+00,0.0000000000000000e+00,0.0000000000000000e+00,1.0000000000000000e+00,0.0000000000000000e+00,0.0000000000000000e+00,0.0000000000000000e+00,0.0000000000000000e+00,0.0000000000000000e+00,0.0000000000000000e+00,6.0745650519274530e+09,-2.0395304039295506e+18,0.0000000000000000e+00,0.0000000000000000e+00,1.5189421603621854e+29,0.0000000000000000e+00,6.0745650519274530e+09,-2.5149519812989010e+03,0.0000000000000000e+00,0.0000000000000000e+00,1.5170211492339805e+29,0.0000000000000000e+00,5.0567371641132685e+28,0.0000000000000000e+00,0.0000000000000000e+00,0.0000000000000000e+00,2.4972824482822521e+19,0.0000000000000000e+00,0.0000000000000000e+00,0.0000000000000000e+00,0.0000000000000000e+00,0.0000000000000000e+00,0.0000000000000000e+00,0.0000000000000000e+00,1.3333333333333328e+00,3.3315183321978308e+04,3.0726128121015767e-05,0.0000000000000000e+00,0.0000000000000000e+00,0.0000000000000000e+00,0.0000000000000000e+00,0.0000000000000000e+00,0.0000000000000000e+00,0.0000000000000000e+00,0.0000000000000000e+00,
0.0000000000000000e+00,5.6250000000000000e+01,1.5707963267948966e+00,3.1415926535897931e+00,5.0000000000000000e-01,3.1415926535897931e+00,6.2831853071795862e+00,-3.3032473032072176e+19,1.0000000000000000e+00,5.6250740735863467e+01,5.6250740735863467e+01,1.0000000000000000e+00,3.1641666662277121e+03,3.1641666662277121e+03,3.1641666662277121e+03,1.0000000000000000e+00,0.0000000000000000e+00,0.0000000000000000e+00,0.0000000000000000e+00,1.0000000000000000e+00,0.0000000000000000e+00,0.0000000000000000e+00,0.0000000000000000e+00,0.0000000000000000e+00,0.0000000000000000e+00,0.0000000000000000e+00,4.0568693261376839e+09,-1.5006547682209132e+18,0.0000000000000000e+00,0.0000000000000000e+00,8.8725604519597634e+28,0.0000000000000000e+00,4.0568693261376839e+09,-2.8799296324923343e+03,0.0000000000000000e+00,0.0000000000000000e+00,8.8557370635518585e+28,0.0000000000000000e+00,2.9519123545172853e+28,0.0000000000000000e+00,0.0000000000000000e+00,0.0000000000000000e+00,2.1828654032236708e+19,0.0000000000000000e+00,0.0000000000000000e+00,0.0000000000000000e+00,0.0000000000000000e+00,0.0000000000000000e+00,0.0000000000000000e+00,0.0000000000000000e+00,1.3333333333333330e+00,3.1147409962650156e+04,2.0661690723181906e-05,0.0000000000000000e+00,0.0000000000000000e+00,0.0000000000000000e+00,0.0000000000000000e+00,0.0000000000000000e+00,0.0000000000000000e+00,0.0000000000000000e+00,0.0000000000000000e+00,
0.0000000000000000e+00,6.4250000000000000e+01,1.5707963267948966e+00,3.1415926535897931e+00,5.0000000000000000e-01,3.1415926535897931e+00,6.2831853071795862e+00,-2.8919524748099678e+19,1.0000000000000000e+00,6.4250648505157756e+01,6.4250648505157756e+01,1.0000000000000000e+00,4.1281666663302176e+03,4.1281666663302176e+03,4.1281666663302176e+03,1.0000000000000000e+00,0.0000000000000000e+00,0.0000000000000000e+00,0.0000000000000000e+00,1.0000000000000000e+00,0.0000000000000000e+00,0.0000000000000000e+00,0.0000000000000000e+00,0.0000000000000000e+00,0.0000000000000000e+00,0.0000000000000000e+00,2.8403091857622843e+09,-1.1502182387827249e+18,0.0000000000000000e+00,0.0000000000000000e+00,5.5203883135204034e+28,0.0000000000000000e+00,2.8403091857622843e+09,-3.2473038150868674e+03,0.0000000000000000e+00,0.0000000000000000e+00,5.5054131185971842e+28,0.0000000000000000e+00,1.8351377061990612e+28,0.0000000000000000e+00,0.0000000000000000e+00,0.0000000000000000e+00,1.9382909005515928e+19,0.0000000000000000e+00,0.0000000000000000e+00,0.0000000000000000e+00,0.0000000000000000e+00,0.0000000000000000e+00,0.0000000000000000e+00,0.0000000000000000e+00,1.3333333333333328e+00,2.9350668477771163e+04,1.4563120707218607e-05,0.0000000000000000e+00,0.0000000000000000e+00,0.0000000000000000e+00,0.0000000000000000e+00,0.0000000000000000e+00,0.0000000000000000e+00,0.0000000000000000e+00,0.0000000000000000e+00,
1.0000000000000000e+01,7.2250000000000000e+01,1.5707963267948966e+00,3.1415926535897931e+00,5.0000000000000000e-01,3.1415926535897931e+00,6.2831853071795862e+00,-2.5717389989463888e+19,1.0000000000000000e+00,7.2250576698967123e+01,7.2250576698967123e+01,1.0000000000000000e+00,5.2201666664005988e+03,5.2201666664005988e+03,5.2201666664005988e+03,1.0000000000000000e+00,0.0000000000000000e+00,0.0000000000000000e+00,0.0000000000000000e+00,1.0000000000000000e+00,0.0000000000000000e+00,0.0000000000000000e+00,0.0000000000000000e+00,0.0000000000000000e+00,0.0000000000000000e+00,0.0000000000000000e+00,2.0636211078775713e+09,-9.0960171284909005e+17,0.0000000000000000e+00,0.0000000000000000e+00,3.6094106927834670e+28,0.0000000000000000e+00,2.0636211078775713e+09,-3.6177650059341986e+03,0.0000000000000000e+00,0.0000000000000000e+00,3.5959063535528351e+28,0.0000000000000000e+00,1.1986354511842780e+28,0.0000000000000000e+00,0.0000000000000000e+00,0.0000000000000000e+00,1.7425051493502743e+19,0.0000000000000000e+00,0.0000000000000000e+00,0.0000000000000000e+00,0.0000000000000000e+00,0.0000000000000000e+00,0.0000000000000000e+00,0.0000000000000000e+00,1.3333333333333330e+00,2.7828871480811995e+04,1.0654509257221225e-05,0.0000000000000000e+00,0.0000000000000000e+00,0.0000000000000000e+00,0.0000000000000000e+00,0.0000000000000000e+00,0.0000000000000000e+00,0.0000000000000000e+00,0.0000000000000000e+00,
1.0000000000000000e+00,8.0250000000000000e+01,1.5707963267948966e+00,3.1415926535897931e+00,5.0000000000000000e-01,3.1415926535897931e+00,6.2831853071795862e+00,-2.3153680144003420e+19,1.0000000000000000e+00,8.0250519209119958e+01,8.0250519209119958e+01,1.0000000000000000e+00,6.4401666664510030e+03,6.4401666664510030e+03,6.4401666664510030e+03,1.0000000000000000e+00,0.0000000000000000e+00,0.0000000000000000e+00,0.0000000000000000e+00,1.0000000000000000e+00,0.0000000000000000e+00,0.0000000000000000e+00,0.0000000000000000e+00,0.0000000000000000e+00,0.0000000000000000e+00,0.0000000000000000e+00,1.5446604666451976e+09,-7.3728809014608806e+17,0.0000000000000000e+00,0.0000000000000000e+00,2.4561815494444060e+28,0.0000000000000000e+00,1.5446604666451976e+09,-3.9921232301106611e+03,0.0000000000000000e+00,0.0000000000000000e+00,2.4438730590343021e+28,0.0000000000000000e+00,8.1462435301143380e+27,0.0000000000000000e+00,0.0000000000000000e+00,0.0000000000000000e+00,1.5821294146505906e+19,0.0000000000000000e+00,0.0000000000000000e+00,0.0000000000000000e+00,0.0000000000000000e+00,0.0000000000000000e+00,0.0000000000000000e+00,0.0000000000000000e+00,1.3333333333333330e+00,2.6517317775713305e+04,8.0349421060970276e-06,0.0000000000000000e+00,0.0000000000000000e+00,0.0000000000000000e+00,0.0000000000000000e+00,0.0000000000000000e+00,0.0000000000000000e+00,0.0000000000000000e+00,0.0000000000000000e+00,
1.0000000000000000e+00,8.8250000000000000e+01,1.5707963267948966e+00,3.1415926535897931e+00,5.0000000000000000e-01,3.1415926535897931e+00,6.2831853071795862e+00,-2.1054774752931320e+19,1.0000000000000000e+00,8.8250472142268620e+01,8.8250472142268620e+01,1.0000000000000000e+00,7.7881666664883323e+03,7.7881666664883323e+03,7.7881666664883323e+03,1.0000000000000000e+00,0.0000000000000000e+00,0.0000000000000000e+00,0.0000000000000000e+00,1.0000000000000000e+00,0.0000000000000000e+00,0.0000000000000000e+00,0.0000000000000000e+00,0.0000000000000000e+00,0.0000000000000000e+00,0.0000000000000000e+00,1.1847857383983476e+09,-6.0967461928565914e+17,0.0000000000000000e+00,0.0000000000000000e+00,1.7272012315100431e+28,0.0000000000000000e+00,1.1847857383983476e+09,-4.3713288533094637e+03,0.0000000000000000e+00,0.0000000000000000e+00,1.7158816186737058e+28,0.0000000000000000e+00,5.7196053955790167e+27,0.0000000000000000e+00,0.0000000000000000e+00,0.0000000000000000e+00,1.4482530512080482e+19,0.0000000000000000e+00,0.0000000000000000e+00,0.0000000000000000e+00,0.0000000000000000e+00,0.0000000000000000e+00,0.0000000000000000e+00,0.0000000000000000e+00,1.3333333333333330e+00,2.5370605941185397e+04,6.2141141742947940e-06,0.0000000000000000e+00,0.0000000000000000e+00,0.0000000000000000e+00,0.0000000000000000e+00,0.0000000000000000e+00,0.0000000000000000e+00,0.0000000000000000e+00,0.0000000000000000e+00,
1.1000000000000000e+01,9.6250000000000000e+01,1.5707963267948966e+00,3.1415926535897931e+00,5.0000000000000000e-01,3.1415926535897931e+00,6.2831853071795862e+00,-1.9304775728476246e+19,1.0000000000000000e+00,9.6250432899459383e+01,9.6250432899459383e+01,1.0000000000000000e+00,9.2641666665167431e+03,9.2641666665167431e+03,9.2641666665167431e+03,1.0000000000000000e+00,0.0000000000000000e+00,0.0000000000000000e+00,0.0000000000000000e+00,1.0000000000000000e+00,0.0000000000000000e+00,0.0000000000000000e+00,0.0000000000000000e+00,0.0000000000000000e+00,0.0000000000000000e+00,0.0000000000000000e+00,9.2739937144538081e+08,-5.1253821564086976e+17,0.0000000000000000e+00,0.0000000000000000e+00,1.2483074833559741e+28,0.0000000000000000e+00,9.2739937144538081e+08,-4.7565008828693608e+03,0.0000000000000000e+00,0.0000000000000000e+00,1.2378167110953429e+28,0.0000000000000000e+00,4.1260557036511420e+27,0.0000000000000000e+00,0.0000000000000000e+00,0.0000000000000000e+00,1.3347100226784860e+19,0.0000000000000000e+00,0.0000000000000000e+00,0.0000000000000000e+00,0.0000000000000000e+00,0.0000000000000000e+00,0.0000000000000000e+00,0.0000000000000000e+00,1.3333333333333330e+00,2.4355782804114828e+04,4.9095741876523653e-06,0.0000000000000000e+00,0.0000000000000000e+00,0.0000000000000000e+00,0.0000000000000000e+00,0.0000000000000000e+00,0.0000000000000000e+00,0.0000000000000000e+00,0.0000000000000000e+00,
2.0000000000000000e+00,1.0425000000000000e+02,1.5707963267948966e+00,3.1415926535897931e+00,5.0000000000000000e-01,3.1415926535897931e+00,6.2831853071795862e+00,-1.7823360005460560e+19,1.0000000000000000e+00,1.0425039967948965e+02,1.0425039967948965e+02,1.0000000000000000e+00,1.0868166666538873e+04,1.0868166666538873e+04,1.0868166666538873e+04,1.0000000000000000e+00,0.0000000000000000e+00,0.0000000000000000e+00,0.0000000000000000e+00,1.0000000000000000e+00,0.0000000000000000e+00,0.0000000000000000e+00,0.0000000000000000e+00,0.0000000000000000e+00,0.0000000000000000e+00,0.0000000000000000e+00,7.3844018513832307e+08,-4.3689366336121709e+17,0.0000000000000000e+00,0.0000000000000000e+00,9.2331441660712437e+27,0.0000000000000000e+00,7.3844018513832307e+08,-5.1489656309265956e+03,0.0000000000000000e+00,0.0000000000000000e+00,9.1352579916833898e+27,0.0000000000000000e+00,3.0450859972277964e+27,0.0000000000000000e+00,0.0000000000000000e+00,0.0000000000000000e+00,1.2370954493084187e+19,0.0000000000000000e+00,0.0000000000000000e+00,0.0000000000000000e+00,0.0000000000000000e+00,0.0000000000000000e+00,0.0000000000000000e+00,0.0000000000000000e+00,1.3333333333333330e+00,2.3448239989778467e+04,3.9507852900424085e-06,0.0000000000000000e+00,0.0000000000000000e+00,0.0000000000000000e+00,0.0000000000000000e+00,0.0000000000000000e+00,0.0000000000000000e+00,0.0000000000000000e+00,0.0000000000000000e+00,
2.0000000000000000e+00,1.1225000000000000e+02,1.5707963267948966e+00,3.1415926535897931e+00,5.0000000000000000e-01,3.1415926535897931e+00,6.2831853071795862e+00,-1.6553102629642584e+19,1.0000000000000000e+00,1.1225037119463495e+02,1.1225037119463495e+02,1.0000000000000000e+00,1.2600166666556439e+04,1.2600166666556439e+04,1.2600166666556439e+04,1.0000000000000000e+00,0.0000000000000000e+00,0.0000000000000000e+00,0.0000000000000000e+00,1.0000000000000000e+00,0.0000000000000000e+00,0.0000000000000000e+00,0.0000000000000000e+00,0.0000000000000000e+00,0.0000000000000000e+00,0.0000000000000000e+00,5.9657071061131442e+08,-3.7683851888929203e+17,0.0000000000000000e+00,0.0000000000000000e+00,6.9654654727042297e+27,0.0000000000000000e+00,5.9657071061131442e+08,-5.5503100487719266e+03,0.0000000000000000e+00,0.0000000000000000e+00,6.8735766058562573e+27,0.0000000000000000e+00,2.2911922019520849e+27,0.0000000000000000e+00,0.0000000000000000e+00,0.0000000000000000e+00,1.1521760249785197e+19,0.0000000000000000e+00,0.0000000000000000e+00,0.0000000000000000e+00,0.0000000000000000e+00,0.0000000000000000e+00,0.0000000000000000e+00,0.0000000000000000e+00,1.3333333333333330e+00,2.2629141283780904e+04,3.2306427254521821e-06,0.0000000000000000e+00,0.0000000000000000e+00,0.0000000000000000e+00,0.0000000000000000e+00,0.0000000000000000e+00,0.0000000000000000e+00,0.0000000000000000e+00,0.0000000000000000e+00,
1.2000000000000000e+01,1.2025000000000000e+02,1.5707963267948966e+00,3.1415926535897931e+00,5.0000000000000000e-01,3.1415926535897931e+00,6.2831853071795862e+00,-1.5451860002976700e+19,1.0000000000000000e+00,1.2025034649984730e+02,1.2025034649984730e+02,1.0000000000000000e+00,1.4460166666570616e+04,1.4460166666570616e+04,1.4460166666570616e+04,1.0000000000000000e+00,0.0000000000000000e+00,0.0000000000000000e+00,0.0000000000000000e+00,1.0000000000000000e+00,0.0000000000000000e+00,0.0000000000000000e+00,0.0000000000000000e+00,0.0000000000000000e+00,0.0000000000000000e+00,0.0000000000000000e+00,4.8795868717473835e+08,-3.2836579373435981e+17,0.0000000000000000e+00,0.0000000000000000e+00,5.3446177812927664e+27,0.0000000000000000e+00,4.8795868717473835e+08,-5.9624564143293528e+03,0.0000000000000000e+00,0.0000000000000000e+00,5.2578815969122495e+27,0.0000000000000000e+00,1.7526271989707491e+27,0.0000000000000000e+00,0.0000000000000000e+00,0.0000000000000000e+00,1.0775215099824935e+19,0.0000000000000000e+00,0.0000000000000000e+00,0.0000000000000000e+00,0.0000000000000000e+00,0.0000000000000000e+00,0.0000000000000000e+00,0.0000000000000000e+00,1.3333333333333330e+00,2.1883744733166088e+04,2.6795950177516454e-06,0.0000000000000000e+00,0.0000000000000000e+00,0.0000000000000000e+00,0.0000000000000000e+00,0.0000000000000000e+00,0.0000000000000000e+00,0.0000000000000000e+00,0.0000000000000000e+00,
3.0000000000000000e+00,1.2825000000000000e+02,1.5707963267948966e+00,3.1415926535897931e+00,5.0000000000000000e-01,3.1415926535897931e+00,6.2831853071795862e+00,-1.4488003812237971e+19,1.0000000000000000e+00,1.2825032488587831e+02,1.2825032488587831e+02,1.0000000000000000e+00,1.6448166666582227e+04,1.6448166666582227e+04,1.6448166666582227e+04,1.0000000000000000e+00,0.0000000000000000e+00,0.0000000000000000e+00,0.0000000000000000e+00,1.0000000000000000e+00,0.0000000000000000e+00,0.0000000000000000e+00,0.0000000000000000e+00,0.0000000000000000e+00,0.0000000000000000e+00,0.0000000000000000e+00,4.1286565670066893e+08,-2.8867781400355590e+17,0.0000000000000000e+00,0.0000000000000000e+00,4.2905158608057109e+27,0.0000000000000000e+00,4.1286565670066893e+08,-6.3337905397328523e+03,0.0000000000000000e+00,0.0000000000000000e+00,4.2077019643266144e+27,0.0000000000000000e+00,1.4025673214422044e+27,0.0000000000000000e+00,0.0000000000000000e+00,0.0000000000000000e+00,1.0191416920183640e+19,0.0000000000000000e+00,0.0000000000000000e+00,0.0000000000000000e+00,0.0000000000000000e+00,0.0000000000000000e+00,0.0000000000000000e+00,0.0000000000000000e+00,1.3333333333333328e+00,2.1282662433595804e+04,2.2992200453244773e-06,0.0000000000000000e+00,0.0000000000000000e+00,0.0000000000000000e+00,0.0000000000000000e+00,0.0000000000000000e+00,0.0000000000000000e+00,0.0000000000000000e+00,0.0000000000000000e+00,
3.0000000000000000e+00,1.3525000000000000e+02,1.5707963267948966e+00,3.1415926535897931e+00,5.0000000000000000e-01,3.1415926535897931e+00,6.2831853071795862e+00,-1.3738164334409234e+19,1.0000000000000000e+00,1.3525030807112171e+02,1.3525030807112171e+02,1.0000000000000000e+00,1.8292666666590743e+04,1.8292666666590743e+04,1.8292666666590743e+04,1.0000000000000000e+00,0.0000000000000000e+00,0.0000000000000000e+00,0.0000000000000000e+00,1.0000000000000000e+00,0.0000000000000000e+00,0.0000000000000000e+00,0.0000000000000000e+00,0.0000000000000000e+00,0.0000000000000000e+00,0.0000000000000000e+00,3.4402879316044605e+08,-2.5956950173148432e+17,0.0000000000000000e+00,0.0000000000000000e+00,3.3782430064926954e+27,0.0000000000000000e+00,3.4402879316044605e+08,-6.7730285095506169e+03,0.0000000000000000e+00,0.0000000000000000e+00,3.2993337616689817e+27,0.0000000000000000e+00,1.0997779205563270e+27,0.0000000000000000e+00,0.0000000000000000e+00,0.0000000000000000e+00,9.5902507308488561e+18,0.0000000000000000e+00,0.0000000000000000e+00,0.0000000000000000e+00,0.0000000000000000e+00,0.0000000000000000e+00,0.0000000000000000e+00,0.0000000000000000e+00,1.3333333333333330e+00,2.0645417005690972e+04,1.9516809743097787e-06,0.0000000000000000e+00,0.0000000000000000e+00,0.0000000000000000e+00,0.0000000000000000e+00,0.0000000000000000e+00,0.0000000000000000e+00,0.0000000000000000e+00,0.0000000000000000e+00,
1.4000000000000000e+01,1.4325000000000000e+02,1.5707963267948966e+00,3.1415926535897931e+00,5.0000000000000000e-01,3.1415926535897931e+00,6.2831853071795862e+00,-1.2970938610751189e+19,1.0000000000000000e+00,1.4325029086648772e+02,1.4325029086648772e+02,1.0000000000000000e+00,2.0520666666598983e+04,2.0520666666598983e+04,2.0520666666598983e+04,1.0000000000000000e+00,0.0000000000000000e+00,0.0000000000000000e+00,0.0000000000000000e+00,1.0000000000000000e+00,0.0000000000000000e+00,0.0000000000000000e+00,0.0000000000000000e+00,0.0000000000000000e+00,0.0000000000000000e+00,0.0000000000000000e+00,2.9518076288995099e+08,-2.3138702560672762e+17,0.0000000000000000e+00,0.0000000000000000e+00,2.7659293563414930e+27,0.0000000000000000e+00,2.9518076288995099e+08,-7.1731212362498736e+03,0.0000000000000000e+00,0.0000000000000000e+00,2.6899891395886840e+27,0.0000000000000000e+00,8.9666304652956116e+26,0.0000000000000000e+00,0.0000000000000000e+00,0.0000000000000000e+00,9.1129939680820582e+18,0.0000000000000000e+00,0.0000000000000000e+00,0.0000000000000000e+00,0.0000000000000000e+00,0.0000000000000000e+00,0.0000000000000000e+00,0.0000000000000000e+00,1.3333333333333330e+00,2.0125154555464236e+04,1.7224950652398863e-06,0.0000000000000000e+00,0.0000000000000000e+00,0.0000000000000000e+00,0.0000000000000000e+00,0.0000000000000000e+00,0.0000000000000000e+00,0.0000000000000000e+00,0.0000000000000000e+00,
4.0000000000000000e+00,1.5025000000000000e+02,1.5707963267948966e+00,3.1415926535897931e+00,5.0000000000000000e-01,3.1415926535897931e+00,6.2831853071795862e+00,-1.2366636457022216e+19,1.0000000000000000e+00,1.5025027731532924e+02,1.5025027731532924e+02,1.0000000000000000e+00,2.2575166666605146e+04,2.2575166666605146e+04,2.2575166666605146e+04,1.0000000000000000e+00,0.0000000000000000e+00,0.0000000000000000e+00,0.0000000000000000e+00,1.0000000000000000e+00,0.0000000000000000e+00,0.0000000000000000e+00,0.0000000000000000e+00,0.0000000000000000e+00,0.0000000000000000e+00,0.0000000000000000e+00,3.9775876701859519e+07,-2.1032909031188461e+17,0.0000000000000000e+00,0.0000000000000000e+00,4.6579249771629773e+26,0.0000000000000000e+00,3.9775876701859519e+07,-4.9166712596868027e+04,0.0000000000000000e+00,0.0000000000000000e+00,8.1466259895833038e+24,0.0000000000000000e+00,2.7155419965277672e+24,0.0000000000000000e+00,0.0000000000000000e+00,0.0000000000000000e+00,2.0481310760392042e+17,0.0000000000000000e+00,0.0000000000000000e+00,0.0000000000000000e+00,0.0000000000000000e+00,0.0000000000000000e+00,0.0000000000000000e+00,0.0000000000000000e+00,1.3333333333333330e+00,3.0170853998319330e+03,4.5506376620447767e-07,0.0000000000000000e+00,0.0000000000000000e+00,0.0000000000000000e+00,0.0000000000000000e+00,0.0000000000000000e+00,0.0000000000000000e+00,0.0000000000000000e+00,0.0000000000000000e+00,
4.0000000000000000e+00,1.5825000000000000e+02,1.5707963267948966e+00,3.1415926535897931e+00,5.0000000000000000e-01,3.1415926535897931e+00,6.2831853071795862e+00,-1.1741467909351776e+19,1.0000000000000000e+00,1.5825026329625280e+02,1.5825026329625280e+02,1.0000000000000000e+00,2.5043166666611207e+04,2.5043166666611207e+04,2.5043166666611207e+04,1.0000000000000000e+00,0.0000000000000000e+00,0.0000000000000000e+00,0.0000000000000000e+00,1.0000000000000000e+00,0.0000000000000000e+00,0.0000000000000000e+00,0.0000000000000000e+00,0.0000000000000000e+00,0.0000000000000000e+00,0.0000000000000000e+00,3.7277717303337499e+07,-1.8960112371206896e+17,0.0000000000000000e+00,0.0000000000000000e+00,4.1793637711467716e+26,0.0000000000000000e+00,3.7277717303337499e+07,-4.7893238273444629e+04,0.0000000000000000e+00,0.0000000000000000e+00,7.4716610682311445e+24,0.0000000000000000e+00,2.4905536894103811e+24,0.0000000000000000e+00,0.0000000000000000e+00,0.0000000000000000e+00,2.0043225128662701e+17,0.0000000000000000e+00,0.0000000000000000e+00,0.0000000000000000e+00,0.0000000000000000e+00,0.0000000000000000e+00,0.0000000000000000e+00,0.0000000000000000e+00,1.3333333333333330e+00,2.9846439709467913e+03,3.9959847969041300e-07,0.0000000000000000e+00,0.0000000000000000e+00,0.0000000000000000e+00,0.0000000000000000e+00,0.0000000000000000e+00,0.0000000000000000e+00,0.0000000000000000e+00,0.0000000000000000e+00,
1.3000000000000000e+01,1.6525000000000000e+02,1.5707963267948966e+00,3.1415926535897931e+00,5.0000000000000000e-01,3.1415926535897931e+00,6.2831853071795862e+00,-1.1244099393869910e+19,1.0000000000000000e+00,1.6525025214302497e+02,1.6525025214302497e+02,1.0000000000000000e+00,2.7307666666615802e+04,2.7307666666615802e+04,2.7307666666615802e+04,1.0000000000000000e+00,0.0000000000000000e+00,0.0000000000000000e+00,0.0000000000000000e+00,1.0000000000000000e+00,0.0000000000000000e+00,0.0000000000000000e+00,0.0000000000000000e+00,0.0000000000000000e+00,0.0000000000000000e+00,0.0000000000000000e+00,3.4728609921999343e+07,-1.7387832102370781e+17,0.0000000000000000e+00,0.0000000000000000e+00,3.7127291014014570e+26,0.0000000000000000e+00,3.4728609921999343e+07,-4.6855644719255273e+04,0.0000000000000000e+00,0.0000000000000000e+00,6.7983147480196570e+24,0.0000000000000000e+00,2.2661049160065515e+24,0.0000000000000000e+00,0.0000000000000000e+00,0.0000000000000000e+00,1.9575535080128886e+17,0.0000000000000000e+00,0.0000000000000000e+00,0.0000000000000000e+00,0.0000000000000000e+00,0.0000000000000000e+00,0.0000000000000000e+00,0.0000000000000000e+00,1.3333333333333330e+00,2.9496164898064462e+03,3.4671231044018182e-07,0.0000000000000000e+00,0.0000000000000000e+00,0.0000000000000000e+00,0.0000000000000000e+00,0.0000000000000000e+00,0.0000000000000000e+00,0.0000000000000000e+00,0.0000000000000000e+00,
5.0000000000000000e+00,1.7325000000000000e+02,1.5707963267948966e+00,3.1415926535897931e+00,5.0000000000000000e-01,3.1415926535897931e+00,6.2831853071795862e+00,-1.0724892079245961e+19,1.0000000000000000e+00,1.7325024050007360e+02,1.7325024050007360e+02,1.0000000000000000e+00,3.0015666666620400e+04,3.0015666666620400e+04,3.0015666666620400e+04,1.0000000000000000e+00,0.0000000000000000e+00,0.0000000000000000e+00,0.0000000000000000e+00,1.0000000000000000e+00,0.0000000000000000e+00,0.0000000000000000e+00,0.0000000000000000e+00,0.0000000000000000e+00,0.0000000000000000e+00,0.0000000000000000e+00,3.2728038520838760e+07,-1.5819105324339814e+17,0.0000000000000000e+00,0.0000000000000000e+00,3.3621848235715503e+26,0.0000000000000000e+00,3.2728038520838760e+07,-4.5747695941388585e+04,0.0000000000000000e+00,0.0000000000000000e+00,6.2812299490997143e+24,0.0000000000000000e+00,2.0937433163665710e+24,0.0000000000000000e+00,0.0000000000000000e+00,0.0000000000000000e+00,1.9192188781137942e+17,0.0000000000000000e+00,0.0000000000000000e+00,0.0000000000000000e+00,0.0000000000000000e+00,0.0000000000000000e+00,0.0000000000000000e+00,0.0000000000000000e+00,1.3333333333333330e+00,2.9205926350093387e+03,3.0783237366437787e-07,0.0000000000000000e+00,0.0000000000000000e+00,0.0000000000000000e+00,0.0000000000000000e+00,0.0000000000000000e+00,0.0000000000000000e+00,0.0000000000000000e+00,0.0000000000000000e+00,
5.0000000000000000e+00,1.8025000000000000e+02,1.5707963267948966e+00,3.1415926535897931e+00,5.0000000000000000e-01,3.1415926535897931e+00,6.2831853071795862e+00,-1.0308391960904008e+19,1.0000000000000000e+00,1.8025023116027711e+02,1.8025023116027711e+02,1.0000000000000000e+00,3.2490166666623918e+04,3.2490166666623918e+04,3.2490166666623918e+04,1.0000000000000000e+00,0.0000000000000000e+00,0.0000000000000000e+00,0.0000000000000000e+00,1.0000000000000000e+00,0.0000000000000000e+00,0.0000000000000000e+00,0.0000000000000000e+00,0.0000000000000000e+00,0.0000000000000000e+00,0.0000000000000000e+00,3.0667284238620728e+07,-1.4614295360527917e+17,0.0000000000000000e+00,0.0000000000000000e+00,3.0158245692952520e+26,0.0000000000000000e+00,3.0667284238620728e+07,-4.4839375803980256e+04,0.0000000000000000e+00,0.0000000000000000e+00,5.7595046805138298e+24,0.0000000000000000e+00,1.9198348935046093e+24,0.0000000000000000e+00,0.0000000000000000e+00,0.0000000000000000e+00,1.8780607062797526e+17,0.0000000000000000e+00,0.0000000000000000e+00,0.0000000000000000e+00,0.0000000000000000e+00,0.0000000000000000e+00,0.0000000000000000e+00,0.0000000000000000e+00,1.3333333333333330e+00,2.8891064651039746e+03,2.7019808320412436e-07,0.0000000000000000e+00,0.0000000000000000e+00,0.0000000000000000e+00,0.0000000000000000e+00,0.0000000000000000e+00,0.0000000000000000e+00,0.0000000000000000e+00,0.0000000000000000e+00,
1.5000000000000000e+01,1.8825000000000000e+02,1.5707963267948966e+00,3.1415926535897931e+00,5.0000000000000000e-01,3.1415926535897931e+00,6.2831853071795862e+00,-9.8703200534732104e+18,1.0000000000000000e+00,1.8825022133674457e+02,1.8825022133674457e+02,1.0000000000000000e+00,3.5438166666627469e+04,3.5438166666627469e+04,3.5438166666627469e+04,1.0000000000000000e+00,0.0000000000000000e+00,0.0000000000000000e+00,0.0000000000000000e+00,1.0000000000000000e+00,0.0000000000000000e+00,0.0000000000000000e+00,0.0000000000000000e+00,0.0000000000000000e+00,0.0000000000000000e+00,0.0000000000000000e+00,2.9035791278039753e+07,-1.3398570956993024e+17,0.0000000000000000e+00,0.0000000000000000e+00,2.7524256531666436e+26,0.0000000000000000e+00,2.9035791278039753e+07,-4.3863975720689319e+04,0.0000000000000000e+00,0.0000000000000000e+00,5.3546315150000953e+24,0.0000000000000000e+00,1.7848771716666982e+24,0.0000000000000000e+00,0.0000000000000000e+00,0.0000000000000000e+00,1.8441478922603270e+17,0.0000000000000000e+00,0.0000000000000000e+00,0.0000000000000000e+00,0.0000000000000000e+00,0.0000000000000000e+00,0.0000000000000000e+00,0.0000000000000000e+00,1.3333333333333328e+00,2.8629028232887867e+03,2.4214200227228211e-07,0.0000000000000000e+00,0.0000000000000000e+00,0.0000000000000000e+00,0.0000000000000000e+00,0.0000000000000000e+00,0.0000000000000000e+00,0.0000000000000000e+00,0.0000000000000000e+00,
6.0000000000000000e+00,1.9525000000000000e+02,1.5707963267948966e+00,3.1415926535897931e+00,5.0000000000000000e-01,3.1415926535897931e+00,6.2831853071795862e+00,-9.5164549397483971e+18,1.0000000000000000e+00,1.9525021340150525e+02,1.9525021340150525e+02,1.0000000000000000e+00,3.8122666666630248e+04,3.8122666666630248e+04,3.8122666666630248e+04,1.0000000000000000e+00,0.0000000000000000e+00,0.0000000000000000e+00,0.0000000000000000e+00,1.0000000000000000e+00,0.0000000000000000e+00,0.0000000000000000e+00,0.0000000000000000e+00,0.0000000000000000e+00,0.0000000000000000e+00,0.0000000000000000e+00,2.7341727316689435e+07,-1.2455076036421952e+17,0.0000000000000000e+00,0.0000000000000000e+00,2.4892410159127198e+26,0.0000000000000000e+00,2.7341727316689435e+07,-4.3060146063718486e+04,0.0000000000000000e+00,0.0000000000000000e+00,4.9421883168114545e+24,0.0000000000000000e+00,1.6473961056038174e+24,0.0000000000000000e+00,0.0000000000000000e+00,0.0000000000000000e+00,1.8075618990677590e+17,0.0000000000000000e+00,0.0000000000000000e+00,0.0000000000000000e+00,0.0000000000000000e+00,0.0000000000000000e+00,0.0000000000000000e+00,0.0000000000000000e+00,1.3333333333333330e+00,2.8343620425296299e+03,2.1463657367073900e-07,0.0000000000000000e+00,0.0000000000000000e+00,0.0000000000000000e+00,0.0000000000000000e+00,0.0000000000000000e+00,0.0000000000000000e+00,0.0000000000000000e+00,0.0000000000000000e+00,
6.0000000000000000e+00,2.0325000000000000e+02,1.5707963267948966e+00,3.1415926535897931e+00,5.0000000000000000e-01,3.1415926535897931e+00,6.2831853071795862e+00,-9.1418839131461775e+18,1.0000000000000000e+00,2.0325020500194663e+02,2.0325020500194663e+02,1.0000000000000000e+00,4.1310666666633042e+04,4.1310666666633042e+04,4.1310666666633042e+04,1.0000000000000000e+00,0.0000000000000000e+00,0.0000000000000000e+00,0.0000000000000000e+00,1.0000000000000000e+00,0.0000000000000000e+00,0.0000000000000000e+00,0.0000000000000000e+00,0.0000000000000000e+00,0.0000000000000000e+00,0.0000000000000000e+00,2.5990532198413610e+07,-1.1493899040112773e+17,0.0000000000000000e+00,0.0000000000000000e+00,2.2869972116536687e+26,0.0000000000000000e+00,2.5990532198413610e+07,-4.2192818798901884e+04,0.0000000000000000e+00,0.0000000000000000e+00,4.6192512205629718e+24,0.0000000000000000e+00,1.5397504068543237e+24,0.0000000000000000e+00,0.0000000000000000e+00,0.0000000000000000e+00,1.7772816500338234e+17,0.0000000000000000e+00,0.0000000000000000e+00,0.0000000000000000e+00,0.0000000000000000e+00,0.0000000000000000e+00,0.0000000000000000e+00,0.0000000000000000e+00,1.3333333333333330e+00,2.8105211837081538e+03,1.9388640520439088e-07,0.0000000000000000e+00,0.0000000000000000e+00,0.0000000000000000e+00,0.0000000000000000e+00,0.0000000000000000e+00,0.0000000000000000e+00,0.0000000000000000e+00,0.0000000000000000e+00,
7.0000000000000000e+00,2.1025000000000000e+02,1.5707963267948966e+00,3.1415926535897931e+00,5.0000000000000000e-01,3.1415926535897931e+00,6.2831853071795862e+00,-8.8375170830163743e+18,1.0000000000000000e+00,2.1025019817668027e+02,2.1025019817668027e+02,1.0000000000000000e+00,4.4205166666635247e+04,4.4205166666635247e+04,4.4205166666635247e+04,1.0000000000000000e+00,0.0000000000000000e+00,0.0000000000000000e+00,0.0000000000000000e+00,1.0000000000000000e+00,0.0000000000000000e+00,0.0000000000000000e+00,0.0000000000000000e+00,0.0000000000000000e+00,0.0000000000000000e+00,0.0000000000000000e+00,2.4577868219354369e+07,-1.0741291234337651e+17,0.0000000000000000e+00,0.0000000000000000e+00,2.0829697884738330e+26,0.0000000000000000e+00,2.4577868219354369e+07,-4.1474873833169389e+04,0.0000000000000000e+00,0.0000000000000000e+00,4.2875608166338438e+24,0.0000000000000000e+00,1.4291869388779477e+24,0.0000000000000000e+00,0.0000000000000000e+00,0.0000000000000000e+00,1.7444797810324470e+17,0.0000000000000000e+00,0.0000000000000000e+00,0.0000000000000000e+00,0.0000000000000000e+00,0.0000000000000000e+00,0.0000000000000000e+00,0.0000000000000000e+00,1.3333333333333330e+00,2.7844646272370123e+03,1.7332006493075158e-07,0.0000000000000000e+00,0.0000000000000000e+00,0.0000000000000000e+00,0.0000000000000000e+00,0.0000000000000000e+00,0.0000000000000000e+00,0.0000000000000000e+00,0.0000000000000000e+00,
7.0000000000000000e+00,2.1825000000000000e+02,1.5707963267948966e+00,3.1415926535897931e+00,5.0000000000000000e-01,3.1415926535897931e+00,6.2831853071795862e+00,-8.5135763103103764e+18,1.0000000000000000e+00,2.1825019091247856e+02,2.1825019091247856e+02,1.0000000000000000e+00,4.7633166666637509e+04,4.7633166666637509e+04,4.7633166666637509e+04,1.0000000000000000e+00,0.0000000000000000e+00,0.0000000000000000e+00,0.0000000000000000e+00,1.0000000000000000e+00,0.0000000000000000e+00,0.0000000000000000e+00,0.0000000000000000e+00,0.0000000000000000e+00,0.0000000000000000e+00,0.0000000000000000e+00,2.3443877087755237e+07,-9.9682750074930128e+16,0.0000000000000000e+00,0.0000000000000000e+00,1.9247702898631791e+26,0.0000000000000000e+00,2.3443877087755237e+07,-4.0697035299931500e+04,0.0000000000000000e+00,0.0000000000000000e+00,4.0258468861223960e+24,0.0000000000000000e+00,1.3419489620407982e+24,0.0000000000000000e+00,0.0000000000000000e+00,0.0000000000000000e+00,1.7172269064514842e+17,0.0000000000000000e+00,0.0000000000000000e+00,0.0000000000000000e+00,0.0000000000000000e+00,0.0000000000000000e+00,0.0000000000000000e+00,0.0000000000000000e+00,1.3333333333333330e+00,2.7626290719828939e+03,1.5764508065472934e-07,0.0000000000000000e+00,0.0000000000000000e+00,0.0000000000000000e+00,0.0000000000000000e+00,0.0000000000000000e+00,0.0000000000000000e+00,0.0000000000000000e+00,0.0000000000000000e+00,

24,61
8.0000000000000000e+00,4.7750000000000000e+01,1.5707963267948966e+00,3.1415926535897931e+00,5.0000000000000000e-01,3.1415926535897931e+00,6.2831853071795862e+00,-3.8912499783945421e+19,1.0000000000000000e+00,4.7750872592376005e+01,4.7750872592376005e+01,1.0000000000000000e+00,2.2801666660575274e+03,2.2801666660575274e+03,2.2801666660575274e+03,1.0000000000000000e+00,0.0000000000000000e+00,0.0000000000000000e+00,0.0000000000000000e+00,1.0000000000000000e+00,0.0000000000000000e+00,0.0000000000000000e+00,0.0000000000000000e+00,0.0000000000000000e+00,0.0000000000000000e+00,0.0000000000000000e+00,1.6170569537738192e+10,-2.0824663168224791e+18,0.0000000000000000e+00,0.0000000000000000e+00,5.5995078958060031e+29,0.0000000000000000e+00,1.6170569537738192e+10,-1.8125202244664906e+03,0.0000000000000000e+00,0.0000000000000000e+00,5.5968518655883827e+29,0.0000000000000000e+00,1.8656172885294604e+29,0.0000000000000000e+00,0.0000000000000000e+00,0.0000000000000000e+00,3.4610008461761425e+19,0.0000000000000000e+00,0.0000000000000000e+00,0.0000000000000000e+00,0.0000000000000000e+00,0.0000000000000000e+00,0.0000000000000000e+00,0.0000000000000000e+00,1.3333333333333335e+00,3.9220117830083225e+04,9.3340785773754478e-05,0.0000000000000000e+00,0.0000000000000000e+00,0.0000000000000000e+00,0.0000000000000000e+00,0.0000000000000000e+00,0.0000000000000000e+00,0.0000000000000000e+00,0.0000000000000000e+00,
9.0000000000000000e+00,5.5750000000000000e+01,1.5707963267948966e+00,3.1415926535897931e+00,5.0000000000000000e-01,3.1415926535897931e+00,6.2831853071795862e+00,-3.3328724441605943e+19,1.0000000000000000e+00,5.5750747379145771e+01,5.5750747379145771e+01,1.0000000000000000e+00,3.1081666662198031e+03,3.1081666662198031e+03,3.1081666662198031e+03,1.0000000000000000e+00,0.0000000000000000e+00,0.0000000000000000e+00,0.0000000000000000e+00,1.0000000000000000e+00,0.0000000000000000e+00,0.0000000000000000e+00,0.0000000000000000e+00,0.0000000000000000e+00,0.0000000000000000e+00,0.0000000000000000e+00,9.3798224988747215e+09,-1.5276928679137692e+18,0.0000000000000000e+00,0.0000000000000000e+00,2.7097029967860188e+29,0.0000000000000000e+00,9.3798224988747215e+09,-2.1744394033987919e+03,0.0000000000000000e+00,0.0000000000000000e+00,2.7074856190541800e+29,0.0000000000000000e+00,9.0249520635139328e+28,0.0000000000000000e+00,0.0000000000000000e+00,0.0000000000000000e+00,2.8864220666465858e+19,0.0000000000000000e+00,0.0000000000000000e+00,0.0000000000000000e+00,0.0000000000000000e+00,0.0000000000000000e+00,0.0000000000000000e+00,0.0000000000000000e+00,1.3333333333333335e+00,3.5816914597272793e+04,4.7110297921907340e-05,0.0000000000000000e+00,0.0000000000000000e+00,0.0000000000000000e+00,0.0000000000000000e+00,0.0000000000000000e+00,0.0000000000000000e+00,0.0000000000000000e+00,0.0000000000000000e+00,
0.0000000000000000e+00,6.3750000000000000e+01,1.5707963267948966e+00,3.1415926535897931e+00,5.0000000000000000e-01,3.1415926535897931e+00,6.2831853071795862e+00,-2.9146342233615114e+19,1.0000000000000000e+00,6.3750653591420779e+01,6.3750653591420779e+01,1.0000000000000000e+00,4.0641666663249198e+03,4.0641666663249198e+03,4.0641666663249198e+03,1.0000000000000000e+00,0.0000000000000000e+00,0.0000000000000000e+00,0.0000000000000000e+00,1.0000000000000000e+00,0.0000000000000000e+00,0.0000000000000000e+00,0.0000000000000000e+00,0.0000000000000000e+00,0.0000000000000000e+00,0.0000000000000000e+00,5.9135521453972139e+09,-1.1683315404166551e+18,0.0000000000000000e+00,0.0000000000000000e+00,1.4655494341019458e+29,0.0000000000000000e+00,5.9135521453972139e+09,-2.5377044522383349e+03,0.0000000000000000e+00,0.0000000000000000e+00,1.4636453502543269e+29,0.0000000000000000e+00,4.8788178341810894e+28,0.0000000000000000e+00,0.0000000000000000e+00,0.0000000000000000e+00,2.4750204823942279e+19,0.0000000000000000e+00,0.0000000000000000e+00,0.0000000000000000e+00,0.0000000000000000e+00,0.0000000000000000e+00,0.0000000000000000e+00,0.0000000000000000e+00,1.3333333333333335e+00,3.3166357682385446e+04,2.9924955991237832e-05,0.0000000000000000e+00,0.0000000000000000e+00,0.0000000000000000e+00,0.0000000000000000e+00,0.0000000000000000e+00,0.0000000000000000e+00,0.0000000000000000e+00,0.0000000000000000e+00,
0.0000000000000000e+00,7.1750000000000000e+01,1.5707963267948966e+00,3.1415926535897931e+00,5.0000000000000000e-01,3.1415926535897931e+00,6.2831853071795862e+00,-2.5896603805218111e+19,1.0000000000000000e+00,7.1750580717742849e+01,7.1750580717742849e+01,1.0000000000000000e+00,5.1481666663968790e+03,5.1481666663968790e+03,5.1481666663968790e+03,1.0000000000000000e+00,0.0000000000000000e+00,0.0000000000000000e+00,0.0000000000000000e+00,1.0000000000000000e+00,0.0000000000000000e+00,0.0000000000000000e+00,0.0000000000000000e+00,0.0000000000000000e+00,0.0000000000000000e+00,0.0000000000000000e+00,3.9624863425774879e+09,-9.2232320919727168e+17,0.0000000000000000e+00,0.0000000000000000e+00,8.5987958818653109e+28,0.0000000000000000e+00,3.9624863425774879e+09,-2.9028136947623852e+03,0.0000000000000000e+00,0.0000000000000000e+00,8.5821017063219486e+28,0.0000000000000000e+00,2.8607005687739823e+28,0.0000000000000000e+00,0.0000000000000000e+00,0.0000000000000000e+00,2.1658044670470234e+19,0.0000000000000000e+00,0.0000000000000000e+00,0.0000000000000000e+00,0.0000000000000000e+00,0.0000000000000000e+00,0.0000000000000000e+00,0.0000000000000000e+00,1.3333333333333337e+00,3.1025449842317234e+04,2.0189460567908182e-05,0.0000000000000000e+00,0.0000000000000000e+00,0.0000000000000000e+00,0.0000000000000000e+00,0.0000000000000000e+00,0.0000000000000000e+00,0.0000000000000000e+00,0.0000000000000000e+00,
1.0000000000000000e+01,7.9750000000000000e+01,1.5707963267948966e+00,3.1415926535897931e+00,5.0000000000000000e-01,3.1415926535897931e+00,6.2831853071795862e+00,-2.3298843334782087e+19,1.0000000000000000e+00,7.9750522464328299e+01,7.9750522464328299e+01,1.0000000000000000e+00,6.3601666664482909e+03,6.3601666664482909e+03,6.3601666664482909e+03,1.0000000000000000e+00,0.0000000000000000e+00,0.0000000000000000e+00,0.0000000000000000e+00,1.0000000000000000e+00,0.0000000000000000e+00,0.0000000000000000e+00,0.0000000000000000e+00,0.0000000000000000e+00,0.0000000000000000e+00,0.0000000000000000e+00,2.7813850415801754e+09,-7.4656203265916134e+17,0.0000000000000000e+00,0.0000000000000000e+00,5.3685303019600403e+28,0.0000000000000000e+00,2.7813850415801754e+09,-3.2703594325948884e+03,0.0000000000000000e+00,0.0000000000000000e+00,5.3536568002271814e+28,0.0000000000000000e+00,1.7845522667423937e+28,0.0000000000000000e+00,0.0000000000000000e+00,0.0000000000000000e+00,1.9247935135696896e+19,0.0000000000000000e+00,0.0000000000000000e+00,0.0000000000000000e+00,0.0000000000000000e+00,0.0000000000000000e+00,0.0000000000000000e+00,0.0000000000000000e+00,1.3333333333333335e+00,2.9248297718556627e+04,1.4267041157405335e-05,0.0000000000000000e+00,0.0000000000000000e+00,0.0000000000000000e+00,0.0000000000000000e+00,0.0000000000000000e+00,0.0000000000000000e+00,0.0000000000000000e+00,0.0000000000000000e+00,
1.0000000000000000e+00,8.7750000000000000e+01,1.5707963267948966e+00,3.1415926535897931e+00,5.0000000000000000e-01,3.1415926535897931e+00,6.2831853071795862e+00,-2.1174744332096106e+19,1.0000000000000000e+00,8.7750474832523466e+01,8.7750474832523466e+01,1.0000000000000000e+00,7.7001666664862951e+03,7.7001666664862951e+03,7.7001666664862951e+03,1.0000000000000000e+00,0.0000000000000000e+00,0.0000000000000000e+00,0.0000000000000000e+00,1.0000000000000000e+00,0.0000000000000000e+00,0.0000000000000000e+00,0.0000000000000000e+00,0.0000000000000000e+00,0.0000000000000000e+00,0.0000000000000000e+00,2.0249590129499762e+09,-6.1664225381305229e+17,0.0000000000000000e+00,0.0000000000000000e+00,3.5197840185422419e+28,0.0000000000000000e+00,2.0249590129499762e+09,-3.6410391184332743e+03,0.0000000000000000e+00,0.0000000000000000e+00,3.5063616337780507e+28,0.0000000000000000e+00,1.1687872112593500e+28,0.0000000000000000e+00,0.0000000000000000e+00,0.0000000000000000e+00,1.7315545566850249e+19,0.0000000000000000e+00,0.0000000000000000e+00,0.0000000000000000e+00,0.0000000000000000e+00,0.0000000000000000e+00,0.0000000000000000e+00,0.0000000000000000e+00,1.3333333333333333e+00,2.7741289977724067e+04,1.0459588652960136e-05,0.0000000000000000e+00,0.0000000000000000e+00,0.0000000000000000e+00,0.0000000000000000e+00,0.0000000000000000e+00,0.0000000000000000e+00,0.0000000000000000e+00,0.0000000000000000e+00,
1.0000000000000000e+00,9.5750000000000000e+01,1.5707963267948966e+00,3.1415926535897931e+00,5.0000000000000000e-01,3.1415926535897931e+00,6.2831853071795862e+00,-1.9405583499862483e+19,1.0000000000000000e+00,9.5750435160020729e+01,9.5750435160020729e+01,1.0000000000000000e+00,9.1681666665151752e+03,9.1681666665151752e+03,9.1681666665151752e+03,1.0000000000000000e+00,0.0000000000000000e+00,0.0000000000000000e+00,0.0000000000000000e+00,1.0000000000000000e+00,0.0000000000000000e+00,0.0000000000000000e+00,0.0000000000000000e+00,0.0000000000000000e+00,0.0000000000000000e+00,0.0000000000000000e+00,1.5182512819880438e+09,-5.1790505916885434e+17,0.0000000000000000e+00,0.0000000000000000e+00,2.4005626731689368e+28,0.0000000000000000e+00,1.5182512819880438e+09,-4.0156708728024860e+03,0.0000000000000000e+00,0.0000000000000000e+00,2.3883214779265276e+28,0.0000000000000000e+00,7.9610715930884252e+27,0.0000000000000000e+00,0.0000000000000000e+00,0.0000000000000000e+00,1.5730609844320121e+19,0.0000000000000000e+00,0.0000000000000000e+00,0.0000000000000000e+00,0.0000000000000000e+00,0.0000000000000000e+00,0.0000000000000000e+00,0.0000000000000000e+00,1.3333333333333335e+00,2.6441212843723672e+04,7.9014458483646084e-06,0.0000000000000000e+00,0.0000000000000000e+00,0.0000000000000000e+00,0.0000000000000000e+00,0.0000000000000000e+00,0.0000000000000000e+00,0.0000000000000000e+00,0.0000000000000000e+00,
1.1000000000000000e+01,1.0375000000000000e+02,1.5707963267948966e+00,3.1415926535897931e+00,5.0000000000000000e-01,3.1415926535897931e+00,6.2831853071795862e+00,-1.7909255384632539e+19,1.0000000000000000e+00,1.0375040160564841e+02,1.0375040160564841e+02,1.0000000000000000e+00,1.0764166666537636e+04,1.0764166666537636e+04,1.0764166666537636e+04,1.0000000000000000e+00,0.0000000000000000e+00,0.0000000000000000e+00,0.0000000000000000e+00,1.0000000000000000e+00,0.0000000000000000e+00,0.0000000000000000e+00,0.0000000000000000e+00,0.0000000000000000e+00,0.0000000000000000e+00,0.0000000000000000e+00,1.1661361919185252e+09,-4.4111482549667360e+17,0.0000000000000000e+00,0.0000000000000000e+00,1.6912272731895515e+28,0.0000000000000000e+00,1.1661361919185252e+09,-4.3952146815453325e+03,0.0000000000000000e+00,0.0000000000000000e+00,1.6799637487618327e+28,0.0000000000000000e+00,5.5998791625394410e+27,0.0000000000000000e+00,0.0000000000000000e+00,0.0000000000000000e+00,1.4406139447615230e+19,0.0000000000000000e+00,0.0000000000000000e+00,0.0000000000000000e+00,0.0000000000000000e+00,0.0000000000000000e+00,0.0000000000000000e+00,0.0000000000000000e+00,1.3333333333333333e+00,2.5303606325733796e+04,6.1196536018895283e-06,0.0000000000000000e+00,0.0000000000000000e+00,0.0000000000000000e+00,0.0000000000000000e+00,0.0000000000000000e+00,0.0000000000000000e+00,0.0000000000000000e+00,0.0000000000000000e+00,
2.0000000000000000e+00,1.1175000000000000e+02,1.5707963267948966e+00,3.1415926535897931e+00,5.0000000000000000e-01,3.1415926535897931e+00,6.2831853071795862e+00,-1.6627165482093445e+19,1.0000000000000000e+00,1.1175037285545552e+02,1.1175037285545552e+02,1.0000000000000000e+00,1.2488166666555449e+04,1.2488166666555449e+04,1.2488166666555449e+04,1.0000000000000000e+00,0.0000000000000000e+00,0.0000000000000000e+00,0.0000000000000000e+00,1.0000000000000000e+00,0.0000000000000000e+00,0.0000000000000000e+00,0.0000000000000000e+00,0.0000000000000000e+00,0.0000000000000000e+00,0.0000000000000000e+00,9.1385598050985360e+08,-3.8021821399454048e+17,0.0000000000000000e+00,0.0000000000000000e+00,1.2242168433164855e+28,0.0000000000000000e+00,9.1385598050985360e+08,-4.7808012490341016e+03,0.0000000000000000e+00,0.0000000000000000e+00,1.2137733769168206e+28,0.0000000000000000e+00,4.0459112563894008e+27,0.0000000000000000e+00,0.0000000000000000e+00,0.0000000000000000e+00,1.3281809592217772e+19,0.0000000000000000e+00,0.0000000000000000e+00,0.0000000000000000e+00,0.0000000000000000e+00,0.0000000000000000e+00,0.0000000000000000e+00,0.0000000000000000e+00,1.3333333333333335e+00,2.4296138667335559e+04,4.8408808216671116e-06,0.0000000000000000e+00,0.0000000000000000e+00,0.0000000000000000e+00,0.0000000000000000e+00,0.0000000000000000e+00,0.0000000000000000e+00,0.0000000000000000e+00,0.0000000000000000e+00,
2.0000000000000000e+00,1.1975000000000000e+02,1.5707963267948966e+00,3.1415926535897931e+00,5.0000000000000000e-01,3.1415926535897931e+00,6.2831853071795862e+00,-1.5516376976668170e+19,1.0000000000000000e+00,1.1975034794660654e+02,1.1975034794660654e+02,1.0000000000000000e+00,1.4340166666569812e+04,1.4340166666569812e+04,1.4340166666569812e+04,1.0000000000000000e+00,0.0000000000000000e+00,0.0000000000000000e+00,0.0000000000000000e+00,1.0000000000000000e+00,0.0000000000000000e+00,0.0000000000000000e+00,0.0000000000000000e+00,0.0000000000000000e+00,0.0000000000000000e+00,0.0000000000000000e+00,7.2836728283338094e+08,-3.3111360867602957e+17,0.0000000000000000e+00,0.0000000000000000e+00,9.0669706635313814e+27,0.0000000000000000e+00,7.2836728283338094e+08,-5.1737714330698936e+03,0.0000000000000000e+00,0.0000000000000000e+00,8.9694871925650802e+27,0.0000000000000000e+00,2.9898290641883599e+27,0.0000000000000000e+00,0.0000000000000000e+00,0.0000000000000000e+00,1.2314447114056292e+19,0.0000000000000000e+00,0.0000000000000000e+00,0.0000000000000000e+00,0.0000000000000000e+00,0.0000000000000000e+00,0.0000000000000000e+00,0.0000000000000000e+00,1.3333333333333335e+00,2.3394625934345804e+04,3.8996568255311994e-06,0.0000000000000000e+00,0.0000000000000000e+00,0.0000000000000000e+00,0.0000000000000000e+00,0.0000000000000000e+00,0.0000000000000000e+00,0.0000000000000000e+00,0.0000000000000000e+00,
1.2000000000000000e+01,1.2775000000000000e+02,1.5707963267948966e+00,3.1415926535897931e+00,5.0000000000000000e-01,3.1415926535897931e+00,6.2831853071795862e+00,-1.4544708183647087e+19,1.0000000000000000e+00,1.2775032615744405e+02,1.2775032615744405e+02,1.0000000000000000e+00,1.6320166666581566e+04,1.6320166666581566e+04,1.6320166666581566e+04,1.0000000000000000e+00,0.0000000000000000e+00,0.0000000000000000e+00,0.0000000000000000e+00,1.0000000000000000e+00,0.0000000000000000e+00,0.0000000000000000e+00,0.0000000000000000e+00,0.0000000000000000e+00,0.0000000000000000e+00,0.0000000000000000e+00,5.8892263681025088e+08,-2.9094194216011891e+17,0.0000000000000000e+00,0.0000000000000000e+00,6.8478789774936797e+27,0.0000000000000000e+00,5.8892263681025088e+08,-5.5757306866760728e+03,0.0000000000000000e+00,0.0000000000000000e+00,6.7563353053390507e+27,0.0000000000000000e+00,2.2521117684463496e+27,0.0000000000000000e+00,0.0000000000000000e+00,0.0000000000000000e+00,1.1472311902395582e+19,0.0000000000000000e+00,0.0000000000000000e+00,0.0000000000000000e+00,0.0000000000000000e+00,0.0000000000000000e+00,0.0000000000000000e+00,0.0000000000000000e+00,1.3333333333333335e+00,2.2580529958903302e+04,3.1918244459787268e-06,0.0000000000000000e+00,0.0000000000000000e+00,0.0000000000000000e+00,0.0000000000000000e+00,0.0000000000000000e+00,0.0000000000000000e+00,0.0000000000000000e+00,0.0000000000000000e+00,
3.0000000000000000e+00,1.3475000000000000e+02,1.5707963267948966e+00,3.1415926535897931e+00,5.0000000000000000e-01,3.1415926535897931e+00,6.2831853071795862e+00,-1.3789140708684859e+19,1.0000000000000000e+00,1.3475030921424013e+02,1.3475030921424013e+02,1.0000000000000000e+00,1.8157666666590179e+04,1.8157666666590179e+04,1.8157666666590179e+04,1.0000000000000000e+00,0.0000000000000000e+00,0.0000000000000000e+00,0.0000000000000000e+00,1.0000000000000000e+00,0.0000000000000000e+00,0.0000000000000000e+00,0.0000000000000000e+00,0.0000000000000000e+00,0.0000000000000000e+00,0.0000000000000000e+00,4.8204567220437562e+08,-2.6149937764561104e+17,0.0000000000000000e+00,0.0000000000000000e+00,5.2595400944707241e+27,0.0000000000000000e+00,4.8204567220437562e+08,-5.9886253812080449e+03,0.0000000000000000e+00,0.0000000000000000e+00,5.1731011759483709e+27,0.0000000000000000e+00,1.7243670586494569e+27,0.0000000000000000e+00,0.0000000000000000e+00,0.0000000000000000e+00,1.0731514017435619e+19,0.0000000000000000e+00,0.0000000000000000e+00,0.0000000000000000e+00,0.0000000000000000e+00,0.0000000000000000e+00,0.0000000000000000e+00,0.0000000000000000e+00,1.3333333333333335e+00,2.1839322677091292e+04,2.6496167992301804e-06,0.0000000000000000e+00,0.0000000000000000e+00,0.0000000000000000e+00,0.0000000000000000e+00,0.0000000000000000e+00,0.0000000000000000e+00,0.0000000000000000e+00,0.0000000000000000e+00,
3.0000000000000000e+00,1.4275000000000000e+02,1.5707963267948966e+00,3.1415926535897931e+00,5.0000000000000000e-01,3.1415926535897931e+00,6.2831853071795862e+00,-1.3016370877423342e+19,1.0000000000000000e+00,1.4275029188528239e+02,1.4275029188528239e+02,1.0000000000000000e+00,2.0377666666598510e+04,2.0377666666598510e+04,2.0377666666598510e+04,1.0000000000000000e+00,0.0000000000000000e+00,0.0000000000000000e+00,0.0000000000000000e+00,1.0000000000000000e+00,0.0000000000000000e+00,0.0000000000000000e+00,0.0000000000000000e+00,0.0000000000000000e+00,0.0000000000000000e+00,0.0000000000000000e+00,4.0808177877515239e+08,-2.3301078756713805e+17,0.0000000000000000e+00,0.0000000000000000e+00,4.2253741289565732e+27,0.0000000000000000e+00,4.0808177877515239e+08,-6.3607488320787106e+03,0.0000000000000000e+00,0.0000000000000000e+00,4.1428215245285033e+27,0.0000000000000000e+00,1.3809405081761670e+27,0.0000000000000000e+00,0.0000000000000000e+00,0.0000000000000000e+00,1.0151901301801300e+19,0.0000000000000000e+00,0.0000000000000000e+00,0.0000000000000000e+00,0.0000000000000000e+00,0.0000000000000000e+00,0.0000000000000000e+00,0.0000000000000000e+00,1.3333333333333335e+00,2.1241362291092395e+04,2.2750208596215233e-06,0.0000000000000000e+00,0.0000000000000000e+00,0.0000000000000000e+00,0.0000000000000000e+00,0.0000000000000000e+00,0.0000000000000000e+00,0.0000000000000000e+00,0.0000000000000000e+00,
1.4000000000000000e+01,1.4975000000000000e+02,1.5707963267948966e+00,3.1415926535897931e+00,5.0000000000000000e-01,3.1415926535897931e+00,6.2831853071795862e+00,-1.2407927320185881e+19,1.0000000000000000e+00,1.4975027824125510e+02,1.4975027824125510e+02,1.0000000000000000e+00,2.2425166666604735e+04,2.2425166666604735e+04,2.2425166666604735e+04,1.0000000000000000e+00,0.0000000000000000e+00,0.0000000000000000e+00,0.0000000000000000e+00,1.0000000000000000e+00,0.0000000000000000e+00,0.0000000000000000e+00,0.0000000000000000e+00,0.0000000000000000e+00,0.0000000000000000e+00,0.0000000000000000e+00,3.4022222927954555e+08,-2.1173596863103386e+17,0.0000000000000000e+00,0.0000000000000000e+00,3.3294329121709498e+27,0.0000000000000000e+00,3.4022222927954555e+08,-6.8010814880347079e+03,0.0000000000000000e+00,0.0000000000000000e+00,3.2507490004099076e+27,0.0000000000000000e+00,1.0835830001366357e+27,0.0000000000000000e+00,0.0000000000000000e+00,0.0000000000000000e+00,9.5547485512047288e+18,0.0000000000000000e+00,0.0000000000000000e+00,0.0000000000000000e+00,0.0000000000000000e+00,0.0000000000000000e+00,0.0000000000000000e+00,0.0000000000000000e+00,1.3333333333333335e+00,2.0607167922966353e+04,8.4521112307133039e-01,0.0000000000000000e+00,0.0000000000000000e+00,0.0000000000000000e+00,0.0000000000000000e+00,0.0000000000000000e+00,0.0000000000000000e+00,0.0000000000000000e+00,0.0000000000000000e+00,
4.0000000000000000e+00,1.5775000000000000e+02,1.5707963267948966e+00,3.1415926535897931e+00,5.0000000000000000e-01,3.1415926535897931e+00,6.2831853071795862e+00,-1.1778683276327653e+19,1.0000000000000000e+00,1.5775026413078783e+02,1.5775026413078783e+02,1.0000000000000000e+00,2.4885166666610850e+04,2.4885166666610850e+04,2.4885166666610850e+04,1.0000000000000000e+00,0.0000000000000000e+00,0.0000000000000000e+00,0.0000000000000000e+00,1.0000000000000000e+00,0.0000000000000000e+00,0.0000000000000000e+00,0.0000000000000000e+00,0.0000000000000000e+00,0.0000000000000000e+00,0.0000000000000000e+00,4.2778701124889873e+07,-1.9080493633930586e+17,0.0000000000000000e+00,0.0000000000000000e+00,5.2603710755758090e+26,0.0000000000000000e+00,4.2778701124889873e+07,-4.7969983671196991e+04,0.0000000000000000e+00,0.0000000000000000e+00,8.9768798537226344e+24,0.0000000000000000e+00,2.9922932845742106e+24,0.0000000000000000e+00,0.0000000000000000e+00,0.0000000000000000e+00,2.0984311094033907e+17,0.0000000000000000e+00,0.0000000000000000e+00,0.0000000000000000e+00,0.0000000000000000e+00,0.0000000000000000e+00,0.0000000000000000e+00,0.0000000000000000e+00,1.3333333333333335e+00,3.0539081409297632e+03,8.4440198291837132e-01,0.0000000000000000e+00,0.0000000000000000e+00,0.0000000000000000e+00,0.0000000000000000e+00,0.0000000000000000e+00,0.0000000000000000e+00,0.0000000000000000e+00,0.0000000000000000e+00,
4.0000000000000000e+00,1.6475000000000000e+02,1.5707963267948966e+00,3.1415926535897931e+00,5.0000000000000000e-01,3.1415926535897931e+00,6.2831853071795862e+00,-1.1278224074170665e+19,1.0000000000000000e+00,1.6475025290825306e+02,1.6475025290825306e+02,1.0000000000000000e+00,2.7142666666615496e+04,2.7142666666615496e+04,2.7142666666615496e+04,1.0000000000000000e+00,0.0000000000000000e+00,0.0000000000000000e+00,0.0000000000000000e+00,1.0000000000000000e+00,0.0000000000000000e+00,0.0000000000000000e+00,0.0000000000000000e+00,0.0000000000000000e+00,0.0000000000000000e+00,0.0000000000000000e+00,3.9588261582385652e+07,-1.7493532884851862e+17,0.0000000000000000e+00,0.0000000000000000e+00,4.6212640350061357e+26,0.0000000000000000e+00,3.9588261582385652e+07,-4.6927558870642155e+04,0.0000000000000000e+00,0.0000000000000000e+00,8.0954315419108243e+24,0.0000000000000000e+00,2.6984771806369414e+24,0.0000000000000000e+00,0.0000000000000000e+00,0.0000000000000000e+00,2.0449057896186131e+17,0.0000000000000000e+00,0.0000000000000000e+00,0.0000000000000000e+00,0.0000000000000000e+00,0.0000000000000000e+00,0.0000000000000000e+00,0.0000000000000000e+00,1.3333333333333335e+00,3.0147088926282677e+03,4.5077326531229739e-07,0.0000000000000000e+00,0.0000000000000000e+00,0.0000000000000000e+00,0.0000000000000000e+00,0.0000000000000000e+00,0.0000000000000000e+00,0.0000000000000000e+00,0.0000000000000000e+00,
1.3000000000000000e+01,1.7275000000000000e+02,1.5707963267948966e+00,3.1415926535897931e+00,5.0000000000000000e-01,3.1415926535897931e+00,6.2831853071795862e+00,-1.0755933691768605e+19,1.0000000000000000e+00,1.7275024119616540e+02,1.7275024119616540e+02,1.0000000000000000e+00,2.9842666666620127e+04,2.9842666666620127e+04,2.9842666666620127e+04,1.0000000000000000e+00,0.0000000000000000e+00,0.0000000000000000e+00,0.0000000000000000e+00,1.0000000000000000e+00,0.0000000000000000e+00,0.0000000000000000e+00,0.0000000000000000e+00,0.0000000000000000e+00,0.0000000000000000e+00,0.0000000000000000e+00,3.7109343339612156e+07,-1.5910810026662077e+17,0.0000000000000000e+00,0.0000000000000000e+00,4.1478605445540759e+26,0.0000000000000000e+00,3.7109343339612156e+07,-4.5814680354007694e+04,0.0000000000000000e+00,0.0000000000000000e+00,7.4266981691813924e+24,0.0000000000000000e+00,2.4755660563937966e+24,0.0000000000000000e+00,0.0000000000000000e+00,0.0000000000000000e+00,2.0013002887894243e+17,0.0000000000000000e+00,0.0000000000000000e+00,0.0000000000000000e+00,0.0000000000000000e+00,0.0000000000000000e+00,0.0000000000000000e+00,0.0000000000000000e+00,1.3333333333333335e+00,2.9823929200396510e+03,3.9598962535273528e-07,0.0000000000000000e+00,0.0000000000000000e+00,0.0000000000000000e+00,0.0000000000000000e+00,0.0000000000000000e+00,0.0000000000000000e+00,0.0000000000000000e+00,0.0000000000000000e+00,
5.0000000000000000e+00,1.7975000000000000e+02,1.5707963267948966e+00,3.1415926535897931e+00,5.0000000000000000e-01,3.1415926535897931e+00,6.2831853071795862e+00,-1.0337066171434613e+19,1.0000000000000000e+00,1.7975023180328122e+02,1.7975023180328122e+02,1.0000000000000000e+00,3.2310166666623689e+04,3.2310166666623689e+04,3.2310166666623689e+04,1.0000000000000000e+00,0.0000000000000000e+00,0.0000000000000000e+00,0.0000000000000000e+00,1.0000000000000000e+00,0.0000000000000000e+00,0.0000000000000000e+00,0.0000000000000000e+00,0.0000000000000000e+00,0.0000000000000000e+00,0.0000000000000000e+00,3.4579002714241631e+07,-1.4695711837785382e+17,0.0000000000000000e+00,0.0000000000000000e+00,3.6860335874101068e+26,0.0000000000000000e+00,3.4579002714241631e+07,-4.4902491365775939e+04,0.0000000000000000e+00,0.0000000000000000e+00,6.7592942287241892e+24,0.0000000000000000e+00,2.2530980762413959e+24,0.0000000000000000e+00,0.0000000000000000e+00,0.0000000000000000e+00,1.9547384854379962e+17,0.0000000000000000e+00,0.0000000000000000e+00,0.0000000000000000e+00,0.0000000000000000e+00,0.0000000000000000e+00,0.0000000000000000e+00,0.0000000000000000e+00,1.3333333333333335e+00,2.9474949072401769e+03,3.4372488265079229e-07,0.0000000000000000e+00,0.0000000000000000e+00,0.0000000000000000e+00,0.0000000000000000e+00,0.0000000000000000e+00,0.0000000000000000e+00,0.0000000000000000e+00,0.0000000000000000e+00,
5.0000000000000000e+00,1.8775000000000000e+02,1.5707963267948966e+00,3.1415926535897931e+00,5.0000000000000000e-01,3.1415926535897931e+00,6.2831853071795862e+00,-9.8966058281787617e+18,1.0000000000000000e+00,1.8775022192618925e+02,1.8775022192618925e+02,1.0000000000000000e+00,3.5250166666627265e+04,3.5250166666627265e+04,3.5250166666627265e+04,1.0000000000000000e+00,0.0000000000000000e+00,0.0000000000000000e+00,0.0000000000000000e+00,1.0000000000000000e+00,0.0000000000000000e+00,0.0000000000000000e+00,0.0000000000000000e+00,0.0000000000000000e+00,0.0000000000000000e+00,0.0000000000000000e+00,3.2592532814781252e+07,-1.3470029833163478e+17,0.0000000000000000e+00,0.0000000000000000e+00,3.3389473219083407e+26,0.0000000000000000e+00,3.2592532814781252e+07,-4.3923106154617701e+04,0.0000000000000000e+00,0.0000000000000000e+00,6.2465785236067650e+24,0.0000000000000000e+00,2.0821928412022544e+24,0.0000000000000000e+00,0.0000000000000000e+00,0.0000000000000000e+00,1.9165664664768323e+17,0.0000000000000000e+00,0.0000000000000000e+00,0.0000000000000000e+00,0.0000000000000000e+00,0.0000000000000000e+00,0.0000000000000000e+00,0.0000000000000000e+00,1.3333333333333335e+00,2.9185737691323443e+03,3.0528241879652265e-07,0.0000000000000000e+00,0.0000000000000000e+00,0.0000000000000000e+00,0.0000000000000000e+00,0.0000000000000000e+00,0.0000000000000000e+00,0.0000000000000000e+00,0.0000000000000000e+00,
1.5000000000000000e+01,1.9475000000000000e+02,1.5707963267948966e+00,3.1415926535897931e+00,5.0000000000000000e-01,3.1415926535897931e+00,6.2831853071795862e+00,-9.5408874031591485e+18,1.0000000000000000e+00,1.9475021394939040e+02,1.9475021394939040e+02,1.0000000000000000e+00,3.7927666666630052e+04,3.7927666666630052e+04,3.7927666666630052e+04,1.0000000000000000e+00,0.0000000000000000e+00,0.0000000000000000e+00,0.0000000000000000e+00,1.0000000000000000e+00,0.0000000000000000e+00,0.0000000000000000e+00,0.0000000000000000e+00,0.0000000000000000e+00,0.0000000000000000e+00,0.0000000000000000e+00,3.0545714970463090e+07,-1.2519112276373141e+17,0.0000000000000000e+00,0.0000000000000000e+00,2.9958655344264150e+26,0.0000000000000000e+00,3.0545714970463090e+07,-4.3116121594989228e+04,0.0000000000000000e+00,0.0000000000000000e+00,5.7290828598749960e+24,0.0000000000000000e+00,1.9096942866249983e+24,0.0000000000000000e+00,0.0000000000000000e+00,0.0000000000000000e+00,1.8755757923298925e+17,0.0000000000000000e+00,0.0000000000000000e+00,0.0000000000000000e+00,0.0000000000000000e+00,0.0000000000000000e+00,0.0000000000000000e+00,0.0000000000000000e+00,1.3333333333333337e+00,2.8871945044859021e+03,2.6805451319392574e-07,0.0000000000000000e+00,0.0000000000000000e+00,0.0000000000000000e+00,0.0000000000000000e+00,0.0000000000000000e+00,0.0000000000000000e+00,0.0000000000000000e+00,0.0000000000000000e+00,
6.0000000000000000e+00,2.0275000000000000e+02,1.5707963267948966e+00,3.1415926535897931e+00,5.0000000000000000e-01,3.1415926535897931e+00,6.2831853071795862e+00,-9.1644286102073733e+18,1.0000000000000000e+00,2.0275020550749966e+02,2.0275020550749966e+02,1.0000000000000000e+00,4.1107666666632889e+04,4.1107666666632889e+04,4.1107666666632889e+04,1.0000000000000000e+00,0.0000000000000000e+00,0.0000000000000000e+00,0.0000000000000000e+00,1.0000000000000000e+00,0.0000000000000000e+00,0.0000000000000000e+00,0.0000000000000000e+00,0.0000000000000000e+00,0.0000000000000000e+00,0.0000000000000000e+00,2.8924822661205068e+07,-1.1550658920308674e+17,0.0000000000000000e+00,0.0000000000000000e+00,2.7348620839432742e+26,0.0000000000000000e+00,2.8924822661205068e+07,-4.2245518568297637e+04,0.0000000000000000e+00,0.0000000000000000e+00,5.3273632191080159e+24,0.0000000000000000e+00,1.7757877397026715e+24,0.0000000000000000e+00,0.0000000000000000e+00,0.0000000000000000e+00,1.8417955806833165e+17,0.0000000000000000e+00,0.0000000000000000e+00,0.0000000000000000e+00,0.0000000000000000e+00,0.0000000000000000e+00,0.0000000000000000e+00,0.0000000000000000e+00,1.3333333333333335e+00,2.8610763462827463e+03,2.4028954772510545e-07,0.0000000000000000e+00,0.0000000000000000e+00,0.0000000000000000e+00,0.0000000000000000e+00,0.0000000000000000e+00,0.0000000000000000e+00,0.0000000000000000e+00,0.0000000000000000e+00,
6.0000000000000000e+00,2.0975000000000000e+02,1.5707963267948966e+00,3.1415926535897931e+00,5.0000000000000000e-01,3.1415926535897931e+00,6.2831853071795862e+00,-8.8585838499369052e+18,1.0000000000000000e+00,2.0975019864909146e+02,2.0975019864909146e+02,1.0000000000000000e+00,4.3995166666635101e+04,4.3995166666635101e+04,4.3995166666635101e+04,1.0000000000000000e+00,0.0000000000000000e+00,0.0000000000000000e+00,0.0000000000000000e+00,1.0000000000000000e+00,0.0000000000000000e+00,0.0000000000000000e+00,0.0000000000000000e+00,0.0000000000000000e+00,0.0000000000000000e+00,0.0000000000000000e+00,2.7241352867252707e+07,-1.0792562217099987e+17,0.0000000000000000e+00,0.0000000000000000e+00,2.4739813573659897e+26,0.0000000000000000e+00,2.7241352867252707e+07,-4.1524960961393845e+04,0.0000000000000000e+00,0.0000000000000000e+00,4.9180120443310969e+24,0.0000000000000000e+00,1.6393373481103652e+24,0.0000000000000000e+00,0.0000000000000000e+00,0.0000000000000000e+00,1.8053472692603930e+17,0.0000000000000000e+00,0.0000000000000000e+00,0.0000000000000000e+00,0.0000000000000000e+00,0.0000000000000000e+00,0.0000000000000000e+00,0.0000000000000000e+00,1.3333333333333333e+00,2.8326251764994231e+03,2.1305887322760717e-07,0.0000000000000000e+00,0.0000000000000000e+00,0.0000000000000000e+00,0.0000000000000000e+00,0.0000000000000000e+00,0.0000000000000000e+00,0.0000000000000000e+00,0.0000000000000000e+00,
7.0000000000000000e+00,2.1775000000000000e+02,1.5707963267948966e+00,3.1415926535897931e+00,5.0000000000000000e-01,3.1415926535897931e+00,6.2831853071795862e+00,-8.5331252628647946e+18,1.0000000000000000e+00,2.1775019135085353e+02,2.1775019135085353e+02,1.0000000000000000e+00,4.7415166666637379e+04,4.7415166666637379e+04,4.7415166666637379e+04,1.0000000000000000e+00,0.0000000000000000e+00,0.0000000000000000e+00,0.0000000000000000e+00,1.0000000000000000e+00,0.0000000000000000e+00,0.0000000000000000e+00,0.0000000000000000e+00,0.0000000000000000e+00,0.0000000000000000e+00,0.0000000000000000e+00,2.5898300368832577e+07,-1.0014106076403227e+17,0.0000000000000000e+00,0.0000000000000000e+00,2.2734436369018682e+26,0.0000000000000000e+00,2.5898300368832577e+07,-4.0744391076818290e+04,0.0000000000000000e+00,0.0000000000000000e+00,4.5974078862903995e+24,0.0000000000000000e+00,1.5324692954301332e+24,0.0000000000000000e+00,0.0000000000000000e+00,0.0000000000000000e+00,1.7751768304208544e+17,0.0000000000000000e+00,0.0000000000000000e+00,0.0000000000000000e+00,0.0000000000000000e+00,0.0000000000000000e+00,0.0000000000000000e+00,0.0000000000000000e+00,1.3333333333333335e+00,2.8088564526534474e+03,1.9250846747581043e-07,0.0000000000000000e+00,0.0000000000000000e+00,0.0000000000000000e+00,0.0000000000000000e+00,0.0000000000000000e+00,0.0000000000000000e+00,0.0000000000000000e+00,0.0000000000000000e+00,
7.0000000000000000e+00,2.2475000000000000e+02,1.5707963267948966e+00,3.1415926535897931e+00,5.0000000000000000e-01,3.1415926535897931e+00,6.2831853071795862e+00,-8.2673551770957681e+18,1.0000000000000000e+00,2.2475018539109894e+02,2.2475018539109894e+02,1.0000000000000000e+00,5.0512666666639176e+04,5.0512666666639176e+04,5.0512666666639176e+04,1.0000000000000000e+00,0.0000000000000000e+00,0.0000000000000000e+00,0.0000000000000000e+00,1.0000000000000000e+00,0.0000000000000000e+00,0.0000000000000000e+00,0.0000000000000000e+00,0.0000000000000000e+00,0.0000000000000000e+00,0.0000000000000000e+00,2.4493852276082247e+07,-9.4000275334990544e+16,0.0000000000000000e+00,0.0000000000000000e+00,2.0710773996232719e+26,0.0000000000000000e+00,2.4493852276082247e+07,-4.0095861973138119e+04,0.0000000000000000e+00,0.0000000000000000e+00,4.2680300660798132e+24,0.0000000000000000e+00,1.4226766886932707e+24,0.0000000000000000e+00,0.0000000000000000e+00,0.0000000000000000e+00,1.7424897607209171e+17,0.0000000000000000e+00,0.0000000000000000e+00,0.0000000000000000e+00,0.0000000000000000e+00,0.0000000000000000e+00,0.0000000000000000e+00,0.0000000000000000e+00,1.3333333333333335e+00,2.7828759812150133e+03,1.7213323998126783e-07,0.0000000000000000e+00,0.0000000000000000e+00,0.0000000000000000e+00,0.0000000000000000e+00,0.0000000000000000e+00,0.0000000000000000e+00,0.0000000000000000e+00,0.0000000000000000e+00,

