1
1
61
0
(25 0
((0) (31) (0))
((32) (63) (0))
((64) (95) (0))
((96) (127) (0))
((128) (159) (0))
((160) (191) (0))
((192) (223) (0))
((224) (255) (0))
((256) (287) (0))
((288) (319) (0))
((320) (349) (0))
((350) (379) (0))
((380) (409) (0))
((410) (439) (0))
((440) (469) (0))
((470) (499) (0))
((500) (529) (0))
((530) (559) (0))
((560) (589) (0))
((590) (619) (0))
((620) (649) (0))
((650) (679) (0))
((680) (709) (0))
((710) (739) (0))
((740) (769) (0))
)
25
FabOnDisk: Cell_D_00000 0
FabOnDisk: Cell_D_00000 15692
FabOnDisk: Cell_D_00000 31385
FabOnDisk: Cell_D_00000 47078
FabOnDisk: Cell_D_00000 62772
FabOnDisk: Cell_D_00000 78467
FabOnDisk: Cell_D_00000 94162
FabOnDisk: Cell_D_00000 109857
FabOnDisk: Cell_D_00000 125552
FabOnDisk: Cell_D_00000 141247
FabOnDisk: Cell_D_00000 156942
FabOnDisk: Cell_D_00000 171661
FabOnDisk: Cell_D_00000 186380
FabOnDisk: Cell_D_00000 201099
FabOnDisk: Cell_D_00000 215818
FabOnDisk: Cell_D_00000 230537
FabOnDisk: Cell_D_00000 245256
FabOnDisk: Cell_D_00000 259975
FabOnDisk: Cell_D_00000 274694
FabOnDisk: Cell_D_00000 289413
FabOnDisk: Cell_D_00000 304132
FabOnDisk: Cell_D_00000 318851
FabOnDisk: Cell_D_00000 333570
FabOnDisk: Cell_D_00000 348289
FabOnDisk: Cell_D_00000 363008

25,61
0.0000000000000000e+00,3.0499999999999998e+00,1.5707963267948966e+00,3.1415926535897931e+00,1.0000000000000001e-01,3.1415926535897931e+00,6.2831853071795862e+00,0.0000000000000000e+00,1.7853442282701302e+00,8.5862301200879845e+00,8.5862301200879845e+00,3.1874717970919457e+00,7.3723591061440331e+01,7.3723591061440331e+01,1.9474912855124418e+02,1.9196692857724007e-01,0.0000000000000000e+00,0.0000000000000000e+00,0.0000000000000000e+00,1.3361668077414557e+00,0.0000000000000000e+00,0.0000000000000000e+00,0.0000000000000000e+00,0.0000000000000000e+00,0.0000000000000000e+00,0.0000000000000000e+00,3.0365455672914053e+12,-4.9318083599070459e+21,0.0000000000000000e+00,0.0000000000000000e+00,2.0733897314161430e+33,0.0000000000000000e+00,3.0365444156132690e+12,-1.4628107335494315e+02,0.0000000000000000e+00,0.0000000000000000e+00,2.0733865997138949e+33,0.0000000000000000e+00,6.9112886657129815e+32,0.0000000000000000e+00,0.0000000000000000e+00,0.0000000000000000e+00,6.8270880446189103e+20,0.0000000000000000e+00,0.0000000000000000e+00,0.0000000000000000e+00,0.0000000000000000e+00,0.0000000000000000e+00,0.0000000000000000e+00,0.0000000000000000e+00,1.3333333333333330e+00,1.2277798359799355e+05,5.9073343414648566e-04,0.0000000000000000e+00,0.0000000000000000e+00,0.0000000000000000e+00,0.0000000000000000e+00,0.0000000000000000e+00,0.0000000000000000e+00,0.0000000000000000e+00,0.0000000000000000e+00,
0.0000000000000000e+00,6.2500000000000000e+00,1.5707963267948966e+00,3.1415926535897931e+00,1.0000000000000001e-01,3.1415926535897931e+00,6.2831853071795862e+00,0.0000000000000000e+00,1.4911168524337233e+00,1.1068744888156919e+01,1.1068744888156919e+01,2.2234322474430130e+00,1.2251777433796664e+02,1.2251777433796664e+02,2.1697651078188503e+02,5.0287107897658445e-01,0.0000000000000000e+00,0.0000000000000000e+00,0.0000000000000000e+00,1.2211127656271068e+00,0.0000000000000000e+00,0.0000000000000000e+00,0.0000000000000000e+00,0.0000000000000000e+00,0.0000000000000000e+00,0.0000000000000000e+00,5.3485941117194141e+11,-2.7144670645427673e+20,0.0000000000000000e+00,0.0000000000000000e+00,2.0470812106629792e+32,0.0000000000000000e+00,5.3485788556860095e+11,-4.8023394245276535e+02,0.0000000000000000e+00,0.0000000000000000e+00,2.0470519295295934e+32,0.0000000000000000e+00,6.8235064317653093e+31,0.0000000000000000e+00,0.0000000000000000e+00,0.0000000000000000e+00,3.8271015261102906e+20,0.0000000000000000e+00,0.0000000000000000e+00,0.0000000000000000e+00,0.0000000000000000e+00,0.0000000000000000e+00,0.0000000000000000e+00,0.0000000000000000e+00,1.3333333333333330e+00,1.0416033090077205e+05,1.0809050368493662e-04,0.0000000000000000e+00,0.0000000000000000e+00,0.0000000000000000e+00,0.0000000000000000e+00,0.0000000000000000e+00,0.0000000000000000e+00,0.0000000000000000e+00,0.0000000000000000e+00,
0.0000000000000000e+00,9.4499999999999993e+00,1.5707963267948966e+00,3.1415926535897931e+00,1.0000000000000001e-01,3.1415926535897931e+00,6.2831853071795862e+00,0.0000000000000000e+00,1.3566034480146010e+00,1.4037178426107197e+01,1.4037178426107197e+01,1.8403736943096694e+00,1.9704313363413132e+02,1.9704313363413132e+02,2.9268816817823915e+02,6.4099526698287779e-01,0.0000000000000000e+00,0.0000000000000000e+00,0.0000000000000000e+00,1.1647331473057427e+00,0.0000000000000000e+00,0.0000000000000000e+00,0.0000000000000000e+00,0.0000000000000000e+00,0.0000000000000000e+00,0.0000000000000000e+00,1.7932757397444580e+11,-8.7120565642270589e+19,0.0000000000000000e+00,0.0000000000000000e+00,4.7681711708849695e+31,0.0000000000000000e+00,1.7932595527598206e+11,-9.3897455644331717e+02,0.0000000000000000e+00,0.0000000000000000e+00,4.7679109226391366e+31,0.0000000000000000e+00,1.5893036408797121e+31,0.0000000000000000e+00,0.0000000000000000e+00,0.0000000000000000e+00,2.6587352700331983e+20,0.0000000000000000e+00,0.0000000000000000e+00,0.0000000000000000e+00,0.0000000000000000e+00,0.0000000000000000e+00,0.0000000000000000e+00,0.0000000000000000e+00,1.3333333333333330e+00,9.2054925893614462e+04,3.6813548634107086e-05,0.0000000000000000e+00,0.0000000000000000e+00,0.0000000000000000e+00,0.0000000000000000e+00,0.0000000000000000e+00,0.0000000000000000e+00,0.0000000000000000e+00,0.0000000000000000e+00,
0.0000000000000000e+00,1.2650000000000000e+01,1.5707963267948966e+00,3.1415926535897931e+00,1.0000000000000001e-01,3.1415926535897931e+00,6.2831853071795862e+00,0.0000000000000000e+00,1.2797572246054449e+00,1.7122759027391243e+01,1.7122759027391243e+01,1.6377788502357262e+00,2.9318966611729405e+02,2.9318966611729405e+02,3.9685237413364439e+02,7.1905370139777525e-01,0.0000000000000000e+00,0.0000000000000000e+00,0.0000000000000000e+00,1.1312635266474114e+00,0.0000000000000000e+00,0.0000000000000000e+00,0.0000000000000000e+00,0.0000000000000000e+00,0.0000000000000000e+00,0.0000000000000000e+00,8.0626514912592636e+10,-4.2398217625230352e+19,0.0000000000000000e+00,0.0000000000000000e+00,1.6424337276071797e+31,0.0000000000000000e+00,8.0624916696511581e+10,-1.4749990223798065e+03,0.0000000000000000e+00,0.0000000000000000e+00,1.6422032760886279e+31,0.0000000000000000e+00,5.4740109202954241e+30,0.0000000000000000e+00,0.0000000000000000e+00,0.0000000000000000e+00,2.0368161607693504e+20,0.0000000000000000e+00,0.0000000000000000e+00,0.0000000000000000e+00,0.0000000000000000e+00,0.0000000000000000e+00,0.0000000000000000e+00,0.0000000000000000e+00,1.3333333333333330e+00,8.3377861568490305e+04,1.6696752365215448e-05,0.0000000000000000e+00,0.0000000000000000e+00,0.0000000000000000e+00,0.0000000000000000e+00,0.0000000000000000e+00,0.0000000000000000e+00,0.0000000000000000e+00,0.0000000000000000e+00,
0.0000000000000000e+00,1.5850000000000000e+01,1.5707963267948966e+00,3.1415926535897931e+00,1.0000000000000001e-01,3.1415926535897931e+00,6.2831853071795862e+00,0.0000000000000000e+00,1.2300976507343393e+00,2.0254536483554471e+01,2.0254536483554471e+01,1.5131403662470901e+00,4.1024705337882392e+02,4.1024705337882392e+02,5.2424759881695377e+02,7.6922993494994585e-01,0.0000000000000000e+00,0.0000000000000000e+00,0.0000000000000000e+00,1.1090976616663455e+00,0.0000000000000000e+00,0.0000000000000000e+00,0.0000000000000000e+00,0.0000000000000000e+00,0.0000000000000000e+00,0.0000000000000000e+00,4.2908656519899590e+10,-2.4995852386619654e+19,0.0000000000000000e+00,0.0000000000000000e+00,7.0843231501341822e+30,0.0000000000000000e+00,4.2907122131869621e+10,-2.0610653191164097e+03,0.0000000000000000e+00,0.0000000000000000e+00,7.0822686769180056e+30,0.0000000000000000e+00,2.3607562256393346e+30,0.0000000000000000e+00,0.0000000000000000e+00,0.0000000000000000e+00,1.6505899543992569e+20,0.0000000000000000e+00,0.0000000000000000e+00,0.0000000000000000e+00,0.0000000000000000e+00,0.0000000000000000e+00,0.0000000000000000e+00,0.0000000000000000e+00,1.3333333333333330e+00,7.6765492949028761e+04,8.9377087044391648e-06,0.0000000000000000e+00,0.0000000000000000e+00,0.0000000000000000e+00,0.0000000000000000e+00,0.0000000000000000e+00,0.0000000000000000e+00,0.0000000000000000e+00,0.0000000000000000e+00,
0.0000000000000000e+00,1.9050000000000001e+01,1.5707963267948966e+00,3.1415926535897931e+00,1.0000000000000001e-01,3.1415926535897931e+00,6.2831853071795862e+00,0.0000000000000000e+00,1.1953844669453368e+00,2.3409231915563723e+01,2.3409231915563723e+01,1.4289440945670411e+00,5.4799295269310915e+02,5.4799295269310915e+02,6.7338839883060677e+02,8.0419936085899979e-01,0.0000000000000000e+00,0.0000000000000000e+00,0.0000000000000000e+00,1.0933363856326739e+00,0.0000000000000000e+00,0.0000000000000000e+00,0.0000000000000000e+00,0.0000000000000000e+00,0.0000000000000000e+00,0.0000000000000000e+00,2.5480731115260384e+10,-1.6463458921491091e+19,0.0000000000000000e+00,0.0000000000000000e+00,3.5367865486324798e+30,0.0000000000000000e+00,2.5479274725414665e+10,-2.6813762600198793e+03,0.0000000000000000e+00,0.0000000000000000e+00,3.5349387065738880e+30,0.0000000000000000e+00,1.1783129021912956e+30,0.0000000000000000e+00,0.0000000000000000e+00,0.0000000000000000e+00,1.3873694528011472e+20,0.0000000000000000e+00,0.0000000000000000e+00,0.0000000000000000e+00,0.0000000000000000e+00,0.0000000000000000e+00,0.0000000000000000e+00,0.0000000000000000e+00,1.3333333333333330e+00,7.1509420996382134e+04,5.3312574350946584e-06,0.0000000000000000e+00,0.0000000000000000e+00,0.0000000000000000e+00,0.0000000000000000e+00,0.0000000000000000e+00,0.0000000000000000e+00,0.0000000000000000e+00,0.0000000000000000e+00,
0.0000000000000000e+00,2.2250000000000000e+01,1.5707963267948966e+00,3.1415926535897931e+00,1.0000000000000001e-01,3.1415926535897931e+00,6.2831853071795862e+00,0.0000000000000000e+00,1.1697596853079018e+00,2.6576957749289775e+01,2.6576957749289775e+01,1.3683377617283121e+00,7.0633550221126552e+02,7.0633550221126552e+02,8.4369429996078873e+02,8.2996532537718271e-01,0.0000000000000000e+00,0.0000000000000000e+00,0.0000000000000000e+00,1.0815542874414321e+00,0.0000000000000000e+00,0.0000000000000000e+00,0.0000000000000000e+00,0.0000000000000000e+00,0.0000000000000000e+00,0.0000000000000000e+00,1.6341679726645744e+10,-1.1656679557036782e+19,0.0000000000000000e+00,0.0000000000000000e+00,1.9566708053026589e+30,0.0000000000000000e+00,1.6340303152660212e+10,-3.3264692085303132e+03,0.0000000000000000e+00,0.0000000000000000e+00,1.9549942900827586e+30,0.0000000000000000e+00,6.5166476336091944e+29,0.0000000000000000e+00,0.0000000000000000e+00,0.0000000000000000e+00,1.1964191979451844e+20,0.0000000000000000e+00,0.0000000000000000e+00,0.0000000000000000e+00,0.0000000000000000e+00,0.0000000000000000e+00,0.0000000000000000e+00,0.0000000000000000e+00,1.3333333333333330e+00,6.7200297677906579e+04,3.4323272033466993e-06,0.0000000000000000e+00,0.0000000000000000e+00,0.0000000000000000e+00,0.0000000000000000e+00,0.0000000000000000e+00,0.0000000000000000e+00,0.0000000000000000e+00,0.0000000000000000e+00,
0.0000000000000000e+00,2.5449999999999999e+01,1.5707963267948966e+00,3.1415926535897931e+00,1.0000000000000001e-01,3.1415926535897931e+00,6.2831853071795862e+00,0.0000000000000000e+00,1.1500704177636047e+00,2.9752799090356962e+01,2.9752799090356962e+01,1.3226619904770525e+00,8.8522987608049732e+02,8.8522987608049732e+02,1.0348923612109204e+03,8.4973864396607790e-01,0.0000000000000000e+00,0.0000000000000000e+00,0.0000000000000000e+00,1.0724133589258500e+00,0.0000000000000000e+00,0.0000000000000000e+00,0.0000000000000000e+00,0.0000000000000000e+00,0.0000000000000000e+00,0.0000000000000000e+00,1.1094816541785217e+10,-8.6844697140790016e+18,0.0000000000000000e+00,0.0000000000000000e+00,1.1680491778458987e+30,0.0000000000000000e+00,1.1093516416887743e+10,-3.9905491511950904e+03,0.0000000000000000e+00,0.0000000000000000e+00,1.1665159614116768e+30,0.0000000000000000e+00,3.8883865380389213e+29,0.0000000000000000e+00,0.0000000000000000e+00,0.0000000000000000e+00,1.0515257153105442e+20,0.0000000000000000e+00,0.0000000000000000e+00,0.0000000000000000e+00,0.0000000000000000e+00,0.0000000000000000e+00,0.0000000000000000e+00,0.0000000000000000e+00,1.3333333333333330e+00,6.3582879382863794e+04,2.3389069773474228e-06,0.0000000000000000e+00,0.0000000000000000e+00,0.0000000000000000e+00,0.0000000000000000e+00,0.0000000000000000e+00,0.0000000000000000e+00,0.0000000000000000e+00,0.0000000000000000e+00,
0.0000000000000000e+00,2.8649999999999999e+01,1.5707963267948966e+00,3.1415926535897931e+00,1.0000000000000001e-01,3.1415926535897931e+00,6.2831853071795862e+00,0.0000000000000000e+00,1.1344699883667553e+00,3.2934036768121572e+01,3.2934036768121572e+01,1.2870221704103855e+00,1.0846516025196102e+03,1.0846516025196102e+03,1.2468374974879739e+03,8.6539217660871759e-01,0.0000000000000000e+00,0.0000000000000000e+00,0.0000000000000000e+00,1.0651150101569826e+00,0.0000000000000000e+00,0.0000000000000000e+00,0.0000000000000000e+00,0.0000000000000000e+00,0.0000000000000000e+00,0.0000000000000000e+00,7.8700721210406103e+09,-6.7194526697113754e+18,0.0000000000000000e+00,0.0000000000000000e+00,7.3933794731514508e+29,0.0000000000000000e+00,7.8688430664133472e+09,-4.6700685811109352e+03,0.0000000000000000e+00,0.0000000000000000e+00,7.3792577628659278e+29,0.0000000000000000e+00,2.4597525876219755e+29,0.0000000000000000e+00,0.0000000000000000e+00,0.0000000000000000e+00,9.3777910942146675e+19,0.0000000000000000e+00,0.0000000000000000e+00,0.0000000000000000e+00,0.0000000000000000e+00,0.0000000000000000e+00,0.0000000000000000e+00,0.0000000000000000e+00,1.3333333333333330e+00,6.0488624585645215e+04,1.6654194015547042e-06,0.0000000000000000e+00,0.0000000000000000e+00,0.0000000000000000e+00,0.0000000000000000e+00,0.0000000000000000e+00,0.0000000000000000e+00,0.0000000000000000e+00,0.0000000000000000e+00,
0.0000000000000000e+00,3.1850000000000001e+01,1.5707963267948966e+00,3.1415926535897931e+00,1.0000000000000001e-01,3.1415926535897931e+00,6.2831853071795862e+00,0.0000000000000000e+00,1.1218053444695033e+00,3.6119044348701216e+01,3.6119044348701216e+01,1.2584472415920400e+00,1.3045861909878145e+03,1.3045861909878145e+03,1.4794455152286996e+03,8.7809198912235475e-01,0.0000000000000000e+00,0.0000000000000000e+00,0.0000000000000000e+00,1.0591531249457522e+00,0.0000000000000000e+00,0.0000000000000000e+00,0.0000000000000000e+00,0.0000000000000000e+00,0.0000000000000000e+00,0.0000000000000000e+00,5.7798917035335388e+09,-5.3530776441132247e+18,0.0000000000000000e+00,0.0000000000000000e+00,4.9023254021449520e+29,0.0000000000000000e+00,5.7787277621403236e+09,-5.3629416885428718e+03,0.0000000000000000e+00,0.0000000000000000e+00,4.8892359681767070e+29,0.0000000000000000e+00,1.6297453227255688e+29,0.0000000000000000e+00,0.0000000000000000e+00,0.0000000000000000e+00,8.4607282562416411e+19,0.0000000000000000e+00,0.0000000000000000e+00,0.0000000000000000e+00,0.0000000000000000e+00,0.0000000000000000e+00,0.0000000000000000e+00,0.0000000000000000e+00,1.3333333333333330e+00,5.7801138611133909e+04,1.2281752694032350e-06,0.0000000000000000e+00,0.0000000000000000e+00,0.0000000000000000e+00,0.0000000000000000e+00,0.0000000000000000e+00,0.0000000000000000e+00,0.0000000000000000e+00,0.0000000000000000e+00,
0.0000000000000000e+00,3.5049999999999997e+01,1.5707963267948966e+00,3.1415926535897931e+00,1.0000000000000001e-01,3.1415926535897931e+00,6.2831853071795862e+00,0.0000000000000000e+00,1.1119217274193078e+00,3.9306789331464209e+01,3.9306789331464209e+01,1.2363699355447308e+00,1.5450245150916890e+03,1.5450245150916890e+03,1.7326642207445620e+03,8.8860202754952589e-01,0.0000000000000000e+00,0.0000000000000000e+00,0.0000000000000000e+00,1.0544769915470442e+00,0.0000000000000000e+00,0.0000000000000000e+00,0.0000000000000000e+00,0.0000000000000000e+00,0.0000000000000000e+00,0.0000000000000000e+00,4.4400423771355753e+09,-4.3647457913250729e+18,0.0000000000000000e+00,0.0000000000000000e+00,3.4518128838363260e+29,0.0000000000000000e+00,4.4389341232505379e+09,-6.0236721064133581e+03,0.0000000000000000e+00,0.0000000000000000e+00,3.4395596431869212e+29,0.0000000000000000e+00,1.1465198810623068e+29,0.0000000000000000e+00,0.0000000000000000e+00,0.0000000000000000e+00,7.7486008139950555e+19,0.0000000000000000e+00,0.0000000000000000e+00,0.0000000000000000e+00,0.0000000000000000e+00,0.0000000000000000e+00,0.0000000000000000e+00,0.0000000000000000e+00,1.3333333333333330e+00,5.5576609254003481e+04,9.4756482637464270e-07,0.0000000000000000e+00,0.0000000000000000e+00,0.0000000000000000e+00,0.0000000000000000e+00,0.0000000000000000e+00,0.0000000000000000e+00,0.0000000000000000e+00,0.0000000000000000e+00,
0.0000000000000000e+00,3.8049999999999997e+01,1.5707963267948966e+00,3.1415926535897931e+00,1.0000000000000001e-01,3.1415926535897931e+00,6.2831853071795862e+00,0.0000000000000000e+00,1.1035208489302000e+00,4.2297172222147942e+01,4.2297172222147942e+01,1.2177582696146905e+00,1.7890516064092726e+03,1.7890516064092726e+03,1.9887449856322442e+03,8.9693241934828161e-01,0.0000000000000000e+00,0.0000000000000000e+00,0.0000000000000000e+00,1.0504860054582168e+00,0.0000000000000000e+00,0.0000000000000000e+00,0.0000000000000000e+00,0.0000000000000000e+00,0.0000000000000000e+00,0.0000000000000000e+00,3.4819653999188752e+09,-3.6672763044771717e+18,0.0000000000000000e+00,0.0000000000000000e+00,2.4987823470585285e+29,0.0000000000000000e+00,3.4809079309808416e+09,-6.6949062519796744e+03,0.0000000000000000e+00,0.0000000000000000e+00,2.4872601461743932e+29,0.0000000000000000e+00,8.2908671539146433e+28,0.0000000000000000e+00,0.0000000000000000e+00,0.0000000000000000e+00,7.1454229614666236e+19,0.0000000000000000e+00,0.0000000000000000e+00,0.0000000000000000e+00,0.0000000000000000e+00,0.0000000000000000e+00,0.0000000000000000e+00,0.0000000000000000e+00,1.3333333333333330e+00,5.3585116900745605e+04,7.4675078429033746e-07,0.0000000000000000e+00,0.0000000000000000e+00,0.0000000000000000e+00,0.0000000000000000e+00,0.0000000000000000e+00,0.0000000000000000e+00,0.0000000000000000e+00,0.0000000000000000e+00,
0.0000000000000000e+00,4.1049999999999997e+01,1.5707963267948966e+00,3.1415926535897931e+00,1.0000000000000001e-01,3.1415926535897931e+00,6.2831853071795862e+00,0.0000000000000000e+00,1.0962924768236910e+00,4.5288960708952821e+01,4.5288960708952821e+01,1.2018571989264246e+00,2.0510907912074140e+03,2.0510907912074140e+03,2.2628913041056594e+03,9.0410359681474928e-01,0.0000000000000000e+00,0.0000000000000000e+00,0.0000000000000000e+00,1.0470398635529905e+00,0.0000000000000000e+00,0.0000000000000000e+00,0.0000000000000000e+00,0.0000000000000000e+00,0.0000000000000000e+00,0.0000000000000000e+00,2.7787605917132802e+09,-3.1245472853092116e+18,0.0000000000000000e+00,0.0000000000000000e+00,1.8518852075184911e+29,0.0000000000000000e+00,2.7777493623038020e+09,-7.3768281474779360e+03,0.0000000000000000e+00,0.0000000000000000e+00,1.8410058685271595e+29,0.0000000000000000e+00,6.1366862284238627e+28,0.0000000000000000e+00,0.0000000000000000e+00,0.0000000000000000e+00,6.6276792209600094e+19,0.0000000000000000e+00,0.0000000000000000e+00,0.0000000000000000e+00,0.0000000000000000e+00,0.0000000000000000e+00,0.0000000000000000e+00,0.0000000000000000e+00,1.3333333333333330e+00,5.1787416523274886e+04,5.9928439710338775e-07,0.0000000000000000e+00,0.0000000000000000e+00,0.0000000000000000e+00,0.0000000000000000e+00,0.0000000000000000e+00,0.0000000000000000e+00,0.0000000000000000e+00,0.0000000000000000e+00,
0.0000000000000000e+00,4.4049999999999997e+01,1.5707963267948966e+00,3.1415926535897931e+00,1.0000000000000001e-01,3.1415926535897931e+00,6.2831853071795862e+00,0.0000000000000000e+00,1.0900072505438658e+00,4.8281867622921681e+01,4.8281867622921681e+01,1.1881158094342670e+00,2.3311395708226642e+03,2.3311395708226642e+03,2.5550893289431478e+03,9.1034178519767084e-01,0.0000000000000000e+00,0.0000000000000000e+00,0.0000000000000000e+00,1.0440341229149690e+00,0.0000000000000000e+00,0.0000000000000000e+00,0.0000000000000000e+00,0.0000000000000000e+00,0.0000000000000000e+00,0.0000000000000000e+00,2.2509574037116871e+09,-2.6939531380188979e+18,0.0000000000000000e+00,0.0000000000000000e+00,1.4003855928054092e+29,0.0000000000000000e+00,2.2499882403990283e+09,-8.0700264320516671e+03,0.0000000000000000e+00,0.0000000000000000e+00,1.3900743925938738e+29,0.0000000000000000e+00,4.6335813086462442e+28,0.0000000000000000e+00,0.0000000000000000e+00,0.0000000000000000e+00,6.1781327686436413e+19,0.0000000000000000e+00,0.0000000000000000e+00,0.0000000000000000e+00,0.0000000000000000e+00,0.0000000000000000e+00,0.0000000000000000e+00,0.0000000000000000e+00,1.3333333333333330e+00,5.0152743552444736e+04,4.8857799948167576e-07,0.0000000000000000e+00,0.0000000000000000e+00,0.0000000000000000e+00,0.0000000000000000e+00,0.0000000000000000e+00,0.0000000000000000e+00,0.0000000000000000e+00,0.0000000000000000e+00,
0.0000000000000000e+00,4.7049999999999997e+01,1.5707963267948966e+00,3.1415926535897931e+00,1.0000000000000001e-01,3.1415926535897931e+00,6.2831853071795862e+00,0.0000000000000000e+00,1.0844919496700944e+00,5.1275679033948549e+01,5.1275679033948549e+01,1.1761227913813102e+00,2.6291960905102346e+03,2.6291960905102346e+03,2.8653288548063724e+03,9.1581794010656870e-01,0.0000000000000000e+00,0.0000000000000000e+00,0.0000000000000000e+00,1.0413894320079893e+00,0.0000000000000000e+00,0.0000000000000000e+00,0.0000000000000000e+00,0.0000000000000000e+00,0.0000000000000000e+00,0.0000000000000000e+00,1.8470554177823193e+09,-2.3466028166465956e+18,0.0000000000000000e+00,0.0000000000000000e+00,1.0775801619770664e+29,0.0000000000000000e+00,1.8461245024380782e+09,-8.7754674350931055e+03,0.0000000000000000e+00,0.0000000000000000e+00,1.0677731226716029e+29,0.0000000000000000e+00,3.5592437422386746e+28,0.0000000000000000e+00,0.0000000000000000e+00,0.0000000000000000e+00,5.7838564328978358e+19,0.0000000000000000e+00,0.0000000000000000e+00,0.0000000000000000e+00,0.0000000000000000e+00,0.0000000000000000e+00,0.0000000000000000e+00,0.0000000000000000e+00,1.3333333333333330e+00,4.8656566873487653e+04,4.0387017000533214e-07,0.0000000000000000e+00,0.0000000000000000e+00,0.0000000000000000e+00,0.0000000000000000e+00,0.0000000000000000e+00,0.0000000000000000e+00,0.0000000000000000e+00,0.0000000000000000e+00,
0.0000000000000000e+00,5.0049999999999997e+01,1.5707963267948966e+00,3.1415926535897931e+00,1.0000000000000001e-01,3.1415926535897931e+00,6.2831853071795862e+00,0.0000000000000000e+00,1.0796133126692311e+00,5.4270232301872056e+01,5.4270232301872056e+01,1.1655649068493728e+00,2.9452589445904855e+03,2.9452589445904855e+03,3.1936021952373062e+03,9.2066365475379230e-01,0.0000000000000000e+00,0.0000000000000000e+00,0.0000000000000000e+00,1.0390444226384739e+00,0.0000000000000000e+00,0.0000000000000000e+00,0.0000000000000000e+00,0.0000000000000000e+00,0.0000000000000000e+00,0.0000000000000000e+00,1.5326797285720530e+09,-2.0623441543098870e+18,0.0000000000000000e+00,0.0000000000000000e+00,8.4187726340226399e+28,0.0000000000000000e+00,1.5317835667443833e+09,-9.4944962091602902e+03,0.0000000000000000e+00,0.0000000000000000e+00,8.3251904267373569e+28,0.0000000000000000e+00,2.7750634755791175e+28,0.0000000000000000e+00,0.0000000000000000e+00,0.0000000000000000e+00,5.4349597014427492e+19,0.0000000000000000e+00,0.0000000000000000e+00,0.0000000000000000e+00,0.0000000000000000e+00,0.0000000000000000e+00,0.0000000000000000e+00,0.0000000000000000e+00,1.3333333333333330e+00,4.7279022203124521e+04,3.3797115672895980e-07,0.0000000000000000e+00,0.0000000000000000e+00,0.0000000000000000e+00,0.0000000000000000e+00,0.0000000000000000e+00,0.0000000000000000e+00,0.0000000000000000e+00,0.0000000000000000e+00,
0.0000000000000000e+00,5.3049999999999997e+01,1.5707963267948966e+00,3.1415926535897931e+00,1.0000000000000001e-01,3.1415926535897931e+00,6.2831853071795862e+00,0.0000000000000000e+00,1.0752671459094214e+00,5.7265401574643917e+01,5.7265401574643917e+01,1.1561994366355031e+00,3.2793270483086576e+03,3.2793270483086576e+03,3.5399034509343378e+03,9.2498187228100004e-01,0.0000000000000000e+00,0.0000000000000000e+00,0.0000000000000000e+00,1.0369508886856464e+00,0.0000000000000000e+00,0.0000000000000000e+00,0.0000000000000000e+00,0.0000000000000000e+00,0.0000000000000000e+00,0.0000000000000000e+00,1.2842872801311724e+09,-1.8267736308921516e+18,0.0000000000000000e+00,0.0000000000000000e+00,6.6655081978396596e+28,0.0000000000000000e+00,1.2834226632571421e+09,-1.0228863272311592e+04,0.0000000000000000e+00,0.0000000000000000e+00,6.5759304502748729e+28,0.0000000000000000e+00,2.1919768167582905e+28,0.0000000000000000e+00,0.0000000000000000e+00,0.0000000000000000e+00,5.1237402945458930e+19,0.0000000000000000e+00,0.0000000000000000e+00,0.0000000000000000e+00,0.0000000000000000e+00,0.0000000000000000e+00,0.0000000000000000e+00,0.0000000000000000e+00,1.3333333333333330e+00,4.6003792795328147e+04,2.8595491878472731e-07,0.0000000000000000e+00,0.0000000000000000e+00,0.0000000000000000e+00,0.0000000000000000e+00,0.0000000000000000e+00,0.0000000000000000e+00,0.0000000000000000e+00,0.0000000000000000e+00,
0.0000000000000000e+00,5.6049999999999997e+01,1.5707963267948966e+00,3.1415926535897931e+00,1.0000000000000001e-01,3.1415926535897931e+00,6.2831853071795862e+00,0.0000000000000000e+00,1.0713708097943104e+00,6.0261087943493735e+01,6.0261087943493735e+01,1.1478354133432775e+00,3.6313995512002975e+03,3.6313995512002975e+03,3.9042280190269644e+03,9.2885428028784822e-01,0.0000000000000000e+00,0.0000000000000000e+00,0.0000000000000000e+00,1.0350704369748809e+00,0.0000000000000000e+00,0.0000000000000000e+00,0.0000000000000000e+00,0.0000000000000000e+00,0.0000000000000000e+00,0.0000000000000000e+00,1.0853834189574244e+09,-1.6293751843285885e+18,0.0000000000000000e+00,0.0000000000000000e+00,5.3396646540900605e+28,0.0000000000000000e+00,1.0845473843481061e+09,-1.0980778679152367e+04,0.0000000000000000e+00,0.0000000000000000e+00,5.2536639567628878e+28,0.0000000000000000e+00,1.7512213189209625e+28,0.0000000000000000e+00,0.0000000000000000e+00,0.0000000000000000e+00,4.8441033067262353e+19,0.0000000000000000e+00,0.0000000000000000e+00,0.0000000000000000e+00,0.0000000000000000e+00,0.0000000000000000e+00,0.0000000000000000e+00,0.0000000000000000e+00,1.3333333333333330e+00,4.4817291007367057e+04,2.4436969665948537e-07,0.0000000000000000e+00,0.0000000000000000e+00,0.0000000000000000e+00,0.0000000000000000e+00,0.0000000000000000e+00,0.0000000000000000e+00,0.0000000000000000e+00,0.0000000000000000e+00,
0.0000000000000000e+00,5.9049999999999997e+01,1.5707963267948966e+00,3.1415926535897931e+00,1.0000000000000001e-01,3.1415926535897931e+00,6.2831853071795862e+00,0.0000000000000000e+00,1.0678579205772469e+00,6.3257212598966603e+01,6.3257212598966603e+01,1.1403205395725065e+00,4.0014757770819742e+03,4.0014757770819742e+03,4.2865722555866014e+03,9.3234652756116498e-01,0.0000000000000000e+00,0.0000000000000000e+00,0.0000000000000000e+00,1.0333721112626471e+00,0.0000000000000000e+00,0.0000000000000000e+00,0.0000000000000000e+00,0.0000000000000000e+00,0.0000000000000000e+00,0.0000000000000000e+00,9.2417607056148803e+08,-1.4623258971782500e+18,0.0000000000000000e+00,0.0000000000000000e+00,4.3221235720929147e+28,0.0000000000000000e+00,9.2336586089725435e+08,-1.1752999078697774e+04,0.0000000000000000e+00,0.0000000000000000e+00,4.2393178517402141e+28,0.0000000000000000e+00,1.4131059505800711e+28,0.0000000000000000e+00,0.0000000000000000e+00,0.0000000000000000e+00,4.5911537198029947e+19,0.0000000000000000e+00,0.0000000000000000e+00,0.0000000000000000e+00,0.0000000000000000e+00,0.0000000000000000e+00,0.0000000000000000e+00,0.0000000000000000e+00,1.3333333333333330e+00,4.3708045628688466e+04,2.1075140345799126e-07,0.0000000000000000e+00,0.0000000000000000e+00,0.0000000000000000e+00,0.0000000000000000e+00,0.0000000000000000e+00,0.0000000000000000e+00,0.0000000000000000e+00,0.0000000000000000e+00,
0.0000000000000000e+00,6.2049999999999997e+01,1.5707963267948966e+00,3.1415926535897931e+00,1.0000000000000001e-01,3.1415926535897931e+00,6.2831853071795862e+00,0.0000000000000000e+00,1.0646745414544163e+00,6.6253711972257236e+01,6.6253711972257236e+01,1.1335318800735439e+00,4.3895551815865265e+03,4.3895551815865265e+03,4.6869332383224937e+03,9.3551197628635130e-01,0.0000000000000000e+00,0.0000000000000000e+00,0.0000000000000000e+00,1.0318306747011683e+00,0.0000000000000000e+00,0.0000000000000000e+00,0.0000000000000000e+00,0.0000000000000000e+00,0.0000000000000000e+00,0.0000000000000000e+00,7.9208088411046398e+08,-1.3197088255916731e+18,0.0000000000000000e+00,0.0000000000000000e+00,3.5307158364071837e+28,0.0000000000000000e+00,7.9129390639246762e+08,-1.2548958670829388e+04,0.0000000000000000e+00,0.0000000000000000e+00,3.4507590852732932e+28,0.0000000000000000e+00,1.1502530284244305e+28,0.0000000000000000e+00,0.0000000000000000e+00,0.0000000000000000e+00,4.3609038523169456e+19,0.0000000000000000e+00,0.0000000000000000e+00,0.0000000000000000e+00,0.0000000000000000e+00,0.0000000000000000e+00,0.0000000000000000e+00,0.0000000000000000e+00,1.3333333333333328e+00,4.2666230996246515e+04,1.8331066272594113e-07,0.0000000000000000e+00,0.0000000000000000e+00,0.0000000000000000e+00,0.0000000000000000e+00,0.0000000000000000e+00,0.0000000000000000e+00,0.0000000000000000e+00,0.0000000000000000e+00,
0.0000000000000000e+00,6.5049999999999997e+01,1.5707963267948966e+00,3.1415926535897931e+00,1.0000000000000001e-01,3.1415926535897931e+00,6.2831853071795862e+00,0.0000000000000000e+00,1.0617763964824858e+00,6.9250534220947173e+01,6.9250534220947173e+01,1.1273691168369171e+00,4.7956373215368631e+03,4.7956373215368631e+03,5.1053085964084221e+03,9.3839444796583382e-01,0.0000000000000000e+00,0.0000000000000000e+00,0.0000000000000000e+00,1.0304253472791762e+00,0.0000000000000000e+00,0.0000000000000000e+00,0.0000000000000000e+00,0.0000000000000000e+00,0.0000000000000000e+00,0.0000000000000000e+00,6.8274498965318716e+08,-1.1969817405280361e+18,0.0000000000000000e+00,0.0000000000000000e+00,2.9076793893072330e+28,0.0000000000000000e+00,6.8197877274943769e+08,-1.3372962981078117e+04,0.0000000000000000e+00,0.0000000000000000e+00,2.8302535273265685e+28,0.0000000000000000e+00,9.4341784244218924e+27,0.0000000000000000e+00,0.0000000000000000e+00,0.0000000000000000e+00,4.1500582949722644e+19,0.0000000000000000e+00,0.0000000000000000e+00,0.0000000000000000e+00,0.0000000000000000e+00,0.0000000000000000e+00,0.0000000000000000e+00,0.0000000000000000e+00,1.3333333333333330e+00,4.1683292802180447e+04,1.6073330243402487e-07,0.0000000000000000e+00,0.0000000000000000e+00,0.0000000000000000e+00,0.0000000000000000e+00,0.0000000000000000e+00,0.0000000000000000e+00,0.0000000000000000e+00,0.0000000000000000e+00,
0.0000000000000000e+00,6.8049999999999997e+01,1.5707963267948966e+00,3.1415926535897931e+00,1.0000000000000001e-01,3.1415926535897931e+00,6.2831853071795862e+00,0.0000000000000000e+00,1.0591268006580445e+00,7.2247636644278600e+01,7.2247636644278600e+01,1.1217495804676252e+00,5.2197218324790447e+03,5.2197218324790447e+03,5.5416963862864559e+03,9.4103026442684479e-01,0.0000000000000000e+00,0.0000000000000000e+00,0.0000000000000000e+00,1.0291388635735634e+00,0.0000000000000000e+00,0.0000000000000000e+00,0.0000000000000000e+00,0.0000000000000000e+00,0.0000000000000000e+00,0.0000000000000000e+00,8.9910435130297750e+07,-1.0906109324320274e+18,0.0000000000000000e+00,0.0000000000000000e+00,4.8431610676171686e+27,0.0000000000000000e+00,8.4852192692091256e+07,-9.4101246489728306e+04,0.0000000000000000e+00,0.0000000000000000e+00,2.2371857361156546e+25,0.0000000000000000e+00,7.4572857870521807e+24,0.0000000000000000e+00,0.0000000000000000e+00,0.0000000000000000e+00,2.6365676814351373e+17,0.0000000000000000e+00,0.0000000000000000e+00,0.0000000000000000e+00,0.0000000000000000e+00,0.0000000000000000e+00,0.0000000000000000e+00,0.0000000000000000e+00,1.3333333333333330e+00,3.4224986218899408e+03,4.0389327163263953e-08,0.0000000000000000e+00,0.0000000000000000e+00,0.0000000000000000e+00,0.0000000000000000e+00,0.0000000000000000e+00,0.0000000000000000e+00,0.0000000000000000e+00,0.0000000000000000e+00,
0.0000000000000000e+00,7.1049999999999997e+01,1.5707963267948966e+00,3.1415926535897931e+00,1.0000000000000001e-01,3.1415926535897931e+00,6.2831853071795862e+00,0.0000000000000000e+00,1.0566951002434193e+00,7.5244983753231381e+01,7.5244983753231381e+01,1.1166045353818648e+00,5.6618084119464747e+03,5.6618084119464747e+03,5.9960949995823712e+03,9.4344978637535115e-01,0.0000000000000000e+00,0.0000000000000000e+00,0.0000000000000000e+00,1.0279567598514630e+00,0.0000000000000000e+00,0.0000000000000000e+00,0.0000000000000000e+00,0.0000000000000000e+00,0.0000000000000000e+00,0.0000000000000000e+00,8.4593162524885952e+07,-9.9781396653111974e+17,0.0000000000000000e+00,0.0000000000000000e+00,4.3663905910454144e+27,0.0000000000000000e+00,8.0022579613979101e+07,-9.3547378565075021e+04,0.0000000000000000e+00,0.0000000000000000e+00,2.0690358205187567e+25,0.0000000000000000e+00,6.8967860683958557e+24,0.0000000000000000e+00,0.0000000000000000e+00,0.0000000000000000e+00,2.5855647488146707e+17,0.0000000000000000e+00,0.0000000000000000e+00,0.0000000000000000e+00,0.0000000000000000e+00,0.0000000000000000e+00,0.0000000000000000e+00,0.0000000000000000e+00,1.3333333333333330e+00,3.3892466180278016e+03,3.5663159692835722e-08,0.0000000000000000e+00,0.0000000000000000e+00,0.0000000000000000e+00,0.0000000000000000e+00,0.0000000000000000e+00,0.0000000000000000e+00,0.0000000000000000e+00,0.0000000000000000e+00,
0.0000000000000000e+00,7.4049999999999997e+01,1.5707963267948966e+00,3.1415926535897931e+00,1.0000000000000001e-01,3.1415926535897931e+00,6.2831853071795862e+00,0.0000000000000000e+00,1.0544554824087462e+00,7.8242545809711942e+01,7.8242545809711942e+01,1.1118763648103338e+00,6.1218968068192517e+03,6.1218968068192517e+03,6.4685030938481441e+03,9.4567858811785888e-01,0.0000000000000000e+00,0.0000000000000000e+00,0.0000000000000000e+00,1.0268668279320157e+00,0.0000000000000000e+00,0.0000000000000000e+00,0.0000000000000000e+00,0.0000000000000000e+00,0.0000000000000000e+00,0.0000000000000000e+00,7.9780658626112714e+07,-9.1637585820236621e+17,0.0000000000000000e+00,0.0000000000000000e+00,3.9528555908010379e+27,0.0000000000000000e+00,7.5634374079300612e+07,-9.1941261607150518e+04,0.0000000000000000e+00,0.0000000000000000e+00,1.9191558051535577e+25,0.0000000000000000e+00,6.3971860171785264e+24,0.0000000000000000e+00,0.0000000000000000e+00,0.0000000000000000e+00,2.5374119202323498e+17,0.0000000000000000e+00,0.0000000000000000e+00,0.0000000000000000e+00,0.0000000000000000e+00,0.0000000000000000e+00,0.0000000000000000e+00,0.0000000000000000e+00,1.3333333333333330e+00,3.3575500940829038e+03,3.1647111443007963e-08,0.0000000000000000e+00,0.0000000000000000e+00,0.0000000000000000e+00,0.0000000000000000e+00,0.0000000000000000e+00,0.0000000000000000e+00,0.0000000000000000e+00,0.0000000000000000e+00,
0.0000000000000000e+00,7.7049999999999997e+01,1.5707963267948966e+00,3.1415926535897931e+00,1.0000000000000001e-01,3.1415926535897931e+00,6.2831853071795862e+00,0.0000000000000000e+00,1.0523860560515250e+00,8.1240297706999741e+01,8.1240297706999741e+01,1.1075164113386531e+00,6.5999868036554699e+03,6.5999868036554699e+03,6.9589195397926906e+03,9.4773836502240016e-01,0.0000000000000000e+00,0.0000000000000000e+00,0.0000000000000000e+00,1.0258586920060428e+00,0.0000000000000000e+00,0.0000000000000000e+00,0.0000000000000000e+00,0.0000000000000000e+00,0.0000000000000000e+00,0.0000000000000000e+00,7.5408255295247301e+07,-8.4451566118026906e+17,0.0000000000000000e+00,0.0000000000000000e+00,3.5921644896271706e+27,0.0000000000000000e+00,7.1633112823283702e+07,-9.0413230079253830e+04,0.0000000000000000e+00,0.0000000000000000e+00,1.7849924123200013e+25,0.0000000000000000e+00,5.9499747077333373e+24,0.0000000000000000e+00,0.0000000000000000e+00,0.0000000000000000e+00,2.4918535367044979e+17,0.0000000000000000e+00,0.0000000000000000e+00,0.0000000000000000e+00,0.0000000000000000e+00,0.0000000000000000e+00,0.0000000000000000e+00,0.0000000000000000e+00,1.3333333333333330e+00,3.3272829645521733e+03,2.8212475131738294e-08,0.0000000000000000e+00,0.0000000000000000e+00,0.0000000000000000e+00,0.0000000000000000e+00,0.0000000000000000e+00,0.0000000000000000e+00,0.0000000000000000e+00,0.0000000000000000e+00,

25,61
0.0000000000000000e+00,6.1500000000000004e+00,1.5707963267948966e+00,3.1415926535897931e+00,1.0000000000000001e-01,3.1415926535897931e+00,6.2831853071795862e+00,0.0000000000000000e+00,2.8154683000710801e+00,1.0979863914309675e+01,1.0979863914309675e+01,7.9273256850463536e+00,1.2055806720153510e+02,1.2055806720153510e+02,2.1523527831447626e+02,4.9682118871135439e-01,0.0000000000000000e+00,0.0000000000000000e+00,0.0000000000000000e+00,1.6779234495330719e+00,0.0000000000000000e+00,0.0000000000000000e+00,0.0000000000000000e+00,0.0000000000000000e+00,0.0000000000000000e+00,0.0000000000000000e+00,2.1895771802749022e+14,-2.8490929349128618e+20,0.0000000000000000e+00,0.0000000000000000e+00,6.2329583356367730e+35,0.0000000000000000e+00,2.1895771774005534e+14,-5.4780126231789792e+00,0.0000000000000000e+00,0.0000000000000000e+00,6.2329583113117245e+35,0.0000000000000000e+00,2.0776527704372413e+35,0.0000000000000000e+00,0.0000000000000000e+00,0.0000000000000000e+00,2.8392831967215600e+21,0.0000000000000000e+00,0.0000000000000000e+00,0.0000000000000000e+00,0.0000000000000000e+00,0.0000000000000000e+00,0.0000000000000000e+00,0.0000000000000000e+00,1.3333333333333335e+00,1.5558685974425339e+05,2.8231900373556620e-02,0.0000000000000000e+00,0.0000000000000000e+00,0.0000000000000000e+00,0.0000000000000000e+00,0.0000000000000000e+00,0.0000000000000000e+00,0.0000000000000000e+00,0.0000000000000000e+00,
0.0000000000000000e+00,9.3499999999999996e+00,1.5707963267948966e+00,3.1415926535897931e+00,1.0000000000000001e-01,3.1415926535897931e+00,6.2831853071795862e+00,0.0000000000000000e+00,1.7709987502201487e+00,1.3942015848667046e+01,1.3942015848667046e+01,3.1364531117527394e+00,1.9438055975978756e+02,1.9438055975978756e+02,2.8984285200932055e+02,6.3785088601337048e-01,0.0000000000000000e+00,0.0000000000000000e+00,0.0000000000000000e+00,1.3307878928141597e+00,0.0000000000000000e+00,0.0000000000000000e+00,0.0000000000000000e+00,0.0000000000000000e+00,0.0000000000000000e+00,0.0000000000000000e+00,2.8238727075809814e+12,-8.9529646496697270e+19,0.0000000000000000e+00,0.0000000000000000e+00,1.8820566383031271e+33,0.0000000000000000e+00,2.8238715371614673e+12,-1.5415564713923038e+02,0.0000000000000000e+00,0.0000000000000000e+00,1.8820535065815157e+33,0.0000000000000000e+00,6.2735116886050516e+32,0.0000000000000000e+00,0.0000000000000000e+00,0.0000000000000000e+00,6.6638461594523599e+20,0.0000000000000000e+00,0.0000000000000000e+00,0.0000000000000000e+00,0.0000000000000000e+00,0.0000000000000000e+00,0.0000000000000000e+00,0.0000000000000000e+00,1.3333333333333337e+00,1.2203765255537324e+05,5.5045933319043477e-04,0.0000000000000000e+00,0.0000000000000000e+00,0.0000000000000000e+00,0.0000000000000000e+00,0.0000000000000000e+00,0.0000000000000000e+00,0.0000000000000000e+00,0.0000000000000000e+00,
0.0000000000000000e+00,1.2550000000000001e+01,1.5707963267948966e+00,3.1415926535897931e+00,1.0000000000000001e-01,3.1415926535897931e+00,6.2831853071795862e+00,0.0000000000000000e+00,1.4854078892218407e+00,1.7025451508758465e+01,1.7025451508758465e+01,2.2064392511797064e+00,2.8986678779117369e+02,2.8986678779117369e+02,3.9323343968118138e+02,7.1713170205895349e-01,0.0000000000000000e+00,0.0000000000000000e+00,0.0000000000000000e+00,1.2187729249464356e+00,0.0000000000000000e+00,0.0000000000000000e+00,0.0000000000000000e+00,0.0000000000000000e+00,0.0000000000000000e+00,0.0000000000000000e+00,5.1341621927429596e+11,-4.3211012558011785e+19,0.0000000000000000e+00,0.0000000000000000e+00,1.9383917174874714e+32,0.0000000000000000e+00,5.1341468775500989e+11,-4.9299601540492012e+02,0.0000000000000000e+00,0.0000000000000000e+00,1.9383625345265745e+32,0.0000000000000000e+00,6.4612084484219148e+31,0.0000000000000000e+00,0.0000000000000000e+00,0.0000000000000000e+00,3.7752593827373528e+20,0.0000000000000000e+00,0.0000000000000000e+00,0.0000000000000000e+00,0.0000000000000000e+00,0.0000000000000000e+00,0.0000000000000000e+00,0.0000000000000000e+00,1.3333333333333335e+00,1.0370714173680803e+05,1.0382799676665803e-04,0.0000000000000000e+00,0.0000000000000000e+00,0.0000000000000000e+00,0.0000000000000000e+00,0.0000000000000000e+00,0.0000000000000000e+00,0.0000000000000000e+00,0.0000000000000000e+00,
0.0000000000000000e+00,1.5750000000000000e+01,1.5707963267948966e+00,3.1415926535897931e+00,1.0000000000000001e-01,3.1415926535897931e+00,6.2831853071795862e+00,0.0000000000000000e+00,1.3535716124595349e+00,2.0156248856863744e+01,2.0156248856863744e+01,1.8321568631672063e+00,4.0627517283995132e+02,4.0627517283995132e+02,5.1993296507862260e+02,7.6793474141772244e-01,0.0000000000000000e+00,0.0000000000000000e+00,0.0000000000000000e+00,1.1634309061411054e+00,0.0000000000000000e+00,0.0000000000000000e+00,0.0000000000000000e+00,0.0000000000000000e+00,0.0000000000000000e+00,0.0000000000000000e+00,1.7429114422654904e+11,-2.5362556798661894e+19,0.0000000000000000e+00,0.0000000000000000e+00,4.5904653617925109e+31,0.0000000000000000e+00,1.7428952498285901e+11,-9.5473802311239660e+02,0.0000000000000000e+00,0.0000000000000000e+00,4.5902061108043609e+31,0.0000000000000000e+00,1.5300687036014532e+31,0.0000000000000000e+00,0.0000000000000000e+00,0.0000000000000000e+00,2.6336084269951644e+20,0.0000000000000000e+00,0.0000000000000000e+00,0.0000000000000000e+00,0.0000000000000000e+00,0.0000000000000000e+00,0.0000000000000000e+00,0.0000000000000000e+00,1.3333333333333335e+00,9.1741610590013996e+04,3.5791994618904127e-05,0.0000000000000000e+00,0.0000000000000000e+00,0.0000000000000000e+00,0.0000000000000000e+00,0.0000000000000000e+00,0.0000000000000000e+00,0.0000000000000000e+00,0.0000000000000000e+00,
0.0000000000000000e+00,1.8949999999999999e+01,1.5707963267948966e+00,3.1415926535897931e+00,1.0000000000000001e-01,3.1415926535897931e+00,6.2831853071795862e+00,0.0000000000000000e+00,1.2778841722106233e+00,2.3310416101128055e+01,2.3310416101128055e+01,1.6329882460621432e+00,5.4337631241891461e+02,5.4337631241891461e+02,6.6840543513582259e+02,8.0326775002214856e-01,0.0000000000000000e+00,0.0000000000000000e+00,0.0000000000000000e+00,1.1304353655892585e+00,0.0000000000000000e+00,0.0000000000000000e+00,0.0000000000000000e+00,0.0000000000000000e+00,0.0000000000000000e+00,0.0000000000000000e+00,7.8883726666778152e+10,-1.6659071807591500e+19,0.0000000000000000e+00,0.0000000000000000e+00,1.5952735635925317e+31,0.0000000000000000e+00,7.8882130009156937e+10,-1.4926605702046952e+03,0.0000000000000000e+00,0.0000000000000000e+00,1.5950439661361921e+31,0.0000000000000000e+00,5.3168132204539727e+30,0.0000000000000000e+00,0.0000000000000000e+00,0.0000000000000000e+00,2.0220333308745944e+20,0.0000000000000000e+00,0.0000000000000000e+00,0.0000000000000000e+00,0.0000000000000000e+00,0.0000000000000000e+00,0.0000000000000000e+00,0.0000000000000000e+00,1.3333333333333335e+00,8.3144785800546175e+04,1.6339346200348592e-05,0.0000000000000000e+00,0.0000000000000000e+00,0.0000000000000000e+00,0.0000000000000000e+00,0.0000000000000000e+00,0.0000000000000000e+00,0.0000000000000000e+00,0.0000000000000000e+00,
0.0000000000000000e+00,2.2149999999999999e+01,1.5707963267948966e+00,3.1415926535897931e+00,1.0000000000000001e-01,3.1415926535897931e+00,6.2831853071795862e+00,0.0000000000000000e+00,1.2288276381832286e+00,2.6477825174666112e+01,2.6477825174666112e+01,1.5100174972992584e+00,7.0107604485480977e+02,7.0107604485480977e+02,8.3805501108633587e+02,8.2926320850428070e-01,0.0000000000000000e+00,0.0000000000000000e+00,0.0000000000000000e+00,1.1085249709131750e+00,0.0000000000000000e+00,0.0000000000000000e+00,0.0000000000000000e+00,0.0000000000000000e+00,0.0000000000000000e+00,0.0000000000000000e+00,4.2154656668311729e+10,-1.1773056146727987e+19,0.0000000000000000e+00,0.0000000000000000e+00,6.9188632945508072e+30,0.0000000000000000e+00,4.2153124595955482e+10,-2.0799934605402905e+03,0.0000000000000000e+00,0.0000000000000000e+00,6.9168158944286324e+30,0.0000000000000000e+00,2.3056052981428772e+30,0.0000000000000000e+00,0.0000000000000000e+00,0.0000000000000000e+00,1.6408643309195136e+20,0.0000000000000000e+00,0.0000000000000000e+00,0.0000000000000000e+00,0.0000000000000000e+00,0.0000000000000000e+00,0.0000000000000000e+00,0.0000000000000000e+00,1.3333333333333335e+00,7.6583393712922916e+04,8.7820120387946471e-06,0.0000000000000000e+00,0.0000000000000000e+00,0.0000000000000000e+00,0.0000000000000000e+00,0.0000000000000000e+00,0.0000000000000000e+00,0.0000000000000000e+00,0.0000000000000000e+00,
0.0000000000000000e+00,2.5350000000000001e+01,1.5707963267948966e+00,3.1415926535897931e+00,1.0000000000000001e-01,3.1415926535897931e+00,6.2831853071795862e+00,0.0000000000000000e+00,1.1944673574503448e+00,2.9653461733087017e+01,2.9653461733087017e+01,1.4267523374505340e+00,8.7932861503862921e+02,8.7932861503862921e+02,1.0286028223665860e+03,8.4919059354645887e-01,0.0000000000000000e+00,0.0000000000000000e+00,0.0000000000000000e+00,1.0929168966200282e+00,0.0000000000000000e+00,0.0000000000000000e+00,0.0000000000000000e+00,0.0000000000000000e+00,0.0000000000000000e+00,0.0000000000000000e+00,2.5103428788106091e+10,-8.7592305155232696e+18,0.0000000000000000e+00,0.0000000000000000e+00,3.4671590513452106e+30,0.0000000000000000e+00,2.5101974904379345e+10,-2.7011979085441189e+03,0.0000000000000000e+00,0.0000000000000000e+00,3.4653170561189509e+30,0.0000000000000000e+00,1.1551056853729834e+30,0.0000000000000000e+00,0.0000000000000000e+00,0.0000000000000000e+00,1.3804872925975886e+20,0.0000000000000000e+00,0.0000000000000000e+00,0.0000000000000000e+00,0.0000000000000000e+00,0.0000000000000000e+00,0.0000000000000000e+00,0.0000000000000000e+00,1.3333333333333335e+00,7.1362054753728356e+04,5.2529815273709758e-06,0.0000000000000000e+00,0.0000000000000000e+00,0.0000000000000000e+00,0.0000000000000000e+00,0.0000000000000000e+00,0.0000000000000000e+00,0.0000000000000000e+00,0.0000000000000000e+00,
0.0000000000000000e+00,2.8550000000000001e+01,1.5707963267948966e+00,3.1415926535897931e+00,1.0000000000000001e-01,3.1415926535897931e+00,6.2831853071795862e+00,0.0000000000000000e+00,1.1690666223437547e+00,3.2834559431322027e+01,3.2834559431322027e+01,1.3667168071808060e+00,1.0781091176640516e+03,1.0781091176640516e+03,1.2399011072038825e+03,8.6495253222704149e-01,0.0000000000000000e+00,0.0000000000000000e+00,0.0000000000000000e+00,1.0812338386554314e+00,0.0000000000000000e+00,0.0000000000000000e+00,0.0000000000000000e+00,0.0000000000000000e+00,0.0000000000000000e+00,0.0000000000000000e+00,1.6132523569002058e+10,-6.7702946841543803e+18,0.0000000000000000e+00,0.0000000000000000e+00,1.9233723794673759e+30,0.0000000000000000e+00,1.6131149451069021e+10,-3.3469574663898679e+03,0.0000000000000000e+00,0.0000000000000000e+00,1.9217007326984679e+30,0.0000000000000000e+00,6.4056691089948907e+29,0.0000000000000000e+00,0.0000000000000000e+00,0.0000000000000000e+00,1.1912926088959427e+20,0.0000000000000000e+00,0.0000000000000000e+00,0.0000000000000000e+00,0.0000000000000000e+00,0.0000000000000000e+00,0.0000000000000000e+00,0.0000000000000000e+00,1.3333333333333335e+00,6.7077834909043697e+04,3.3887900265525053e-06,0.0000000000000000e+00,0.0000000000000000e+00,0.0000000000000000e+00,0.0000000000000000e+00,0.0000000000000000e+00,0.0000000000000000e+00,0.0000000000000000e+00,0.0000000000000000e+00,
0.0000000000000000e+00,3.1750000000000000e+01,1.5707963267948966e+00,3.1415926535897931e+00,1.0000000000000001e-01,3.1415926535897931e+00,6.2831853071795862e+00,0.0000000000000000e+00,1.1495283734453901e+00,3.6019467120118016e+01,3.6019467120118016e+01,1.3214155056641175e+00,1.2974028378975074e+03,1.2974028378975074e+03,1.4718643212579957e+03,8.7773150045496573e-01,0.0000000000000000e+00,0.0000000000000000e+00,0.0000000000000000e+00,1.0721606074459487e+00,0.0000000000000000e+00,0.0000000000000000e+00,0.0000000000000000e+00,0.0000000000000000e+00,0.0000000000000000e+00,0.0000000000000000e+00,1.0969718817572260e+10,-5.3892072087187036e+18,0.0000000000000000e+00,0.0000000000000000e+00,1.1505392406152895e+30,0.0000000000000000e+00,1.0968421000570192e+10,-4.0115644299501564e+03,0.0000000000000000e+00,0.0000000000000000e+00,1.1490101174842380e+30,0.0000000000000000e+00,3.8300337249474596e+29,0.0000000000000000e+00,0.0000000000000000e+00,0.0000000000000000e+00,1.0475582838934680e+20,0.0000000000000000e+00,0.0000000000000000e+00,0.0000000000000000e+00,0.0000000000000000e+00,0.0000000000000000e+00,0.0000000000000000e+00,0.0000000000000000e+00,1.3333333333333335e+00,6.3478978635302890e+04,2.3128030028747434e-06,0.0000000000000000e+00,0.0000000000000000e+00,0.0000000000000000e+00,0.0000000000000000e+00,0.0000000000000000e+00,0.0000000000000000e+00,0.0000000000000000e+00,0.0000000000000000e+00,
0.0000000000000000e+00,3.4950000000000003e+01,1.5707963267948966e+00,3.1415926535897931e+00,1.0000000000000001e-01,3.1415926535897931e+00,6.2831853071795862e+00,0.0000000000000000e+00,1.1340345204054070e+00,3.9207138334080739e+01,3.9207138334080739e+01,1.2860343091717952e+00,1.5372005238582037e+03,1.5372005238582037e+03,1.7244395297264823e+03,8.8830109372367183e-01,0.0000000000000000e+00,0.0000000000000000e+00,0.0000000000000000e+00,1.0649105675802888e+00,0.0000000000000000e+00,0.0000000000000000e+00,0.0000000000000000e+00,0.0000000000000000e+00,0.0000000000000000e+00,0.0000000000000000e+00,7.7907316382373238e+09,-4.3913336147339008e+18,0.0000000000000000e+00,0.0000000000000000e+00,7.2943089487686091e+29,0.0000000000000000e+00,7.7895047093508587e+09,-4.6915265672848254e+03,0.0000000000000000e+00,0.0000000000000000e+00,7.2802219939984397e+29,0.0000000000000000e+00,2.4267406646661456e+29,0.0000000000000000e+00,0.0000000000000000e+00,0.0000000000000000e+00,9.3461671401631941e+19,0.0000000000000000e+00,0.0000000000000000e+00,0.0000000000000000e+00,0.0000000000000000e+00,0.0000000000000000e+00,0.0000000000000000e+00,0.0000000000000000e+00,1.3333333333333335e+00,6.0398987164113823e+04,1.6488331325768418e-06,0.0000000000000000e+00,0.0000000000000000e+00,0.0000000000000000e+00,0.0000000000000000e+00,0.0000000000000000e+00,0.0000000000000000e+00,0.0000000000000000e+00,0.0000000000000000e+00,
0.0000000000000000e+00,3.7950000000000003e+01,1.5707963267948966e+00,3.1415926535897931e+00,1.0000000000000001e-01,3.1415926535897931e+00,6.2831853071795862e+00,0.0000000000000000e+00,1.1214478712190703e+00,4.2197468296992000e+01,4.2197468296992000e+01,1.2576453384483861e+00,1.7806271590689823e+03,1.7806271590689823e+03,1.9799178143200327e+03,8.9667486262973894e-01,0.0000000000000000e+00,0.0000000000000000e+00,0.0000000000000000e+00,1.0589843572305710e+00,0.0000000000000000e+00,0.0000000000000000e+00,0.0000000000000000e+00,0.0000000000000000e+00,0.0000000000000000e+00,0.0000000000000000e+00,5.7271693913236895e+09,-3.6877452060797082e+18,0.0000000000000000e+00,0.0000000000000000e+00,4.8429123528057674e+29,0.0000000000000000e+00,5.7260073884675932e+09,-5.3847952448843507e+03,0.0000000000000000e+00,0.0000000000000000e+00,4.8298526993869786e+29,0.0000000000000000e+00,1.6099508997956594e+29,0.0000000000000000e+00,0.0000000000000000e+00,0.0000000000000000e+00,8.4349200687361065e+19,0.0000000000000000e+00,0.0000000000000000e+00,0.0000000000000000e+00,0.0000000000000000e+00,0.0000000000000000e+00,0.0000000000000000e+00,0.0000000000000000e+00,1.3333333333333335e+00,5.7722733206793731e+04,1.2171382223687576e-06,0.0000000000000000e+00,0.0000000000000000e+00,0.0000000000000000e+00,0.0000000000000000e+00,0.0000000000000000e+00,0.0000000000000000e+00,0.0000000000000000e+00,0.0000000000000000e+00,
0.0000000000000000e+00,4.0950000000000003e+01,1.5707963267948966e+00,3.1415926535897931e+00,1.0000000000000001e-01,3.1415926535897931e+00,6.2831853071795862e+00,0.0000000000000000e+00,1.1116198046766401e+00,4.5189215042938407e+01,4.5189215042938407e+01,1.2356985977048984e+00,2.0420659852866488e+03,2.0420659852866488e+03,2.2534621950686847e+03,9.0388067228296209e-01,0.0000000000000000e+00,0.0000000000000000e+00,0.0000000000000000e+00,1.0543338195170533e+00,0.0000000000000000e+00,0.0000000000000000e+00,0.0000000000000000e+00,0.0000000000000000e+00,0.0000000000000000e+00,0.0000000000000000e+00,4.4028351302391548e+09,-3.1406396534038420e+18,0.0000000000000000e+00,0.0000000000000000e+00,3.4134019055176162e+29,0.0000000000000000e+00,4.4017286462948971e+09,-6.0458775116451607e+03,0.0000000000000000e+00,0.0000000000000000e+00,3.4011746215840678e+29,0.0000000000000000e+00,1.1337248738613556e+29,0.0000000000000000e+00,0.0000000000000000e+00,0.0000000000000000e+00,7.7268914550792307e+19,0.0000000000000000e+00,0.0000000000000000e+00,0.0000000000000000e+00,0.0000000000000000e+00,0.0000000000000000e+00,0.0000000000000000e+00,0.0000000000000000e+00,1.3333333333333335e+00,5.5506717230485439e+04,9.3976856028827376e-07,0.0000000000000000e+00,0.0000000000000000e+00,0.0000000000000000e+00,0.0000000000000000e+00,0.0000000000000000e+00,0.0000000000000000e+00,0.0000000000000000e+00,0.0000000000000000e+00,
0.0000000000000000e+00,4.3950000000000003e+01,1.5707963267948966e+00,3.1415926535897931e+00,1.0000000000000001e-01,3.1415926535897931e+00,6.2831853071795862e+00,0.0000000000000000e+00,1.1032624727548546e+00,4.8182088458854231e+01,4.8182088458854231e+01,1.2171880893246392e+00,2.3215144779054949e+03,2.3215144779054949e+03,2.5450586773790724e+03,9.1014694985424782e-01,0.0000000000000000e+00,0.0000000000000000e+00,0.0000000000000000e+00,1.0503630189132291e+00,0.0000000000000000e+00,0.0000000000000000e+00,0.0000000000000000e+00,0.0000000000000000e+00,0.0000000000000000e+00,0.0000000000000000e+00,3.4549611915134892e+09,-2.7068328035681085e+18,0.0000000000000000e+00,0.0000000000000000e+00,2.4730668463847427e+29,0.0000000000000000e+00,3.4539053350628400e+09,-6.7174625809835143e+03,0.0000000000000000e+00,0.0000000000000000e+00,2.4615674116475495e+29,0.0000000000000000e+00,8.2052247054918304e+28,0.0000000000000000e+00,0.0000000000000000e+00,0.0000000000000000e+00,7.1268984998104580e+19,0.0000000000000000e+00,0.0000000000000000e+00,0.0000000000000000e+00,0.0000000000000000e+00,0.0000000000000000e+00,0.0000000000000000e+00,0.0000000000000000e+00,1.3333333333333337e+00,5.3522262251451430e+04,7.4108881245915820e-07,0.0000000000000000e+00,0.0000000000000000e+00,0.0000000000000000e+00,0.0000000000000000e+00,0.0000000000000000e+00,0.0000000000000000e+00,0.0000000000000000e+00,0.0000000000000000e+00,
0.0000000000000000e+00,4.6950000000000003e+01,1.5707963267948966e+00,3.1415926535897931e+00,1.0000000000000001e-01,3.1415926535897931e+00,6.2831853071795862e+00,0.0000000000000000e+00,1.0960688669390777e+00,5.1175872578971330e+01,5.1175872578971330e+01,1.2013669652205854e+00,2.6189707643231354e+03,2.6189707643231354e+03,2.8546969553616827e+03,9.1564620106569439e-01,0.0000000000000000e+00,0.0000000000000000e+00,0.0000000000000000e+00,1.0469330761768352e+00,0.0000000000000000e+00,0.0000000000000000e+00,0.0000000000000000e+00,0.0000000000000000e+00,0.0000000000000000e+00,0.0000000000000000e+00,2.7586878972894650e+09,-2.3570710919588972e+18,0.0000000000000000e+00,0.0000000000000000e+00,1.8341497385404527e+29,0.0000000000000000e+00,2.7576781352759213e+09,-7.3997487365933339e+03,0.0000000000000000e+00,0.0000000000000000e+00,1.8232904751201806e+29,0.0000000000000000e+00,6.0776349170672672e+28,0.0000000000000000e+00,0.0000000000000000e+00,0.0000000000000000e+00,6.6116773900987679e+19,0.0000000000000000e+00,0.0000000000000000e+00,0.0000000000000000e+00,0.0000000000000000e+00,0.0000000000000000e+00,0.0000000000000000e+00,0.0000000000000000e+00,1.3333333333333335e+00,5.1730451968952279e+04,5.9507430346937991e-07,0.0000000000000000e+00,0.0000000000000000e+00,0.0000000000000000e+00,0.0000000000000000e+00,0.0000000000000000e+00,0.0000000000000000e+00,0.0000000000000000e+00,0.0000000000000000e+00,
0.0000000000000000e+00,4.9950000000000003e+01,1.5707963267948966e+00,3.1415926535897931e+00,1.0000000000000001e-01,3.1415926535897931e+00,6.2831853071795862e+00,0.0000000000000000e+00,1.0898118369579513e+00,5.4170403319174753e+01,5.4170403319174753e+01,1.1876898431420797e+00,2.9344334262420061e+03,2.9344334262420061e+03,3.1823692720547529e+03,9.2051113597227829e-01,0.0000000000000000e+00,0.0000000000000000e+00,0.0000000000000000e+00,1.0439405328998037e+00,0.0000000000000000e+00,0.0000000000000000e+00,0.0000000000000000e+00,0.0000000000000000e+00,0.0000000000000000e+00,0.0000000000000000e+00,2.2357264694953241e+09,-2.0709673190415662e+18,0.0000000000000000e+00,0.0000000000000000e+00,1.3878365643936062e+29,0.0000000000000000e+00,2.2347586407367578e+09,-8.0933374730930072e+03,0.0000000000000000e+00,0.0000000000000000e+00,1.3775431471892793e+29,0.0000000000000000e+00,4.5918104906309307e+28,0.0000000000000000e+00,0.0000000000000000e+00,0.0000000000000000e+00,6.1641618056005313e+19,0.0000000000000000e+00,0.0000000000000000e+00,0.0000000000000000e+00,0.0000000000000000e+00,0.0000000000000000e+00,0.0000000000000000e+00,0.0000000000000000e+00,1.3333333333333335e+00,5.0100761190332072e+04,4.8538341845249128e-07,0.0000000000000000e+00,0.0000000000000000e+00,0.0000000000000000e+00,0.0000000000000000e+00,0.0000000000000000e+00,0.0000000000000000e+00,0.0000000000000000e+00,0.0000000000000000e+00,
0.0000000000000000e+00,5.2950000000000003e+01,1.5707963267948966e+00,3.1415926535897931e+00,1.0000000000000001e-01,3.1415926535897931e+00,6.2831853071795862e+00,0.0000000000000000e+00,1.0843197187479170e+00,5.7165553780167279e+01,5.7165553780167279e+01,1.1757492549274609e+00,3.2679013697870664e+03,3.2679013697870664e+03,3.5280696775389752e+03,9.2484551888622868e-01,0.0000000000000000e+00,0.0000000000000000e+00,0.0000000000000000e+00,1.0413067358757957e+00,0.0000000000000000e+00,0.0000000000000000e+00,0.0000000000000000e+00,0.0000000000000000e+00,0.0000000000000000e+00,0.0000000000000000e+00,1.8352888225901358e+09,-1.8339610337694771e+18,0.0000000000000000e+00,0.0000000000000000e+00,1.0685007526365494e+29,0.0000000000000000e+00,1.8343591203072863e+09,-8.7992075829931509e+03,0.0000000000000000e+00,0.0000000000000000e+00,1.0587095227770805e+29,0.0000000000000000e+00,3.5290317425902677e+28,0.0000000000000000e+00,0.0000000000000000e+00,0.0000000000000000e+00,5.7715433760119112e+19,0.0000000000000000e+00,0.0000000000000000e+00,0.0000000000000000e+00,0.0000000000000000e+00,0.0000000000000000e+00,0.0000000000000000e+00,0.0000000000000000e+00,1.3333333333333335e+00,4.8608836605636221e+04,4.0140293273383708e-07,0.0000000000000000e+00,0.0000000000000000e+00,0.0000000000000000e+00,0.0000000000000000e+00,0.0000000000000000e+00,0.0000000000000000e+00,0.0000000000000000e+00,0.0000000000000000e+00,
0.0000000000000000e+00,5.5950000000000003e+01,1.5707963267948966e+00,3.1415926535897931e+00,1.0000000000000001e-01,3.1415926535897931e+00,6.2831853071795862e+00,0.0000000000000000e+00,1.0794603722822855e+00,6.0161224278687222e+01,6.0161224278687222e+01,1.1652346972695644e+00,3.6193737377692119e+03,3.6193737377692119e+03,3.8917935318440768e+03,9.2873165209500963e-01,0.0000000000000000e+00,0.0000000000000000e+00,0.0000000000000000e+00,1.0389708233788766e+00,0.0000000000000000e+00,0.0000000000000000e+00,0.0000000000000000e+00,0.0000000000000000e+00,0.0000000000000000e+00,0.0000000000000000e+00,1.5234444719658070e+09,-1.6354286678108987e+18,0.0000000000000000e+00,0.0000000000000000e+00,8.3517825933882390e+28,0.0000000000000000e+00,1.5225494118671298e+09,-9.5187170604595849e+03,0.0000000000000000e+00,0.0000000000000000e+00,8.2583413156018751e+28,0.0000000000000000e+00,2.7527804385339576e+28,0.0000000000000000e+00,0.0000000000000000e+00,0.0000000000000000e+00,5.4240163761136648e+19,0.0000000000000000e+00,0.0000000000000000e+00,0.0000000000000000e+00,0.0000000000000000e+00,0.0000000000000000e+00,0.0000000000000000e+00,0.0000000000000000e+00,1.3333333333333337e+00,4.7234948218325590e+04,3.3603623090818377e-07,0.0000000000000000e+00,0.0000000000000000e+00,0.0000000000000000e+00,0.0000000000000000e+00,0.0000000000000000e+00,0.0000000000000000e+00,0.0000000000000000e+00,0.0000000000000000e+00,
0.0000000000000000e+00,5.8950000000000003e+01,1.5707963267948966e+00,3.1415926535897931e+00,1.0000000000000001e-01,3.1415926535897931e+00,6.2831853071795862e+00,0.0000000000000000e+00,1.0751304286009777e+00,6.3157335422534935e+01,6.3157335422534935e+01,1.1559054400557078e+00,3.9888498489587714e+03,3.9888498489587714e+03,4.2735371633491113e+03,9.3223565190000712e-01,0.0000000000000000e+00,0.0000000000000000e+00,0.0000000000000000e+00,1.0368849638412618e+00,0.0000000000000000e+00,0.0000000000000000e+00,0.0000000000000000e+00,0.0000000000000000e+00,0.0000000000000000e+00,0.0000000000000000e+00,1.2769360800802741e+09,-1.4674719744336878e+18,0.0000000000000000e+00,0.0000000000000000e+00,6.6152162607599533e+28,0.0000000000000000e+00,1.2760724624296570e+09,-1.0253630707405733e+04,0.0000000000000000e+00,0.0000000000000000e+00,6.5257643549349230e+28,0.0000000000000000e+00,2.1752547849783074e+28,0.0000000000000000e+00,0.0000000000000000e+00,0.0000000000000000e+00,5.1139402950636052e+19,0.0000000000000000e+00,0.0000000000000000e+00,0.0000000000000000e+00,0.0000000000000000e+00,0.0000000000000000e+00,0.0000000000000000e+00,0.0000000000000000e+00,1.3333333333333335e+00,4.5962882080073927e+04,2.8441665342965919e-07,0.0000000000000000e+00,0.0000000000000000e+00,0.0000000000000000e+00,0.0000000000000000e+00,0.0000000000000000e+00,0.0000000000000000e+00,0.0000000000000000e+00,0.0000000000000000e+00,
0.0000000000000000e+00,6.1950000000000003e+01,1.5707963267948966e+00,3.1415926535897931e+00,1.0000000000000001e-01,3.1415926535897931e+00,6.2831853071795862e+00,0.0000000000000000e+00,1.0712478654436119e+00,6.6153823197637834e+01,6.6153823197637834e+01,1.1475719904727713e+00,4.3763291551420562e+03,4.3763291551420562e+03,4.6732976287551319e+03,9.3541124117349894e-01,0.0000000000000000e+00,0.0000000000000000e+00,0.0000000000000000e+00,1.0350110459075619e+00,0.0000000000000000e+00,0.0000000000000000e+00,0.0000000000000000e+00,0.0000000000000000e+00,0.0000000000000000e+00,0.0000000000000000e+00,1.0794575884505424e+09,-1.3241201594954412e+18,0.0000000000000000e+00,0.0000000000000000e+00,5.3013191280931832e+28,0.0000000000000000e+00,1.0786224580770342e+09,-1.1006175188989286e+04,0.0000000000000000e+00,0.0000000000000000e+00,5.2154308617784818e+28,0.0000000000000000e+00,1.7384769539261602e+28,0.0000000000000000e+00,0.0000000000000000e+00,0.0000000000000000e+00,4.8352660208749421e+19,0.0000000000000000e+00,0.0000000000000000e+00,0.0000000000000000e+00,0.0000000000000000e+00,0.0000000000000000e+00,0.0000000000000000e+00,0.0000000000000000e+00,1.3333333333333335e+00,4.4779130031836023e+04,2.4313234994583360e-07,0.0000000000000000e+00,0.0000000000000000e+00,0.0000000000000000e+00,0.0000000000000000e+00,0.0000000000000000e+00,0.0000000000000000e+00,0.0000000000000000e+00,0.0000000000000000e+00,
0.0000000000000000e+00,6.4950000000000003e+01,1.5707963267948966e+00,3.1415926535897931e+00,1.0000000000000001e-01,3.1415926535897931e+00,6.2831853071795862e+00,0.0000000000000000e+00,1.0677467685982354e+00,6.9150635416628035e+01,6.9150635416628035e+01,1.1400831628781691e+00,4.7818112101685128e+03,4.7818112101685128e+03,5.0910725410657469e+03,9.3830252328484676e-01,0.0000000000000000e+00,0.0000000000000000e+00,0.0000000000000000e+00,1.0333183286664203e+00,0.0000000000000000e+00,0.0000000000000000e+00,0.0000000000000000e+00,0.0000000000000000e+00,0.0000000000000000e+00,0.0000000000000000e+00,9.1934434476999819e+08,-1.2007918039696015e+18,0.0000000000000000e+00,0.0000000000000000e+00,4.2924763931119697e+28,0.0000000000000000e+00,9.1853495048218393e+08,-1.1779127343217644e+04,0.0000000000000000e+00,0.0000000000000000e+00,4.2097710367187728e+28,0.0000000000000000e+00,1.4032570122395909e+28,0.0000000000000000e+00,0.0000000000000000e+00,0.0000000000000000e+00,4.5831329785121546e+19,0.0000000000000000e+00,0.0000000000000000e+00,0.0000000000000000e+00,0.0000000000000000e+00,0.0000000000000000e+00,0.0000000000000000e+00,0.0000000000000000e+00,1.3333333333333335e+00,4.3672282657069089e+04,2.0974554581009429e-07,0.0000000000000000e+00,0.0000000000000000e+00,0.0000000000000000e+00,0.0000000000000000e+00,0.0000000000000000e+00,0.0000000000000000e+00,0.0000000000000000e+00,0.0000000000000000e+00,
0.0000000000000000e+00,6.7950000000000003e+01,1.5707963267948966e+00,3.1415926535897931e+00,1.0000000000000001e-01,3.1415926535897931e+00,6.2831853071795862e+00,0.0000000000000000e+00,1.0645735635027416e+00,7.2147729108167795e+01,7.2147729108167795e+01,1.1333168729559884e+00,5.2052956472563756e+03,5.2052956472563756e+03,5.5268599441132083e+03,9.4094604290905715e-01,0.0000000000000000e+00,0.0000000000000000e+00,0.0000000000000000e+00,1.0317817420868722e+00,0.0000000000000000e+00,0.0000000000000000e+00,0.0000000000000000e+00,0.0000000000000000e+00,0.0000000000000000e+00,0.0000000000000000e+00,7.8809988969869268e+08,-1.0939242157636506e+18,0.0000000000000000e+00,0.0000000000000000e+00,3.5075024925979837e+28,0.0000000000000000e+00,7.8731364326780772e+08,-1.2575946871845825e+04,0.0000000000000000e+00,0.0000000000000000e+00,3.4276350957078291e+28,0.0000000000000000e+00,1.1425450319026095e+28,0.0000000000000000e+00,0.0000000000000000e+00,0.0000000000000000e+00,4.3535796779927667e+19,0.0000000000000000e+00,0.0000000000000000e+00,0.0000000000000000e+00,0.0000000000000000e+00,0.0000000000000000e+00,0.0000000000000000e+00,0.0000000000000000e+00,1.3333333333333335e+00,4.2632562268465015e+04,1.8248586041852229e-07,0.0000000000000000e+00,0.0000000000000000e+00,0.0000000000000000e+00,0.0000000000000000e+00,0.0000000000000000e+00,0.0000000000000000e+00,0.0000000000000000e+00,0.0000000000000000e+00,
0.0000000000000000e+00,7.0950000000000003e+01,1.5707963267948966e+00,3.1415926535897931e+00,1.0000000000000001e-01,3.1415926535897931e+00,6.2831853071795862e+00,0.0000000000000000e+00,1.0616842572881160e+00,7.5145068568584222e+01,7.5145068568584222e+01,1.1271734628787797e+00,5.6467821620956674e+03,5.6467821620956674e+03,5.9806582195730953e+03,9.4337233881214144e-01,0.0000000000000000e+00,0.0000000000000000e+00,0.0000000000000000e+00,1.0303806370084896e+00,0.0000000000000000e+00,0.0000000000000000e+00,0.0000000000000000e+00,0.0000000000000000e+00,0.0000000000000000e+00,0.0000000000000000e+00,6.7943310128438652e+08,-1.0007132131628796e+18,0.0000000000000000e+00,0.0000000000000000e+00,2.8892926334234466e+28,0.0000000000000000e+00,6.7866753486858010e+08,-1.3400972668526831e+04,0.0000000000000000e+00,0.0000000000000000e+00,2.8119459151798643e+28,0.0000000000000000e+00,9.3731530505995475e+27,0.0000000000000000e+00,0.0000000000000000e+00,0.0000000000000000e+00,4.1433307509274395e+19,0.0000000000000000e+00,0.0000000000000000e+00,0.0000000000000000e+00,0.0000000000000000e+00,0.0000000000000000e+00,0.0000000000000000e+00,0.0000000000000000e+00,1.3333333333333335e+00,4.1651451306301678e+04,8.4789491611441914e-01,0.0000000000000000e+00,0.0000000000000000e+00,0.0000000000000000e+00,0.0000000000000000e+00,0.0000000000000000e+00,0.0000000000000000e+00,0.0000000000000000e+00,0.0000000000000000e+00,
0.0000000000000000e+00,7.3950000000000003e+01,1.5707963267948966e+00,3.1415926535897931e+00,1.0000000000000001e-01,3.1415926535897931e+00,6.2831853071795862e+00,0.0000000000000000e+00,1.0590423887444682e+00,7.8142623887738480e+01,7.8142623887738480e+01,1.1215707817496765e+00,6.1062705000914220e+03,6.1062705000914220e+03,6.4524660170611105e+03,9.4560712895590782e-01,0.0000000000000000e+00,0.0000000000000000e+00,0.0000000000000000e+00,1.0290978518123040e+00,0.0000000000000000e+00,0.0000000000000000e+00,0.0000000000000000e+00,0.0000000000000000e+00,0.0000000000000000e+00,0.0000000000000000e+00,8.9724282090610623e+07,-9.1892727745714560e+17,0.0000000000000000e+00,0.0000000000000000e+00,4.8261208832528145e+27,0.0000000000000000e+00,8.4683442034755364e+07,-9.1993505827983521e+04,0.0000000000000000e+00,0.0000000000000000e+00,2.2312554018248893e+25,0.0000000000000000e+00,7.4375180060829638e+24,0.0000000000000000e+00,0.0000000000000000e+00,0.0000000000000000e+00,2.6348186881774560e+17,0.0000000000000000e+00,0.0000000000000000e+00,0.0000000000000000e+00,0.0000000000000000e+00,0.0000000000000000e+00,0.0000000000000000e+00,0.0000000000000000e+00,1.3333333333333335e+00,3.4213637031457774e+03,4.0218744429440631e-08,0.0000000000000000e+00,0.0000000000000000e+00,0.0000000000000000e+00,0.0000000000000000e+00,0.0000000000000000e+00,0.0000000000000000e+00,0.0000000000000000e+00,0.0000000000000000e+00,
0.0000000000000000e+00,7.6950000000000003e+01,1.5707963267948966e+00,3.1415926535897931e+00,1.0000000000000001e-01,3.1415926535897931e+00,6.2831853071795862e+00,0.0000000000000000e+00,1.0566174829411898e+00,8.1140369819712220e+01,8.1140369819712220e+01,1.1164405057576401e+00,6.5837604466100684e+03,6.5837604466100684e+03,6.9422822008938101e+03,9.4767222563848430e-01,0.0000000000000000e+00,0.0000000000000000e+00,0.0000000000000000e+00,1.0279190059643468e+00,0.0000000000000000e+00,0.0000000000000000e+00,0.0000000000000000e+00,0.0000000000000000e+00,0.0000000000000000e+00,0.0000000000000000e+00,8.4425003924547002e+07,-8.4677273968648090e+17,0.0000000000000000e+00,0.0000000000000000e+00,4.3516513273345919e+27,0.0000000000000000e+00,7.9869522357466042e+07,-9.0462971227798887e+04,0.0000000000000000e+00,0.0000000000000000e+00,2.0637609764269009e+25,0.0000000000000000e+00,6.8792032547563356e+24,0.0000000000000000e+00,0.0000000000000000e+00,0.0000000000000000e+00,2.5839152478419411e+17,0.0000000000000000e+00,0.0000000000000000e+00,0.0000000000000000e+00,0.0000000000000000e+00,0.0000000000000000e+00,0.0000000000000000e+00,0.0000000000000000e+00,1.3333333333333335e+00,3.3881657488618130e+03,3.5518780218548283e-08,0.0000000000000000e+00,0.0000000000000000e+00,0.0000000000000000e+00,0.0000000000000000e+00,0.0000000000000000e+00,0.0000000000000000e+00,0.0000000000000000e+00,0.0000000000000000e+00,
0.0000000000000000e+00,7.9950000000000003e+01,1.5707963267948966e+00,3.1415926535897931e+00,1.0000000000000001e-01,3.1415926535897931e+00,6.2831853071795862e+00,0.0000000000000000e+00,1.0543838712985023e+00,8.4138284907741919e+01,8.4138284907741919e+01,1.1117253484806400e+00,7.0792518194353088e+03,7.0792518194353088e+03,7.4501058090565684e+03,9.4958624979305728e-01,0.0000000000000000e+00,0.0000000000000000e+00,0.0000000000000000e+00,1.0268319585976289e+00,0.0000000000000000e+00,0.0000000000000000e+00,0.0000000000000000e+00,0.0000000000000000e+00,0.0000000000000000e+00,0.0000000000000000e+00,7.9628148800556332e+07,-7.8279459179230976e+17,0.0000000000000000e+00,0.0000000000000000e+00,3.9400325996923368e+27,0.0000000000000000e+00,7.5495041454635680e+07,-8.9004736411760226e+04,0.0000000000000000e+00,0.0000000000000000e+00,1.9144433288215248e+25,0.0000000000000000e+00,6.3814777627384135e+24,0.0000000000000000e+00,0.0000000000000000e+00,0.0000000000000000e+00,2.5358528339775824e+17,0.0000000000000000e+00,0.0000000000000000e+00,0.0000000000000000e+00,0.0000000000000000e+00,0.0000000000000000e+00,0.0000000000000000e+00,0.0000000000000000e+00,1.3333333333333335e+00,3.3565188178500598e+03,3.1523857352257401e-08,0.0000000000000000e+00,0.0000000000000000e+00,0.0000000000000000e+00,0.0000000000000000e+00,0.0000000000000000e+00,0.0000000000000000e+00,0.0000000000000000e+00,0.0000000000000000e+00,

