1
1
61
0
(22 0
((0) (15) (0))
((16) (31) (0))
((32) (47) (0))
((48) (63) (0))
((64) (79) (0))
((80) (95) (0))
((96) (111) (0))
((112) (127) (0))
((128) (143) (0))
((144) (159) (0))
((160) (175) (0))
((176) (191) (0))
((192) (207) (0))
((208) (223) (0))
((224) (239) (0))
((240) (255) (0))
((256) (271) (0))
((272) (283) (0))
((284) (299) (0))
((300) (311) (0))
((312) (327) (0))
((328) (339) (0))
)
22
FabOnDisk: Cell_D_00006 0
FabOnDisk: Cell_D_00007 0
FabOnDisk: Cell_D_00008 0
FabOnDisk: Cell_D_00000 0
FabOnDisk: Cell_D_00000 7885
FabOnDisk: Cell_D_00009 0
FabOnDisk: Cell_D_00010 0
FabOnDisk: Cell_D_00001 0
FabOnDisk: Cell_D_00001 7887
FabOnDisk: Cell_D_00011 0
FabOnDisk: Cell_D_00012 0
FabOnDisk: Cell_D_00002 0
FabOnDisk: Cell_D_00002 7887
FabOnDisk: Cell_D_00013 0
FabOnDisk: Cell_D_00014 0
FabOnDisk: Cell_D_00003 0
FabOnDisk: Cell_D_00003 7887
FabOnDisk: Cell_D_00015 0
FabOnDisk: Cell_D_00004 0
FabOnDisk: Cell_D_00004 7887
FabOnDisk: Cell_D_00005 0
FabOnDisk: Cell_D_00005 7887

22,61
6.0000000000000000e+00,2.0125000000000000e+01,1.5707963267948966e+00,3.1415926535897931e+00,2.5000000000000000e-01,3.1415926535897931e+00,6.2831853071795862e+00,-1.8465241720098741e+20,1.0000000000000000e+00,2.0125517591687668e+01,2.0125517591687668e+01,1.0000000000000000e+00,4.0504166645234301e+02,4.0504166645234301e+02,4.0504166645234301e+02,1.0000000000000000e+00,0.0000000000000000e+00,0.0000000000000000e+00,0.0000000000000000e+00,1.0000000000000000e+00,0.0000000000000000e+00,0.0000000000000000e+00,0.0000000000000000e+00,0.0000000000000000e+00,0.0000000000000000e+00,0.0000000000000000e+00,1.7569457520199135e+10,-1.1723339518456836e+19,0.0000000000000000e+00,0.0000000000000000e+00,2.0515645453711583e+30,0.0000000000000000e+00,1.7569457520199135e+10,-4.7412366518183235e+03,0.0000000000000000e+00,0.0000000000000000e+00,2.0495898885666061e+30,0.0000000000000000e+00,6.8319662952220195e+29,0.0000000000000000e+00,0.0000000000000000e+00,0.0000000000000000e+00,1.1665320111454041e+20,0.0000000000000000e+00,0.0000000000000000e+00,0.0000000000000000e+00,0.0000000000000000e+00,0.0000000000000000e+00,0.0000000000000000e+00,0.0000000000000000e+00,1.3333333333333330e+00,7.2003991706431960e+04,4.8598926697482332e-05,0.0000000000000000e+00,0.0000000000000000e+00,0.0000000000000000e+00,0.0000000000000000e+00,0.0000000000000000e+00,0.0000000000000000e+00,0.0000000000000000e+00,0.0000000000000000e+00,
7.0000000000000000e+00,2.4125000000000000e+01,1.5707963267948966e+00,3.1415926535897931e+00,2.5000000000000000e-01,3.1415926535897931e+00,6.2831853071795862e+00,-1.5403707479632206e+20,1.0000000000000000e+00,2.4125431775065323e+01,2.4125431775065323e+01,1.0000000000000000e+00,5.8204166651752166e+02,5.8204166651752166e+02,5.8204166651752166e+02,1.0000000000000000e+00,0.0000000000000000e+00,0.0000000000000000e+00,0.0000000000000000e+00,1.0000000000000000e+00,0.0000000000000000e+00,0.0000000000000000e+00,0.0000000000000000e+00,0.0000000000000000e+00,0.0000000000000000e+00,0.0000000000000000e+00,1.1025110882765997e+10,-8.1581216157182003e+18,0.0000000000000000e+00,0.0000000000000000e+00,1.1028042646045804e+30,0.0000000000000000e+00,1.1025110882765997e+10,-5.5427071309066405e+03,0.0000000000000000e+00,0.0000000000000000e+00,1.1011107767140871e+30,0.0000000000000000e+00,3.6703692557136231e+29,0.0000000000000000e+00,0.0000000000000000e+00,0.0000000000000000e+00,9.9870966533019943e+19,0.0000000000000000e+00,0.0000000000000000e+00,0.0000000000000000e+00,0.0000000000000000e+00,0.0000000000000000e+00,0.0000000000000000e+00,0.0000000000000000e+00,1.3333333333333328e+00,6.6623585416062240e+04,3.0741540388362580e-05,0.0000000000000000e+00,0.0000000000000000e+00,0.0000000000000000e+00,0.0000000000000000e+00,0.0000000000000000e+00,0.0000000000000000e+00,0.0000000000000000e+00,0.0000000000000000e+00,
8.0000000000000000e+00,2.8125000000000000e+01,1.5707963267948966e+00,3.1415926535897931e+00,2.5000000000000000e-01,3.1415926535897931e+00,6.2831853071795862e+00,-1.3212989212828870e+20,1.0000000000000000e+00,2.8125370367931737e+01,2.8125370367931737e+01,1.0000000000000000e+00,7.9104166655692802e+02,7.9104166655692802e+02,7.9104166655692802e+02,1.0000000000000000e+00,0.0000000000000000e+00,0.0000000000000000e+00,0.0000000000000000e+00,1.0000000000000000e+00,0.0000000000000000e+00,0.0000000000000000e+00,0.0000000000000000e+00,0.0000000000000000e+00,0.0000000000000000e+00,0.0000000000000000e+00,7.3607951775580168e+09,-6.0026190728836536e+18,0.0000000000000000e+00,0.0000000000000000e+00,6.4400160164673651e+29,0.0000000000000000e+00,7.3607951775580168e+09,-6.3490416918228948e+03,0.0000000000000000e+00,0.0000000000000000e+00,6.4251805996417162e+29,0.0000000000000000e+00,2.1417268665472387e+29,0.0000000000000000e+00,0.0000000000000000e+00,0.0000000000000000e+00,8.7287862165113946e+19,0.0000000000000000e+00,0.0000000000000000e+00,0.0000000000000000e+00,0.0000000000000000e+00,0.0000000000000000e+00,0.0000000000000000e+00,0.0000000000000000e+00,1.3333333333333330e+00,6.2285275279370639e+04,2.0677359032502268e-05,0.0000000000000000e+00,0.0000000000000000e+00,0.0000000000000000e+00,0.0000000000000000e+00,0.0000000000000000e+00,0.0000000000000000e+00,0.0000000000000000e+00,0.0000000000000000e+00,
0.0000000000000000e+00,3.2125000000000000e+01,1.5707963267948966e+00,3.1415926535897931e+00,2.5000000000000000e-01,3.1415926535897931e+00,6.2831853071795862e+00,-1.1567809899239871e+20,1.0000000000000000e+00,3.2125324252578878e+01,3.2125324252578878e+01,1.0000000000000000e+00,1.0320416665825544e+03,1.0320416665825544e+03,1.0320416665825544e+03,1.0000000000000000e+00,0.0000000000000000e+00,0.0000000000000000e+00,0.0000000000000000e+00,1.0000000000000000e+00,0.0000000000000000e+00,0.0000000000000000e+00,0.0000000000000000e+00,0.0000000000000000e+00,0.0000000000000000e+00,0.0000000000000000e+00,5.1513881371756945e+09,-4.6008729551308984e+18,0.0000000000000000e+00,0.0000000000000000e+00,4.0054554201559264e+29,0.0000000000000000e+00,5.1513881371756945e+09,-7.1618346167970649e+03,0.0000000000000000e+00,0.0000000000000000e+00,3.9922444769298594e+29,0.0000000000000000e+00,1.3307481589766192e+29,0.0000000000000000e+00,0.0000000000000000e+00,0.0000000000000000e+00,7.7497466071575593e+19,0.0000000000000000e+00,0.0000000000000000e+00,0.0000000000000000e+00,0.0000000000000000e+00,0.0000000000000000e+00,0.0000000000000000e+00,0.0000000000000000e+00,1.3333333333333328e+00,5.8688399943252502e+04,1.4579064170692494e-05,0.0000000000000000e+00,0.0000000000000000e+00,0.0000000000000000e+00,0.0000000000000000e+00,0.0000000000000000e+00,0.0000000000000000e+00,0.0000000000000000e+00,0.0000000000000000e+00,
0.0000000000000000e+00,3.6125000000000000e+01,1.5707963267948966e+00,3.1415926535897931e+00,2.5000000000000000e-01,3.1415926535897931e+00,6.2831853071795862e+00,-1.0286955995785555e+20,1.0000000000000000e+00,3.6125288349483561e+01,3.6125288349483561e+01,1.0000000000000000e+00,1.3050416666001497e+03,1.3050416666001497e+03,1.3050416666001497e+03,1.0000000000000000e+00,0.0000000000000000e+00,0.0000000000000000e+00,0.0000000000000000e+00,1.0000000000000000e+00,0.0000000000000000e+00,0.0000000000000000e+00,0.0000000000000000e+00,0.0000000000000000e+00,0.0000000000000000e+00,0.0000000000000000e+00,3.7408073660699649e+09,-3.6384068513963602e+18,0.0000000000000000e+00,0.0000000000000000e+00,2.6177003821752867e+29,0.0000000000000000e+00,3.7408073660699649e+09,-7.9829791470462915e+03,0.0000000000000000e+00,0.0000000000000000e+00,2.6057808844475951e+29,0.0000000000000000e+00,8.6859362814919809e+28,0.0000000000000000e+00,0.0000000000000000e+00,0.0000000000000000e+00,6.9657549337083199e+19,0.0000000000000000e+00,0.0000000000000000e+00,0.0000000000000000e+00,0.0000000000000000e+00,0.0000000000000000e+00,0.0000000000000000e+00,0.0000000000000000e+00,1.3333333333333330e+00,5.5640708953402202e+04,1.0670764208240119e-05,0.0000000000000000e+00,0.0000000000000000e+00,0.0000000000000000e+00,0.0000000000000000e+00,0.0000000000000000e+00,0.0000000000000000e+00,0.0000000000000000e+00,0.0000000000000000e+00,
9.0000000000000000e+00,4.0125000000000000e+01,1.5707963267948966e+00,3.1415926535897931e+00,2.5000000000000000e-01,3.1415926535897931e+00,6.2831853071795862e+00,-9.2614720576013681e+19,1.0000000000000000e+00,4.0125259604559979e+01,4.0125259604559979e+01,1.0000000000000000e+00,1.6100416666127508e+03,1.6100416666127508e+03,1.6100416666127508e+03,1.0000000000000000e+00,0.0000000000000000e+00,0.0000000000000000e+00,0.0000000000000000e+00,1.0000000000000000e+00,0.0000000000000000e+00,0.0000000000000000e+00,0.0000000000000000e+00,0.0000000000000000e+00,0.0000000000000000e+00,0.0000000000000000e+00,2.7982628821205807e+09,-2.9491523605843528e+18,0.0000000000000000e+00,0.0000000000000000e+00,1.7803074154283982e+29,0.0000000000000000e+00,2.7982628821205807e+09,-8.8147193117185561e+03,0.0000000000000000e+00,0.0000000000000000e+00,1.7694364199961735e+29,0.0000000000000000e+00,5.8981213999872426e+28,0.0000000000000000e+00,0.0000000000000000e+00,0.0000000000000000e+00,6.3232859852803564e+19,0.0000000000000000e+00,0.0000000000000000e+00,0.0000000000000000e+00,0.0000000000000000e+00,0.0000000000000000e+00,0.0000000000000000e+00,0.0000000000000000e+00,1.3333333333333330e+00,5.3012709527462030e+04,8.0515621901271943e-06,0.0000000000000000e+00,0.0000000000000000e+00,0.0000000000000000e+00,0.0000000000000000e+00,0.0000000000000000e+00,0.0000000000000000e+00,0.0000000000000000e+00,0.0000000000000000e+00,
1.0000000000000000e+01,4.4125000000000000e+01,1.5707963267948966e+00,3.1415926535897931e+00,2.5000000000000000e-01,3.1415926535897931e+00,6.2831853071795862e+00,-8.4219099011725296e+19,1.0000000000000000e+00,4.4125236071134324e+01,4.4125236071134324e+01,1.0000000000000000e+00,1.9470416666220829e+03,1.9470416666220829e+03,1.9470416666220829e+03,1.0000000000000000e+00,0.0000000000000000e+00,0.0000000000000000e+00,0.0000000000000000e+00,1.0000000000000000e+00,0.0000000000000000e+00,0.0000000000000000e+00,0.0000000000000000e+00,0.0000000000000000e+00,0.0000000000000000e+00,0.0000000000000000e+00,2.1446118572097275e+09,-2.4386984771426360e+18,0.0000000000000000e+00,0.0000000000000000e+00,1.2510334031678537e+29,0.0000000000000000e+00,2.1446118572097275e+09,-9.6597220173609621e+03,0.0000000000000000e+00,0.0000000000000000e+00,1.2410278134027322e+29,0.0000000000000000e+00,4.1367593780091060e+28,0.0000000000000000e+00,0.0000000000000000e+00,0.0000000000000000e+00,5.7866836252039823e+19,0.0000000000000000e+00,0.0000000000000000e+00,0.0000000000000000e+00,0.0000000000000000e+00,0.0000000000000000e+00,0.0000000000000000e+00,0.0000000000000000e+00,1.3333333333333330e+00,5.0713488071743384e+04,6.2311731335553965e-06,0.0000000000000000e+00,0.0000000000000000e+00,0.0000000000000000e+00,0.0000000000000000e+00,0.0000000000000000e+00,0.0000000000000000e+00,0.0000000000000000e+00,0.0000000000000000e+00,
1.0000000000000000e+00,4.8125000000000000e+01,1.5707963267948966e+00,3.1415926535897931e+00,2.5000000000000000e-01,3.1415926535897931e+00,6.2831853071795862e+00,-7.7219102913904968e+19,1.0000000000000000e+00,4.8125216449729692e+01,4.8125216449729692e+01,1.0000000000000000e+00,2.3160416666291858e+03,2.3160416666291858e+03,2.3160416666291858e+03,1.0000000000000000e+00,0.0000000000000000e+00,0.0000000000000000e+00,0.0000000000000000e+00,1.0000000000000000e+00,0.0000000000000000e+00,0.0000000000000000e+00,0.0000000000000000e+00,0.0000000000000000e+00,0.0000000000000000e+00,0.0000000000000000e+00,1.6770656917874599e+09,-2.0501528625634785e+18,0.0000000000000000e+00,0.0000000000000000e+00,9.0337580720421483e+28,0.0000000000000000e+00,1.6770656917874599e+09,-1.0521177425156904e+04,0.0000000000000000e+00,0.0000000000000000e+00,8.9409375108748181e+28,0.0000000000000000e+00,2.9803125036249392e+28,0.0000000000000000e+00,0.0000000000000000e+00,0.0000000000000000e+00,5.3312658324228014e+19,0.0000000000000000e+00,0.0000000000000000e+00,0.0000000000000000e+00,0.0000000000000000e+00,0.0000000000000000e+00,0.0000000000000000e+00,0.0000000000000000e+00,1.3333333333333330e+00,4.8676999473229240e+04,4.9271718692368198e-06,0.0000000000000000e+00,0.0000000000000000e+00,0.0000000000000000e+00,0.0000000000000000e+00,0.0000000000000000e+00,0.0000000000000000e+00,0.0000000000000000e+00,0.0000000000000000e+00,
1.0000000000000000e+00,5.2125000000000000e+01,1.5707963267948966e+00,3.1415926535897931e+00,2.5000000000000000e-01,3.1415926535897931e+00,6.2831853071795862e+00,-7.1293440021842239e+19,1.0000000000000000e+00,5.2125199839744816e+01,5.2125199839744816e+01,1.0000000000000000e+00,2.7170416666347178e+03,2.7170416666347178e+03,2.7170416666347178e+03,1.0000000000000000e+00,0.0000000000000000e+00,0.0000000000000000e+00,0.0000000000000000e+00,1.0000000000000000e+00,0.0000000000000000e+00,0.0000000000000000e+00,0.0000000000000000e+00,0.0000000000000000e+00,0.0000000000000000e+00,0.0000000000000000e+00,1.3337625644388177e+09,-1.7475746534448684e+18,0.0000000000000000e+00,0.0000000000000000e+00,6.6747195552121806e+28,0.0000000000000000e+00,1.3337625644388177e+09,-1.1402939992761214e+04,0.0000000000000000e+00,0.0000000000000000e+00,6.5880077622830310e+28,0.0000000000000000e+00,2.1960025874276763e+28,0.0000000000000000e+00,0.0000000000000000e+00,0.0000000000000000e+00,4.9393894070322545e+19,0.0000000000000000e+00,0.0000000000000000e+00,0.0000000000000000e+00,0.0000000000000000e+00,0.0000000000000000e+00,0.0000000000000000e+00,0.0000000000000000e+00,1.3333333333333330e+00,4.6853849433950156e+04,3.9690587255126353e-06,0.0000000000000000e+00,0.0000000000000000e+00,0.0000000000000000e+00,0.0000000000000000e+00,0.0000000000000000e+00,0.0000000000000000e+00,0.0000000000000000e+00,0.0000000000000000e+00,
1.1000000000000000e+01,5.6125000000000000e+01,1.5707963267948966e+00,3.1415926535897931e+00,2.5000000000000000e-01,3.1415926535897931e+00,6.2831853071795862e+00,-6.6212410518570336e+19,1.0000000000000000e+00,5.6125185597317476e+01,5.6125185597317476e+01,1.0000000000000000e+00,3.1500416666391097e+03,3.1500416666391097e+03,3.1500416666391097e+03,1.0000000000000000e+00,0.0000000000000000e+00,0.0000000000000000e+00,0.0000000000000000e+00,1.0000000000000000e+00,0.0000000000000000e+00,0.0000000000000000e+00,0.0000000000000000e+00,0.0000000000000000e+00,0.0000000000000000e+00,0.0000000000000000e+00,1.0759465726566210e+09,-1.5073540755571679e+18,0.0000000000000000e+00,0.0000000000000000e+00,5.0288400204470209e+28,0.0000000000000000e+00,1.0759465726566210e+09,-1.2309729806906373e+04,0.0000000000000000e+00,0.0000000000000000e+00,4.9473219045967477e+28,0.0000000000000000e+00,1.6491073015322485e+28,0.0000000000000000e+00,0.0000000000000000e+00,0.0000000000000000e+00,4.5980894464644760e+19,0.0000000000000000e+00,0.0000000000000000e+00,0.0000000000000000e+00,0.0000000000000000e+00,0.0000000000000000e+00,0.0000000000000000e+00,0.0000000000000000e+00,1.3333333333333330e+00,4.5206133507210638e+04,3.2497865988479444e-06,0.0000000000000000e+00,0.0000000000000000e+00,0.0000000000000000e+00,0.0000000000000000e+00,0.0000000000000000e+00,0.0000000000000000e+00,0.0000000000000000e+00,0.0000000000000000e+00,
1.2000000000000000e+01,6.0125000000000000e+01,1.5707963267948966e+00,3.1415926535897931e+00,2.5000000000000000e-01,3.1415926535897931e+00,6.2831853071795862e+00,-6.1807440011906802e+19,1.0000000000000000e+00,6.0125173249923641e+01,6.0125173249923641e+01,1.0000000000000000e+00,3.6150416666426545e+03,3.6150416666426545e+03,3.6150416666426545e+03,1.0000000000000000e+00,0.0000000000000000e+00,0.0000000000000000e+00,0.0000000000000000e+00,1.0000000000000000e+00,0.0000000000000000e+00,0.0000000000000000e+00,0.0000000000000000e+00,0.0000000000000000e+00,0.0000000000000000e+00,0.0000000000000000e+00,8.7848999872462165e+08,-1.3134631749374395e+18,0.0000000000000000e+00,0.0000000000000000e+00,3.8525007278017623e+28,0.0000000000000000e+00,8.7848999872462165e+08,-1.3247426415814878e+04,0.0000000000000000e+00,0.0000000000000000e+00,3.7754163150719588e+28,0.0000000000000000e+00,1.2584721050239856e+28,0.0000000000000000e+00,0.0000000000000000e+00,0.0000000000000000e+00,4.2976019786685874e+19,0.0000000000000000e+00,0.0000000000000000e+00,0.0000000000000000e+00,0.0000000000000000e+00,0.0000000000000000e+00,0.0000000000000000e+00,0.0000000000000000e+00,1.3333333333333330e+00,4.3704057604021546e+04,2.6999003068217425e-06,0.0000000000000000e+00,0.0000000000000000e+00,0.0000000000000000e+00,0.0000000000000000e+00,0.0000000000000000e+00,0.0000000000000000e+00,0.0000000000000000e+00,0.0000000000000000e+00,
2.0000000000000000e+00,6.4125000000000000e+01,1.5707963267948966e+00,3.1415926535897931e+00,2.5000000000000000e-01,3.1415926535897931e+00,6.2831853071795862e+00,-5.7952015248951886e+19,1.0000000000000000e+00,6.4125162442939157e+01,6.4125162442939157e+01,1.0000000000000000e+00,4.1120416666455567e+03,4.1120416666455567e+03,4.1120416666455567e+03,1.0000000000000000e+00,0.0000000000000000e+00,0.0000000000000000e+00,0.0000000000000000e+00,1.0000000000000000e+00,0.0000000000000000e+00,0.0000000000000000e+00,0.0000000000000000e+00,0.0000000000000000e+00,0.0000000000000000e+00,0.0000000000000000e+00,7.2460880394327116e+08,-1.1547112560142236e+18,0.0000000000000000e+00,0.0000000000000000e+00,2.9937735971489297e+28,0.0000000000000000e+00,7.2460880394327116e+08,-1.4223510214240163e+04,0.0000000000000000e+00,0.0000000000000000e+00,2.9204769425134198e+28,0.0000000000000000e+00,9.7349231417113974e+27,0.0000000000000000e+00,0.0000000000000000e+00,0.0000000000000000e+00,4.0304033299236676e+19,0.0000000000000000e+00,0.0000000000000000e+00,0.0000000000000000e+00,0.0000000000000000e+00,0.0000000000000000e+00,0.0000000000000000e+00,0.0000000000000000e+00,1.3333333333333328e+00,4.2323631650332150e+04,2.2731116420927293e-06,0.0000000000000000e+00,0.0000000000000000e+00,0.0000000000000000e+00,0.0000000000000000e+00,0.0000000000000000e+00,0.0000000000000000e+00,0.0000000000000000e+00,0.0000000000000000e+00,
2.0000000000000000e+00,6.8125000000000000e+01,1.5707963267948966e+00,3.1415926535897931e+00,2.5000000000000000e-01,3.1415926535897931e+00,6.2831853071795862e+00,-5.4549335990544605e+19,1.0000000000000000e+00,6.8125152905027178e+01,6.8125152905027178e+01,1.0000000000000000e+00,4.6410416666479623e+03,4.6410416666479623e+03,4.6410416666479623e+03,1.0000000000000000e+00,0.0000000000000000e+00,0.0000000000000000e+00,0.0000000000000000e+00,1.0000000000000000e+00,0.0000000000000000e+00,0.0000000000000000e+00,0.0000000000000000e+00,0.0000000000000000e+00,0.0000000000000000e+00,0.0000000000000000e+00,9.0701207927295983e+07,-1.0230931753445020e+18,0.0000000000000000e+00,0.0000000000000000e+00,4.6814074634040039e+27,0.0000000000000000e+00,9.0701207927295983e+07,-1.0259580008368636e+05,0.0000000000000000e+00,0.0000000000000000e+00,2.4451315528258814e+25,0.0000000000000000e+00,8.1504385094196033e+24,0.0000000000000000e+00,0.0000000000000000e+00,0.0000000000000000e+00,2.6958072159675469e+17,0.0000000000000000e+00,0.0000000000000000e+00,0.0000000000000000e+00,0.0000000000000000e+00,0.0000000000000000e+00,0.0000000000000000e+00,0.0000000000000000e+00,1.3333333333333330e+00,3.4614107891285430e+03,6.0193415334975549e-07,0.0000000000000000e+00,0.0000000000000000e+00,0.0000000000000000e+00,0.0000000000000000e+00,0.0000000000000000e+00,0.0000000000000000e+00,0.0000000000000000e+00,0.0000000000000000e+00,
1.3000000000000000e+01,7.2125000000000000e+01,1.5707963267948966e+00,3.1415926535897931e+00,2.5000000000000000e-01,3.1415926535897931e+00,6.2831853071795862e+00,-5.1524075758868226e+19,1.0000000000000000e+00,7.2125144425043146e+01,7.2125144425043146e+01,1.0000000000000000e+00,5.2020416666499805e+03,5.2020416666499805e+03,5.2020416666499805e+03,1.0000000000000000e+00,0.0000000000000000e+00,0.0000000000000000e+00,0.0000000000000000e+00,1.0000000000000000e+00,0.0000000000000000e+00,0.0000000000000000e+00,0.0000000000000000e+00,0.0000000000000000e+00,0.0000000000000000e+00,0.0000000000000000e+00,8.3632221648930311e+07,-9.1276003948112870e+17,0.0000000000000000e+00,0.0000000000000000e+00,4.0887951885793321e+27,0.0000000000000000e+00,8.3632221648930311e+07,-1.0115853365752543e+05,0.0000000000000000e+00,0.0000000000000000e+00,2.1944025101168382e+25,0.0000000000000000e+00,7.3146750337227912e+24,0.0000000000000000e+00,0.0000000000000000e+00,0.0000000000000000e+00,2.6238702996036778e+17,0.0000000000000000e+00,0.0000000000000000e+00,0.0000000000000000e+00,0.0000000000000000e+00,0.0000000000000000e+00,0.0000000000000000e+00,0.0000000000000000e+00,1.3333333333333330e+00,3.4149150967793994e+03,5.1188537650373157e-07,0.0000000000000000e+00,0.0000000000000000e+00,0.0000000000000000e+00,0.0000000000000000e+00,0.0000000000000000e+00,0.0000000000000000e+00,0.0000000000000000e+00,0.0000000000000000e+00,
1.4000000000000000e+01,7.6125000000000000e+01,1.5707963267948966e+00,3.1415926535897931e+00,2.5000000000000000e-01,3.1415926535897931e+00,6.2831853071795862e+00,-4.8816740162158019e+19,1.0000000000000000e+00,7.6125136836220761e+01,7.6125136836220761e+01,1.0000000000000000e+00,5.7950416666516876e+03,5.7950416666516876e+03,5.7950416666516876e+03,1.0000000000000000e+00,0.0000000000000000e+00,0.0000000000000000e+00,0.0000000000000000e+00,1.0000000000000000e+00,0.0000000000000000e+00,0.0000000000000000e+00,0.0000000000000000e+00,0.0000000000000000e+00,0.0000000000000000e+00,0.0000000000000000e+00,7.7436574098199949e+07,-8.1935801057056653e+17,0.0000000000000000e+00,0.0000000000000000e+00,3.5961303568045481e+27,0.0000000000000000e+00,7.7436574098199949e+07,-9.8455527083323308e+04,0.0000000000000000e+00,0.0000000000000000e+00,1.9803696796181283e+25,0.0000000000000000e+00,6.6012322653937597e+24,0.0000000000000000e+00,0.0000000000000000e+00,0.0000000000000000e+00,2.5574071337217360e+17,0.0000000000000000e+00,0.0000000000000000e+00,0.0000000000000000e+00,0.0000000000000000e+00,0.0000000000000000e+00,0.0000000000000000e+00,0.0000000000000000e+00,1.3333333333333330e+00,3.3713874516514820e+03,4.3893824816423665e-07,0.0000000000000000e+00,0.0000000000000000e+00,0.0000000000000000e+00,0.0000000000000000e+00,0.0000000000000000e+00,0.0000000000000000e+00,0.0000000000000000e+00,0.0000000000000000e+00,
3.0000000000000000e+00,8.0125000000000000e+01,1.5707963267948966e+00,3.1415926535897931e+00,2.5000000000000000e-01,3.1415926535897931e+00,6.2831853071795862e+00,-4.6379715070140310e+19,1.0000000000000000e+00,8.0125130005094746e+01,8.0125130005094746e+01,1.0000000000000000e+00,6.4200416666531455e+03,6.4200416666531455e+03,6.4200416666531455e+03,1.0000000000000000e+00,0.0000000000000000e+00,0.0000000000000000e+00,0.0000000000000000e+00,1.0000000000000000e+00,0.0000000000000000e+00,0.0000000000000000e+00,0.0000000000000000e+00,0.0000000000000000e+00,0.0000000000000000e+00,0.0000000000000000e+00,7.1970311505986139e+07,-7.3959210795110157e+17,0.0000000000000000e+00,0.0000000000000000e+00,3.1827406880697932e+27,0.0000000000000000e+00,7.1970311505986139e+07,-9.5957542450961453e+04,0.0000000000000000e+00,0.0000000000000000e+00,1.7962050813552950e+25,0.0000000000000000e+00,5.9873502711843142e+24,0.0000000000000000e+00,0.0000000000000000e+00,0.0000000000000000e+00,2.4957569988652925e+17,0.0000000000000000e+00,0.0000000000000000e+00,0.0000000000000000e+00,0.0000000000000000e+00,0.0000000000000000e+00,0.0000000000000000e+00,0.0000000000000000e+00,1.3333333333333330e+00,3.3305033878276258e+03,3.7921830240904360e-07,0.0000000000000000e+00,0.0000000000000000e+00,0.0000000000000000e+00,0.0000000000000000e+00,0.0000000000000000e+00,0.0000000000000000e+00,0.0000000000000000e+00,0.0000000000000000e+00,
3.0000000000000000e+00,8.4125000000000000e+01,1.5707963267948966e+00,3.1415926535897931e+00,2.5000000000000000e-01,3.1415926535897931e+00,6.2831853071795862e+00,-4.4174442197642732e+19,1.0000000000000000e+00,8.4125123823583962e+01,8.4125123823583962e+01,1.0000000000000000e+00,7.0770416666544015e+03,7.0770416666544015e+03,7.0770416666544015e+03,1.0000000000000000e+00,0.0000000000000000e+00,0.0000000000000000e+00,0.0000000000000000e+00,1.0000000000000000e+00,0.0000000000000000e+00,0.0000000000000000e+00,0.0000000000000000e+00,0.0000000000000000e+00,0.0000000000000000e+00,0.0000000000000000e+00,6.7118615279016897e+07,-6.7093157601721357e+17,0.0000000000000000e+00,0.0000000000000000e+00,2.8329490442000774e+27,0.0000000000000000e+00,6.7118615279016897e+07,-9.3639906734549309e+04,0.0000000000000000e+00,0.0000000000000000e+00,1.6365981169200557e+25,0.0000000000000000e+00,5.4553270564001839e+24,0.0000000000000000e+00,0.0000000000000000e+00,0.0000000000000000e+00,2.4383656968619450e+17,0.0000000000000000e+00,0.0000000000000000e+00,0.0000000000000000e+00,0.0000000000000000e+00,0.0000000000000000e+00,0.0000000000000000e+00,0.0000000000000000e+00,1.3333333333333330e+00,3.2919873054559284e+03,3.2985843788619463e-07,0.0000000000000000e+00,0.0000000000000000e+00,0.0000000000000000e+00,0.0000000000000000e+00,0.0000000000000000e+00,0.0000000000000000e+00,0.0000000000000000e+00,0.0000000000000000e+00,
1.5000000000000000e+01,8.8125000000000000e+01,1.5707963267948966e+00,3.1415926535897931e+00,2.5000000000000000e-01,3.1415926535897931e+00,6.2831853071795862e+00,-4.2169363886738194e+19,1.0000000000000000e+00,8.8125118203230414e+01,8.8125118203230414e+01,1.0000000000000000e+00,7.7660416666554902e+03,7.7660416666554902e+03,7.7660416666554902e+03,1.0000000000000000e+00,0.0000000000000000e+00,0.0000000000000000e+00,0.0000000000000000e+00,1.0000000000000000e+00,0.0000000000000000e+00,0.0000000000000000e+00,0.0000000000000000e+00,0.0000000000000000e+00,0.0000000000000000e+00,0.0000000000000000e+00,6.3826774221249029e+07,-6.1140664480769446e+17,0.0000000000000000e+00,0.0000000000000000e+00,2.6049860444169792e+27,0.0000000000000000e+00,6.3826774221249029e+07,-9.1481913268986667e+04,0.0000000000000000e+00,0.0000000000000000e+00,1.5304597585307755e+25,0.0000000000000000e+00,5.1015325284359169e+24,0.0000000000000000e+00,0.0000000000000000e+00,0.0000000000000000e+00,2.3978323441577949e+17,0.0000000000000000e+00,0.0000000000000000e+00,0.0000000000000000e+00,0.0000000000000000e+00,0.0000000000000000e+00,0.0000000000000000e+00,0.0000000000000000e+00,1.3333333333333330e+00,3.2645110233741984e+03,2.9832162036354626e-07,0.0000000000000000e+00,0.0000000000000000e+00,0.0000000000000000e+00,0.0000000000000000e+00,0.0000000000000000e+00,0.0000000000000000e+00,0.0000000000000000e+00,0.0000000000000000e+00,
4.0000000000000000e+00,9.1125000000000000e+01,1.5707963267948966e+00,3.1415926535897931e+00,2.5000000000000000e-01,3.1415926535897931e+00,6.2831853071795862e+00,-4.0781073842725872e+19,1.0000000000000000e+00,9.1125114311771014e+01,9.1125114311771014e+01,1.0000000000000000e+00,8.3037916666562141e+03,8.3037916666562141e+03,8.3037916666562141e+03,1.0000000000000000e+00,0.0000000000000000e+00,0.0000000000000000e+00,0.0000000000000000e+00,1.0000000000000000e+00,0.0000000000000000e+00,0.0000000000000000e+00,0.0000000000000000e+00,0.0000000000000000e+00,0.0000000000000000e+00,0.0000000000000000e+00,5.9838290702135012e+07,-5.7181211241458925e+17,0.0000000000000000e+00,0.0000000000000000e+00,2.3391375791086635e+27,0.0000000000000000e+00,5.9838290702135012e+07,-8.9957539709631994e+04,0.0000000000000000e+00,0.0000000000000000e+00,1.4042904683545922e+25,0.0000000000000000e+00,4.6809682278486397e+24,0.0000000000000000e+00,0.0000000000000000e+00,0.0000000000000000e+00,2.3468081124957571e+17,0.0000000000000000e+00,0.0000000000000000e+00,0.0000000000000000e+00,0.0000000000000000e+00,0.0000000000000000e+00,0.0000000000000000e+00,0.0000000000000000e+00,1.3333333333333330e+00,3.2295909805382330e+03,2.6222787710511585e-07,0.0000000000000000e+00,0.0000000000000000e+00,0.0000000000000000e+00,0.0000000000000000e+00,0.0000000000000000e+00,0.0000000000000000e+00,0.0000000000000000e+00,0.0000000000000000e+00,
4.0000000000000000e+00,9.5125000000000000e+01,1.5707963267948966e+00,3.1415926535897931e+00,2.5000000000000000e-01,3.1415926535897931e+00,6.2831853071795862e+00,-3.9066234384481419e+19,1.0000000000000000e+00,9.5125109504974205e+01,9.5125109504974205e+01,1.0000000000000000e+00,9.0487916666570727e+03,9.0487916666570727e+03,9.0487916666570727e+03,1.0000000000000000e+00,0.0000000000000000e+00,0.0000000000000000e+00,0.0000000000000000e+00,1.0000000000000000e+00,0.0000000000000000e+00,0.0000000000000000e+00,0.0000000000000000e+00,0.0000000000000000e+00,0.0000000000000000e+00,0.0000000000000000e+00,5.7111910475543588e+07,-5.2473389244469069e+17,0.0000000000000000e+00,0.0000000000000000e+00,2.1640616499781604e+27,0.0000000000000000e+00,5.7111910475543588e+07,-8.8038323372463987e+04,0.0000000000000000e+00,0.0000000000000000e+00,1.3196343723484727e+25,0.0000000000000000e+00,4.3987812411615743e+24,0.0000000000000000e+00,0.0000000000000000e+00,0.0000000000000000e+00,2.3106105621757264e+17,0.0000000000000000e+00,0.0000000000000000e+00,0.0000000000000000e+00,0.0000000000000000e+00,0.0000000000000000e+00,0.0000000000000000e+00,0.0000000000000000e+00,1.3333333333333328e+00,3.2045873257451076e+03,2.3889089928370121e-07,0.0000000000000000e+00,0.0000000000000000e+00,0.0000000000000000e+00,0.0000000000000000e+00,0.0000000000000000e+00,0.0000000000000000e+00,0.0000000000000000e+00,0.0000000000000000e+00,
5.0000000000000000e+00,9.8125000000000000e+01,1.5707963267948966e+00,3.1415926535897931e+00,2.5000000000000000e-01,3.1415926535897931e+00,6.2831853071795862e+00,-3.7871854008818950e+19,1.0000000000000000e+00,9.8125106157055114e+01,9.8125106157055114e+01,1.0000000000000000e+00,9.6285416666576493e+03,9.6285416666576493e+03,9.6285416666576493e+03,1.0000000000000000e+00,0.0000000000000000e+00,0.0000000000000000e+00,0.0000000000000000e+00,1.0000000000000000e+00,0.0000000000000000e+00,0.0000000000000000e+00,0.0000000000000000e+00,0.0000000000000000e+00,0.0000000000000000e+00,0.0000000000000000e+00,5.3785960294680424e+07,-4.9313875136220602e+17,0.0000000000000000e+00,0.0000000000000000e+00,1.9579343625523823e+27,0.0000000000000000e+00,5.3785960294680424e+07,-8.6676593902749853e+04,0.0000000000000000e+00,0.0000000000000000e+00,1.2181756895681178e+25,0.0000000000000000e+00,4.0605856318937243e+24,0.0000000000000000e+00,0.0000000000000000e+00,0.0000000000000000e+00,2.2648572706999654e+17,0.0000000000000000e+00,0.0000000000000000e+00,0.0000000000000000e+00,0.0000000000000000e+00,0.0000000000000000e+00,0.0000000000000000e+00,0.0000000000000000e+00,1.3333333333333330e+00,3.1727010573613379e+03,2.1189072580271008e-07,0.0000000000000000e+00,0.0000000000000000e+00,0.0000000000000000e+00,0.0000000000000000e+00,0.0000000000000000e+00,0.0000000000000000e+00,0.0000000000000000e+00,0.0000000000000000e+00,
5.0000000000000000e+00,1.0212500000000000e+02,1.5707963267948966e+00,3.1415926535897931e+00,2.5000000000000000e-01,3.1415926535897931e+00,6.2831853071795862e+00,-3.6388502609548100e+19,1.0000000000000000e+00,1.0212510199913307e+02,1.0212510199913307e+02,1.0000000000000000e+00,1.0429541666658344e+04,1.0429541666658344e+04,1.0429541666658344e+04,1.0000000000000000e+00,0.0000000000000000e+00,0.0000000000000000e+00,0.0000000000000000e+00,1.0000000000000000e+00,0.0000000000000000e+00,0.0000000000000000e+00,0.0000000000000000e+00,0.0000000000000000e+00,0.0000000000000000e+00,0.0000000000000000e+00,5.1497832158846155e+07,-4.5526509003553491e+17,0.0000000000000000e+00,0.0000000000000000e+00,1.8209608408668015e+27,0.0000000000000000e+00,5.1497832158846155e+07,-8.4955148672155061e+04,0.0000000000000000e+00,0.0000000000000000e+00,1.1495731620630420e+25,0.0000000000000000e+00,3.8319105402101387e+24,0.0000000000000000e+00,0.0000000000000000e+00,0.0000000000000000e+00,2.2322740720347882e+17,0.0000000000000000e+00,0.0000000000000000e+00,0.0000000000000000e+00,0.0000000000000000e+00,0.0000000000000000e+00,0.0000000000000000e+00,0.0000000000000000e+00,1.3333333333333330e+00,3.1497964704299266e+03,1.9425337816597871e-07,0.0000000000000000e+00,0.0000000000000000e+00,0.0000000000000000e+00,0.0000000000000000e+00,0.0000000000000000e+00,0.0000000000000000e+00,0.0000000000000000e+00,0.0000000000000000e+00,

22,61
6.0000000000000000e+00,2.3875000000000000e+01,1.5707963267948966e+00,3.1415926535897931e+00,2.5000000000000000e-01,3.1415926535897931e+00,6.2831853071795862e+00,-1.5564999913578168e+20,1.0000000000000000e+00,2.3875436296188003e+01,2.3875436296188003e+01,1.0000000000000000e+00,5.7004166651438186e+02,5.7004166651438186e+02,5.7004166651438186e+02,1.0000000000000000e+00,0.0000000000000000e+00,0.0000000000000000e+00,0.0000000000000000e+00,1.0000000000000000e+00,0.0000000000000000e+00,0.0000000000000000e+00,0.0000000000000000e+00,0.0000000000000000e+00,0.0000000000000000e+00,0.0000000000000000e+00,2.9360222602878750e+10,-8.3298652672899144e+18,0.0000000000000000e+00,0.0000000000000000e+00,4.0668192674425753e+30,0.0000000000000000e+00,2.9360222602878750e+10,-3.9930876223052132e+03,0.0000000000000000e+00,0.0000000000000000e+00,4.0644787117774001e+30,0.0000000000000000e+00,1.3548262372591328e+30,0.0000000000000000e+00,0.0000000000000000e+00,0.0000000000000000e+00,1.3842951934553188e+20,0.0000000000000000e+00,0.0000000000000000e+00,0.0000000000000000e+00,0.0000000000000000e+00,0.0000000000000000e+00,0.0000000000000000e+00,0.0000000000000000e+00,1.3333333333333335e+00,7.8437256783237142e+04,9.6107170624576188e-05,0.0000000000000000e+00,0.0000000000000000e+00,0.0000000000000000e+00,0.0000000000000000e+00,0.0000000000000000e+00,0.0000000000000000e+00,0.0000000000000000e+00,0.0000000000000000e+00,
7.0000000000000000e+00,2.7875000000000000e+01,1.5707963267948966e+00,3.1415926535897931e+00,2.5000000000000000e-01,3.1415926535897931e+00,6.2831853071795862e+00,-1.3331489776642381e+20,1.0000000000000000e+00,2.7875373689572886e+01,2.7875373689572886e+01,1.0000000000000000e+00,7.7704166655495078e+02,7.7704166655495078e+02,7.7704166655495078e+02,1.0000000000000000e+00,0.0000000000000000e+00,0.0000000000000000e+00,0.0000000000000000e+00,1.0000000000000000e+00,0.0000000000000000e+00,0.0000000000000000e+00,0.0000000000000000e+00,0.0000000000000000e+00,0.0000000000000000e+00,0.0000000000000000e+00,1.7027720263096781e+10,-6.1107714716550779e+18,0.0000000000000000e+00,0.0000000000000000e+00,1.9677166786913606e+30,0.0000000000000000e+00,1.7027720263096781e+10,-4.7912124926850001e+03,0.0000000000000000e+00,0.0000000000000000e+00,1.9657623491944856e+30,0.0000000000000000e+00,6.5525411639816165e+29,0.0000000000000000e+00,0.0000000000000000e+00,0.0000000000000000e+00,1.1544172138831348e+20,0.0000000000000000e+00,0.0000000000000000e+00,0.0000000000000000e+00,0.0000000000000000e+00,0.0000000000000000e+00,0.0000000000000000e+00,0.0000000000000000e+00,1.3333333333333335e+00,7.1629125660485239e+04,4.7125469669685359e-05,0.0000000000000000e+00,0.0000000000000000e+00,0.0000000000000000e+00,0.0000000000000000e+00,0.0000000000000000e+00,0.0000000000000000e+00,0.0000000000000000e+00,0.0000000000000000e+00,
8.0000000000000000e+00,3.1875000000000000e+01,1.5707963267948966e+00,3.1415926535897931e+00,2.5000000000000000e-01,3.1415926535897931e+00,6.2831853071795862e+00,-1.1658536893446046e+20,1.0000000000000000e+00,3.1875326795710389e+01,3.1875326795710389e+01,1.0000000000000000e+00,1.0160416665812299e+03,1.0160416665812299e+03,1.0160416665812299e+03,1.0000000000000000e+00,0.0000000000000000e+00,0.0000000000000000e+00,0.0000000000000000e+00,1.0000000000000000e+00,0.0000000000000000e+00,0.0000000000000000e+00,0.0000000000000000e+00,0.0000000000000000e+00,0.0000000000000000e+00,0.0000000000000000e+00,1.0732697964494072e+10,-4.6733261616666204e+18,0.0000000000000000e+00,0.0000000000000000e+00,1.0640234012988194e+30,0.0000000000000000e+00,1.0732697964494072e+10,-5.5929453771267335e+03,0.0000000000000000e+00,0.0000000000000000e+00,1.0623448076113497e+30,0.0000000000000000e+00,3.5411493587044989e+29,0.0000000000000000e+00,0.0000000000000000e+00,0.0000000000000000e+00,9.8980114419886850e+19,0.0000000000000000e+00,0.0000000000000000e+00,0.0000000000000000e+00,0.0000000000000000e+00,0.0000000000000000e+00,0.0000000000000000e+00,0.0000000000000000e+00,1.3333333333333335e+00,6.6325778572401949e+04,2.9940384068086777e-05,0.0000000000000000e+00,0.0000000000000000e+00,0.0000000000000000e+00,0.0000000000000000e+00,0.0000000000000000e+00,0.0000000000000000e+00,0.0000000000000000e+00,0.0000000000000000e+00,
0.0000000000000000e+00,3.5875000000000000e+01,1.5707963267948966e+00,3.1415926535897931e+00,2.5000000000000000e-01,3.1415926535897931e+00,6.2831853071795862e+00,-1.0358641522087245e+20,1.0000000000000000e+00,3.5875290358871425e+01,3.5875290358871425e+01,1.0000000000000000e+00,1.2870416665992198e+03,1.2870416665992198e+03,1.2870416665992198e+03,1.0000000000000000e+00,0.0000000000000000e+00,0.0000000000000000e+00,0.0000000000000000e+00,1.0000000000000000e+00,0.0000000000000000e+00,0.0000000000000000e+00,0.0000000000000000e+00,0.0000000000000000e+00,0.0000000000000000e+00,0.0000000000000000e+00,7.1893863406413250e+09,-3.6892928367890867e+18,0.0000000000000000e+00,0.0000000000000000e+00,6.2411844814013903e+29,0.0000000000000000e+00,7.1893863406413250e+09,-6.3996339884232784e+03,0.0000000000000000e+00,0.0000000000000000e+00,6.2264626809224037e+29,0.0000000000000000e+00,2.0754875603074673e+29,0.0000000000000000e+00,0.0000000000000000e+00,0.0000000000000000e+00,8.6604991014730908e+19,0.0000000000000000e+00,0.0000000000000000e+00,0.0000000000000000e+00,0.0000000000000000e+00,0.0000000000000000e+00,0.0000000000000000e+00,0.0000000000000000e+00,1.3333333333333335e+00,6.2041162167241906e+04,2.0205145338183817e-05,0.0000000000000000e+00,0.0000000000000000e+00,0.0000000000000000e+00,0.0000000000000000e+00,0.0000000000000000e+00,0.0000000000000000e+00,0.0000000000000000e+00,0.0000000000000000e+00,
0.0000000000000000e+00,3.9875000000000000e+01,1.5707963267948966e+00,3.1415926535897931e+00,2.5000000000000000e-01,3.1415926535897931e+00,6.2831853071795862e+00,-9.3195373339128349e+19,1.0000000000000000e+00,3.9875261232164149e+01,3.9875261232164149e+01,1.0000000000000000e+00,1.5900416666120727e+03,1.5900416666120727e+03,1.5900416666120727e+03,1.0000000000000000e+00,0.0000000000000000e+00,0.0000000000000000e+00,0.0000000000000000e+00,1.0000000000000000e+00,0.0000000000000000e+00,0.0000000000000000e+00,0.0000000000000000e+00,0.0000000000000000e+00,0.0000000000000000e+00,0.0000000000000000e+00,5.0443743463446846e+09,-2.9862481306366454e+18,0.0000000000000000e+00,0.0000000000000000e+00,3.8951716289039037e+29,0.0000000000000000e+00,5.0443743463446846e+09,-7.2128900790580419e+03,0.0000000000000000e+00,0.0000000000000000e+00,3.8820500217260353e+29,0.0000000000000000e+00,1.2940166739086783e+29,0.0000000000000000e+00,0.0000000000000000e+00,0.0000000000000000e+00,7.6957072467412140e+19,0.0000000000000000e+00,0.0000000000000000e+00,0.0000000000000000e+00,0.0000000000000000e+00,0.0000000000000000e+00,0.0000000000000000e+00,0.0000000000000000e+00,1.3333333333333335e+00,5.8483423859831681e+04,1.4283002836524918e-05,0.0000000000000000e+00,0.0000000000000000e+00,0.0000000000000000e+00,0.0000000000000000e+00,0.0000000000000000e+00,0.0000000000000000e+00,0.0000000000000000e+00,0.0000000000000000e+00,
9.0000000000000000e+00,4.3875000000000000e+01,1.5707963267948966e+00,3.1415926535897931e+00,2.5000000000000000e-01,3.1415926535897931e+00,6.2831853071795862e+00,-8.4698977328384426e+19,1.0000000000000000e+00,4.3875237416261726e+01,4.3875237416261726e+01,1.0000000000000000e+00,1.9250416666215735e+03,1.9250416666215735e+03,1.9250416666215735e+03,1.0000000000000000e+00,0.0000000000000000e+00,0.0000000000000000e+00,0.0000000000000000e+00,1.0000000000000000e+00,0.0000000000000000e+00,0.0000000000000000e+00,0.0000000000000000e+00,0.0000000000000000e+00,0.0000000000000000e+00,0.0000000000000000e+00,3.6705900294174848e+09,-2.4665690152522097e+18,0.0000000000000000e+00,0.0000000000000000e+00,2.5526169313277697e+29,0.0000000000000000e+00,3.6705900294174848e+09,-8.0346271169739866e+03,0.0000000000000000e+00,0.0000000000000000e+00,2.5407693406806302e+29,0.0000000000000000e+00,8.4692311356020984e+28,0.0000000000000000e+00,0.0000000000000000e+00,0.0000000000000000e+00,6.9218957475203383e+19,0.0000000000000000e+00,0.0000000000000000e+00,0.0000000000000000e+00,0.0000000000000000e+00,0.0000000000000000e+00,0.0000000000000000e+00,0.0000000000000000e+00,1.3333333333333333e+00,5.5465264521205288e+04,1.0475864651159205e-05,0.0000000000000000e+00,0.0000000000000000e+00,0.0000000000000000e+00,0.0000000000000000e+00,0.0000000000000000e+00,0.0000000000000000e+00,0.0000000000000000e+00,0.0000000000000000e+00,
1.0000000000000000e+01,4.7875000000000000e+01,1.5707963267948966e+00,3.1415926535897931e+00,2.5000000000000000e-01,3.1415926535897931e+00,6.2831853071795862e+00,-7.7622333999449915e+19,1.0000000000000000e+00,4.7875217580010364e+01,4.7875217580010364e+01,1.0000000000000000e+00,2.2920416666287938e+03,2.2920416666287938e+03,2.2920416666287938e+03,1.0000000000000000e+00,0.0000000000000000e+00,0.0000000000000000e+00,0.0000000000000000e+00,1.0000000000000000e+00,0.0000000000000000e+00,0.0000000000000000e+00,0.0000000000000000e+00,0.0000000000000000e+00,0.0000000000000000e+00,0.0000000000000000e+00,2.7502966723765411e+09,-2.0716202366754173e+18,0.0000000000000000e+00,0.0000000000000000e+00,1.7399234632490583e+29,0.0000000000000000e+00,2.7502966723765411e+09,-8.8671132029557575e+03,0.0000000000000000e+00,0.0000000000000000e+00,1.7291114158739556e+29,0.0000000000000000e+00,5.7637047195798506e+28,0.0000000000000000e+00,0.0000000000000000e+00,0.0000000000000000e+00,6.2869477038554874e+19,0.0000000000000000e+00,0.0000000000000000e+00,0.0000000000000000e+00,0.0000000000000000e+00,0.0000000000000000e+00,0.0000000000000000e+00,0.0000000000000000e+00,1.3333333333333335e+00,5.2860165118560981e+04,7.9180909665067621e-06,0.0000000000000000e+00,0.0000000000000000e+00,0.0000000000000000e+00,0.0000000000000000e+00,0.0000000000000000e+00,0.0000000000000000e+00,0.0000000000000000e+00,0.0000000000000000e+00,
1.0000000000000000e+00,5.1875000000000000e+01,1.5707963267948966e+00,3.1415926535897931e+00,2.5000000000000000e-01,3.1415926535897931e+00,6.2831853071795862e+00,-7.1637021538530157e+19,1.0000000000000000e+00,5.1875200802824203e+01,5.1875200802824203e+01,1.0000000000000000e+00,2.6910416666344090e+03,2.6910416666344090e+03,2.6910416666344090e+03,1.0000000000000000e+00,0.0000000000000000e+00,0.0000000000000000e+00,0.0000000000000000e+00,1.0000000000000000e+00,0.0000000000000000e+00,0.0000000000000000e+00,0.0000000000000000e+00,0.0000000000000000e+00,0.0000000000000000e+00,0.0000000000000000e+00,2.1107364792124012e+09,-1.7644593019866944e+18,0.0000000000000000e+00,0.0000000000000000e+00,1.2249163770338391e+29,0.0000000000000000e+00,2.1107364792124012e+09,-9.7130446578346855e+03,0.0000000000000000e+00,0.0000000000000000e+00,1.2149598112323187e+29,0.0000000000000000e+00,4.0498660374410606e+28,0.0000000000000000e+00,0.0000000000000000e+00,0.0000000000000000e+00,5.7560539159201423e+19,0.0000000000000000e+00,0.0000000000000000e+00,0.0000000000000000e+00,0.0000000000000000e+00,0.0000000000000000e+00,0.0000000000000000e+00,0.0000000000000000e+00,1.3333333333333335e+00,5.0579093418073426e+04,6.1367429877888564e-06,0.0000000000000000e+00,0.0000000000000000e+00,0.0000000000000000e+00,0.0000000000000000e+00,0.0000000000000000e+00,0.0000000000000000e+00,0.0000000000000000e+00,0.0000000000000000e+00,
1.0000000000000000e+00,5.5875000000000000e+01,1.5707963267948966e+00,3.1415926535897931e+00,2.5000000000000000e-01,3.1415926535897931e+00,6.2831853071795862e+00,-6.6508661928373780e+19,1.0000000000000000e+00,5.5875186427727755e+01,5.5875186427727755e+01,1.0000000000000000e+00,3.1220416666388628e+03,3.1220416666388628e+03,3.1220416666388628e+03,1.0000000000000000e+00,0.0000000000000000e+00,0.0000000000000000e+00,0.0000000000000000e+00,1.0000000000000000e+00,0.0000000000000000e+00,0.0000000000000000e+00,0.0000000000000000e+00,0.0000000000000000e+00,0.0000000000000000e+00,0.0000000000000000e+00,1.6524619927218418e+09,-1.5208728559781614e+18,0.0000000000000000e+00,0.0000000000000000e+00,8.8588816493265407e+28,0.0000000000000000e+00,1.6524619927218418e+09,-1.0575648521518970e+04,0.0000000000000000e+00,0.0000000000000000e+00,8.7664733535703373e+28,0.0000000000000000e+00,2.9221577845234453e+28,0.0000000000000000e+00,0.0000000000000000e+00,0.0000000000000000e+00,5.3050662806851068e+19,0.0000000000000000e+00,0.0000000000000000e+00,0.0000000000000000e+00,0.0000000000000000e+00,0.0000000000000000e+00,0.0000000000000000e+00,0.0000000000000000e+00,1.3333333333333335e+00,4.8557245071737525e+04,4.8585162520638547e-06,0.0000000000000000e+00,0.0000000000000000e+00,0.0000000000000000e+00,0.0000000000000000e+00,0.0000000000000000e+00,0.0000000000000000e+00,0.0000000000000000e+00,0.0000000000000000e+00,
1.1000000000000000e+01,5.9875000000000000e+01,1.5707963267948966e+00,3.1415926535897931e+00,2.5000000000000000e-01,3.1415926535897931e+00,6.2831853071795862e+00,-6.2065507906672681e+19,1.0000000000000000e+00,5.9875173973303269e+01,5.9875173973303269e+01,1.0000000000000000e+00,3.5850416666424530e+03,3.5850416666424530e+03,3.5850416666424530e+03,1.0000000000000000e+00,0.0000000000000000e+00,0.0000000000000000e+00,0.0000000000000000e+00,1.0000000000000000e+00,0.0000000000000000e+00,0.0000000000000000e+00,0.0000000000000000e+00,0.0000000000000000e+00,0.0000000000000000e+00,0.0000000000000000e+00,1.3154597517056019e+09,-1.3244544347041180e+18,0.0000000000000000e+00,0.0000000000000000e+00,6.5541060796196053e+28,0.0000000000000000e+00,1.3154597517056019e+09,-1.1458826691098042e+04,0.0000000000000000e+00,0.0000000000000000e+00,6.4677438470235799e+28,0.0000000000000000e+00,2.1559146156745266e+28,0.0000000000000000e+00,0.0000000000000000e+00,0.0000000000000000e+00,4.9166914252074295e+19,0.0000000000000000e+00,0.0000000000000000e+00,0.0000000000000000e+00,0.0000000000000000e+00,0.0000000000000000e+00,0.0000000000000000e+00,0.0000000000000000e+00,1.3333333333333335e+00,4.6746071782002626e+04,3.9179782022285209e-06,0.0000000000000000e+00,0.0000000000000000e+00,0.0000000000000000e+00,0.0000000000000000e+00,0.0000000000000000e+00,0.0000000000000000e+00,0.0000000000000000e+00,0.0000000000000000e+00,
1.2000000000000000e+01,6.3875000000000000e+01,1.5707963267948966e+00,3.1415926535897931e+00,2.5000000000000000e-01,3.1415926535897931e+00,6.2831853071795862e+00,-5.8178832734588346e+19,1.0000000000000000e+00,6.3875163078722025e+01,6.3875163078722025e+01,1.0000000000000000e+00,4.0800416666453916e+03,4.0800416666453916e+03,4.0800416666453916e+03,1.0000000000000000e+00,0.0000000000000000e+00,0.0000000000000000e+00,0.0000000000000000e+00,1.0000000000000000e+00,0.0000000000000000e+00,0.0000000000000000e+00,0.0000000000000000e+00,0.0000000000000000e+00,0.0000000000000000e+00,0.0000000000000000e+00,1.0620452539248697e+09,-1.1637677686404756e+18,0.0000000000000000e+00,0.0000000000000000e+00,4.9434995456048714e+28,0.0000000000000000e+00,1.0620452539248697e+09,-1.2367361919769512e+04,0.0000000000000000e+00,0.0000000000000000e+00,4.8622794359097291e+28,0.0000000000000000e+00,1.6207598119699090e+28,0.0000000000000000e+00,0.0000000000000000e+00,0.0000000000000000e+00,4.5782010315700503e+19,0.0000000000000000e+00,0.0000000000000000e+00,0.0000000000000000e+00,0.0000000000000000e+00,0.0000000000000000e+00,0.0000000000000000e+00,0.0000000000000000e+00,1.3333333333333335e+00,4.5108261109918079e+04,3.2110310845151916e-06,0.0000000000000000e+00,0.0000000000000000e+00,0.0000000000000000e+00,0.0000000000000000e+00,0.0000000000000000e+00,0.0000000000000000e+00,0.0000000000000000e+00,0.0000000000000000e+00,
2.0000000000000000e+00,6.7875000000000000e+01,1.5707963267948966e+00,3.1415926535897931e+00,2.5000000000000000e-01,3.1415926535897931e+00,6.2831853071795862e+00,-5.4750253901698163e+19,1.0000000000000000e+00,6.7875153468212005e+01,6.7875153468212005e+01,1.0000000000000000e+00,4.6070416666478250e+03,4.6070416666478250e+03,4.6070416666478250e+03,1.0000000000000000e+00,0.0000000000000000e+00,0.0000000000000000e+00,0.0000000000000000e+00,1.0000000000000000e+00,0.0000000000000000e+00,0.0000000000000000e+00,0.0000000000000000e+00,0.0000000000000000e+00,0.0000000000000000e+00,0.0000000000000000e+00,8.6773696616199362e+08,-1.0306436443395695e+18,0.0000000000000000e+00,0.0000000000000000e+00,3.7907554471592450e+28,0.0000000000000000e+00,8.6773696616199362e+08,-1.3307218940946605e+04,0.0000000000000000e+00,0.0000000000000000e+00,3.7139256942663449e+28,0.0000000000000000e+00,1.2379752314221147e+28,0.0000000000000000e+00,0.0000000000000000e+00,0.0000000000000000e+00,4.2799952531967353e+19,0.0000000000000000e+00,0.0000000000000000e+00,0.0000000000000000e+00,0.0000000000000000e+00,0.0000000000000000e+00,0.0000000000000000e+00,0.0000000000000000e+00,1.3333333333333335e+00,4.3614440805464554e+04,2.6700076712984633e-06,0.0000000000000000e+00,0.0000000000000000e+00,0.0000000000000000e+00,0.0000000000000000e+00,0.0000000000000000e+00,0.0000000000000000e+00,0.0000000000000000e+00,0.0000000000000000e+00,
2.0000000000000000e+00,7.1875000000000000e+01,1.5707963267948966e+00,3.1415926535897931e+00,2.5000000000000000e-01,3.1415926535897931e+00,6.2831853071795862e+00,-5.1703289574682157e+19,1.0000000000000000e+00,7.1875144927390124e+01,7.1875144927390124e+01,1.0000000000000000e+00,5.1660416666498641e+03,5.1660416666498641e+03,5.1660416666498641e+03,1.0000000000000000e+00,0.0000000000000000e+00,0.0000000000000000e+00,0.0000000000000000e+00,1.0000000000000000e+00,0.0000000000000000e+00,0.0000000000000000e+00,0.0000000000000000e+00,0.0000000000000000e+00,0.0000000000000000e+00,0.0000000000000000e+00,7.1615407743154109e+08,-9.1912071096919130e+17,0.0000000000000000e+00,0.0000000000000000e+00,2.9482100401233902e+28,0.0000000000000000e+00,7.1615407743154109e+08,-1.4285997732584723e+04,0.0000000000000000e+00,0.0000000000000000e+00,2.8751307020088847e+28,0.0000000000000000e+00,9.5837690066962812e+27,0.0000000000000000e+00,0.0000000000000000e+00,0.0000000000000000e+00,4.0146664277009490e+19,0.0000000000000000e+00,0.0000000000000000e+00,0.0000000000000000e+00,0.0000000000000000e+00,0.0000000000000000e+00,0.0000000000000000e+00,0.0000000000000000e+00,1.3333333333333333e+00,4.2240923554609843e+04,8.4688870237758251e-01,0.0000000000000000e+00,0.0000000000000000e+00,0.0000000000000000e+00,0.0000000000000000e+00,0.0000000000000000e+00,0.0000000000000000e+00,0.0000000000000000e+00,0.0000000000000000e+00,
1.3000000000000000e+01,7.5875000000000000e+01,1.5707963267948966e+00,3.1415926535897931e+00,2.5000000000000000e-01,3.1415926535897931e+00,6.2831853071795862e+00,-4.8977585802944602e+19,1.0000000000000000e+00,7.5875137287080619e+01,7.5875137287080619e+01,1.0000000000000000e+00,5.7570416666515885e+03,5.7570416666515885e+03,5.7570416666515885e+03,1.0000000000000000e+00,0.0000000000000000e+00,0.0000000000000000e+00,0.0000000000000000e+00,1.0000000000000000e+00,0.0000000000000000e+00,0.0000000000000000e+00,0.0000000000000000e+00,0.0000000000000000e+00,0.0000000000000000e+00,0.0000000000000000e+00,9.0230583567888945e+07,-8.2476629469929613e+17,0.0000000000000000e+00,0.0000000000000000e+00,4.6409602973657240e+27,0.0000000000000000e+00,9.0230583567888945e+07,-9.8618178194560489e+04,0.0000000000000000e+00,0.0000000000000000e+00,2.4282300101822235e+25,0.0000000000000000e+00,8.0941000339407464e+24,0.0000000000000000e+00,0.0000000000000000e+00,0.0000000000000000e+00,2.6911365249428061e+17,0.0000000000000000e+00,0.0000000000000000e+00,0.0000000000000000e+00,0.0000000000000000e+00,0.0000000000000000e+00,0.0000000000000000e+00,0.0000000000000000e+00,1.3333333333333335e+00,3.4584109112178003e+03,5.9571336283778382e-07,0.0000000000000000e+00,0.0000000000000000e+00,0.0000000000000000e+00,0.0000000000000000e+00,0.0000000000000000e+00,0.0000000000000000e+00,0.0000000000000000e+00,0.0000000000000000e+00,
1.4000000000000000e+01,7.9875000000000000e+01,1.5707963267948966e+00,3.1415926535897931e+00,2.5000000000000000e-01,3.1415926535897931e+00,6.2831853071795862e+00,-4.6524878260950696e+19,1.0000000000000000e+00,7.9875130411995784e+01,7.9875130411995784e+01,1.0000000000000000e+00,6.3800416666530600e+03,6.3800416666530600e+03,6.3800416666530600e+03,1.0000000000000000e+00,0.0000000000000000e+00,0.0000000000000000e+00,0.0000000000000000e+00,1.0000000000000000e+00,0.0000000000000000e+00,0.0000000000000000e+00,0.0000000000000000e+00,0.0000000000000000e+00,0.0000000000000000e+00,0.0000000000000000e+00,8.3221072621599913e+07,-7.4422903392530509e+17,0.0000000000000000e+00,0.0000000000000000e+00,4.0553201809750159e+27,0.0000000000000000e+00,8.3221072621599913e+07,-9.6108148611653785e+04,0.0000000000000000e+00,0.0000000000000000e+00,2.1800302695649478e+25,0.0000000000000000e+00,7.2667675652164904e+24,0.0000000000000000e+00,0.0000000000000000e+00,0.0000000000000000e+00,2.6195634530164688e+17,0.0000000000000000e+00,0.0000000000000000e+00,0.0000000000000000e+00,0.0000000000000000e+00,0.0000000000000000e+00,0.0000000000000000e+00,0.0000000000000000e+00,1.3333333333333335e+00,3.4121113087372983e+03,5.0687153105692096e-07,0.0000000000000000e+00,0.0000000000000000e+00,0.0000000000000000e+00,0.0000000000000000e+00,0.0000000000000000e+00,0.0000000000000000e+00,0.0000000000000000e+00,0.0000000000000000e+00,
3.0000000000000000e+00,8.3875000000000000e+01,1.5707963267948966e+00,3.1415926535897931e+00,2.5000000000000000e-01,3.1415926535897931e+00,6.2831853071795862e+00,-4.4306109490895110e+19,1.0000000000000000e+00,8.3875124192655193e+01,8.3875124192655193e+01,1.0000000000000000e+00,7.0350416666543269e+03,7.0350416666543269e+03,7.0350416666543269e+03,1.0000000000000000e+00,0.0000000000000000e+00,0.0000000000000000e+00,0.0000000000000000e+00,1.0000000000000000e+00,0.0000000000000000e+00,0.0000000000000000e+00,0.0000000000000000e+00,0.0000000000000000e+00,0.0000000000000000e+00,0.0000000000000000e+00,7.7074885199045151e+07,-6.7493712580310822e+17,0.0000000000000000e+00,0.0000000000000000e+00,3.5681554055083614e+27,0.0000000000000000e+00,7.7074885199045151e+07,-9.3779884506699207e+04,0.0000000000000000e+00,0.0000000000000000e+00,1.9680461343606018e+25,0.0000000000000000e+00,6.5601537812020052e+24,0.0000000000000000e+00,0.0000000000000000e+00,0.0000000000000000e+00,2.5534192295939984e+17,0.0000000000000000e+00,0.0000000000000000e+00,0.0000000000000000e+00,0.0000000000000000e+00,0.0000000000000000e+00,0.0000000000000000e+00,0.0000000000000000e+00,1.3333333333333335e+00,3.3687578326900584e+03,4.3485232444746005e-07,0.0000000000000000e+00,0.0000000000000000e+00,0.0000000000000000e+00,0.0000000000000000e+00,0.0000000000000000e+00,0.0000000000000000e+00,0.0000000000000000e+00,0.0000000000000000e+00,
3.0000000000000000e+00,8.7875000000000000e+01,1.5707963267948966e+00,3.1415926535897931e+00,2.5000000000000000e-01,3.1415926535897931e+00,6.2831853071795862e+00,-4.2289333465920881e+19,1.0000000000000000e+00,8.7875118539512272e+01,8.7875118539512272e+01,1.0000000000000000e+00,7.7220416666554265e+03,7.7220416666554265e+03,7.7220416666554265e+03,1.0000000000000000e+00,0.0000000000000000e+00,0.0000000000000000e+00,0.0000000000000000e+00,1.0000000000000000e+00,0.0000000000000000e+00,0.0000000000000000e+00,0.0000000000000000e+00,0.0000000000000000e+00,0.0000000000000000e+00,0.0000000000000000e+00,7.1650135946324944e+07,-6.1489043395462490e+17,0.0000000000000000e+00,0.0000000000000000e+00,3.1591564165270264e+27,0.0000000000000000e+00,7.1650135946324944e+07,-9.1612456476961932e+04,0.0000000000000000e+00,0.0000000000000000e+00,1.7855585738550223e+25,0.0000000000000000e+00,5.9518619128500721e+24,0.0000000000000000e+00,0.0000000000000000e+00,0.0000000000000000e+00,2.4920505274722634e+17,0.0000000000000000e+00,0.0000000000000000e+00,0.0000000000000000e+00,0.0000000000000000e+00,0.0000000000000000e+00,0.0000000000000000e+00,0.0000000000000000e+00,1.3333333333333335e+00,3.3280293889832324e+03,3.7585522668804166e-07,0.0000000000000000e+00,0.0000000000000000e+00,0.0000000000000000e+00,0.0000000000000000e+00,0.0000000000000000e+00,0.0000000000000000e+00,0.0000000000000000e+00,0.0000000000000000e+00,
1.5000000000000000e+01,9.0875000000000000e+01,1.5707963267948966e+00,3.1415926535897931e+00,2.5000000000000000e-01,3.1415926535897931e+00,6.2831853071795862e+00,-4.0893263725734199e+19,1.0000000000000000e+00,9.0875114626245903e+01,9.0875114626245903e+01,1.0000000000000000e+00,8.2582916666561559e+03,8.2582916666561559e+03,8.2582916666561559e+03,1.0000000000000000e+00,0.0000000000000000e+00,0.0000000000000000e+00,0.0000000000000000e+00,1.0000000000000000e+00,0.0000000000000000e+00,0.0000000000000000e+00,0.0000000000000000e+00,0.0000000000000000e+00,0.0000000000000000e+00,0.0000000000000000e+00,6.6833575581457451e+07,-5.7496258442500685e+17,0.0000000000000000e+00,0.0000000000000000e+00,2.8129077414294008e+27,0.0000000000000000e+00,6.6833575581457451e+07,-9.0081681044173252e+04,0.0000000000000000e+00,0.0000000000000000e+00,1.6273375943162779e+25,0.0000000000000000e+00,5.4244586477209251e+24,0.0000000000000000e+00,0.0000000000000000e+00,0.0000000000000000e+00,2.4349090464455453e+17,0.0000000000000000e+00,0.0000000000000000e+00,0.0000000000000000e+00,0.0000000000000000e+00,0.0000000000000000e+00,0.0000000000000000e+00,0.0000000000000000e+00,1.3333333333333335e+00,3.2896531020411599e+03,3.2706520221906674e-07,0.0000000000000000e+00,0.0000000000000000e+00,0.0000000000000000e+00,0.0000000000000000e+00,0.0000000000000000e+00,0.0000000000000000e+00,0.0000000000000000e+00,0.0000000000000000e+00,
4.0000000000000000e+00,9.4875000000000000e+01,1.5707963267948966e+00,3.1415926535897931e+00,2.5000000000000000e-01,3.1415926535897931e+00,6.2831853071795862e+00,-3.9169175594585940e+19,1.0000000000000000e+00,9.4875109793524530e+01,9.4875109793524530e+01,1.0000000000000000e+00,9.0012916666570236e+03,9.0012916666570236e+03,9.0012916666570236e+03,1.0000000000000000e+00,0.0000000000000000e+00,0.0000000000000000e+00,0.0000000000000000e+00,1.0000000000000000e+00,0.0000000000000000e+00,0.0000000000000000e+00,0.0000000000000000e+00,0.0000000000000000e+00,0.0000000000000000e+00,0.0000000000000000e+00,6.3564637779342249e+07,-5.2750293032307802e+17,0.0000000000000000e+00,0.0000000000000000e+00,2.5871630070492078e+27,0.0000000000000000e+00,6.3564637779342249e+07,-8.8154707395672289e+04,0.0000000000000000e+00,0.0000000000000000e+00,1.5220847039943930e+25,0.0000000000000000e+00,5.0736156799813064e+24,0.0000000000000000e+00,0.0000000000000000e+00,0.0000000000000000e+00,2.3945452110422726e+17,0.0000000000000000e+00,0.0000000000000000e+00,0.0000000000000000e+00,0.0000000000000000e+00,0.0000000000000000e+00,0.0000000000000000e+00,0.0000000000000000e+00,1.3333333333333335e+00,3.2622726348493115e+03,2.9587818524664504e-07,0.0000000000000000e+00,0.0000000000000000e+00,0.0000000000000000e+00,0.0000000000000000e+00,0.0000000000000000e+00,0.0000000000000000e+00,0.0000000000000000e+00,0.0000000000000000e+00,
4.0000000000000000e+00,9.7875000000000000e+01,1.5707963267948966e+00,3.1415926535897931e+00,2.5000000000000000e-01,3.1415926535897931e+00,6.2831853071795862e+00,-3.7968589163045732e+19,1.0000000000000000e+00,9.7875106428209492e+01,9.7875106428209492e+01,1.0000000000000000e+00,9.5795416666576039e+03,9.5795416666576039e+03,9.5795416666576039e+03,1.0000000000000000e+00,0.0000000000000000e+00,0.0000000000000000e+00,0.0000000000000000e+00,1.0000000000000000e+00,0.0000000000000000e+00,0.0000000000000000e+00,0.0000000000000000e+00,0.0000000000000000e+00,0.0000000000000000e+00,0.0000000000000000e+00,5.9602868979531102e+07,-4.9566119473251181e+17,0.0000000000000000e+00,0.0000000000000000e+00,2.3238052279460368e+27,0.0000000000000000e+00,5.9602868979531102e+07,-8.6787674924265360e+04,0.0000000000000000e+00,0.0000000000000000e+00,1.3969287695223236e+25,0.0000000000000000e+00,4.6564292317410776e+24,0.0000000000000000e+00,0.0000000000000000e+00,0.0000000000000000e+00,2.3437263877112570e+17,0.0000000000000000e+00,0.0000000000000000e+00,0.0000000000000000e+00,0.0000000000000000e+00,0.0000000000000000e+00,0.0000000000000000e+00,0.0000000000000000e+00,1.3333333333333337e+00,3.2274698061242307e+03,2.6016995674927765e-07,0.0000000000000000e+00,0.0000000000000000e+00,0.0000000000000000e+00,0.0000000000000000e+00,0.0000000000000000e+00,0.0000000000000000e+00,0.0000000000000000e+00,0.0000000000000000e+00,
5.0000000000000000e+00,1.0187500000000000e+02,1.5707963267948966e+00,3.1415926535897931e+00,2.5000000000000000e-01,3.1415926535897931e+00,6.2831853071795862e+00,-3.6477799458951692e+19,1.0000000000000000e+00,1.0187510224943743e+02,1.0187510224943743e+02,1.0000000000000000e+00,1.0378541666658304e+04,1.0378541666658304e+04,1.0378541666658304e+04,1.0000000000000000e+00,0.0000000000000000e+00,0.0000000000000000e+00,0.0000000000000000e+00,1.0000000000000000e+00,0.0000000000000000e+00,0.0000000000000000e+00,0.0000000000000000e+00,0.0000000000000000e+00,0.0000000000000000e+00,0.0000000000000000e+00,5.6894085075069442e+07,-4.5750226043434931e+17,0.0000000000000000e+00,0.0000000000000000e+00,2.1503098036946109e+27,0.0000000000000000e+00,5.6894085075069442e+07,-8.5059760066581453e+04,0.0000000000000000e+00,0.0000000000000000e+00,1.3129278416562167e+25,0.0000000000000000e+00,4.3764261388540543e+24,0.0000000000000000e+00,0.0000000000000000e+00,0.0000000000000000e+00,2.3076692572345494e+17,0.0000000000000000e+00,0.0000000000000000e+00,0.0000000000000000e+00,0.0000000000000000e+00,0.0000000000000000e+00,0.0000000000000000e+00,0.0000000000000000e+00,1.3333333333333335e+00,3.2025470276225392e+03,2.3707317340027605e-07,0.0000000000000000e+00,0.0000000000000000e+00,0.0000000000000000e+00,0.0000000000000000e+00,0.0000000000000000e+00,0.0000000000000000e+00,0.0000000000000000e+00,0.0000000000000000e+00,
5.0000000000000000e+00,1.0487500000000000e+02,1.5707963267948966e+00,3.1415926535897931e+00,2.5000000000000000e-01,3.1415926535897931e+00,6.2831853071795862e+00,-3.5434335399747621e+19,1.0000000000000000e+00,1.0487509932454573e+02,1.0487509932454573e+02,1.0000000000000000e+00,1.0998791666658775e+04,1.0998791666658775e+04,1.0998791666658775e+04,1.0000000000000000e+00,0.0000000000000000e+00,0.0000000000000000e+00,0.0000000000000000e+00,1.0000000000000000e+00,0.0000000000000000e+00,0.0000000000000000e+00,0.0000000000000000e+00,0.0000000000000000e+00,0.0000000000000000e+00,0.0000000000000000e+00,5.3588855550556488e+07,-4.3170248868399949e+17,0.0000000000000000e+00,0.0000000000000000e+00,1.9459789115993387e+27,0.0000000000000000e+00,5.3588855550556488e+07,-8.3829224810709493e+04,0.0000000000000000e+00,0.0000000000000000e+00,1.2122271360566042e+25,0.0000000000000000e+00,4.0407571201886794e+24,0.0000000000000000e+00,0.0000000000000000e+00,0.0000000000000000e+00,2.2620872769970310e+17,0.0000000000000000e+00,0.0000000000000000e+00,0.0000000000000000e+00,0.0000000000000000e+00,0.0000000000000000e+00,0.0000000000000000e+00,0.0000000000000000e+00,1.3333333333333333e+00,3.1707603060120164e+03,2.1034130959377981e-07,0.0000000000000000e+00,0.0000000000000000e+00,0.0000000000000000e+00,0.0000000000000000e+00,0.0000000000000000e+00,0.0000000000000000e+00,0.0000000000000000e+00,0.0000000000000000e+00,

