HyperCLaw-V1.1
61
MPIProcess
X1_C
X2_C
X3_C
dX1
dX2
dX3
GF_Phi_N
GF_h_1
GF_h_2
GF_h_3
GF_Gm_11
GF_Gm_22
GF_Gm_33
GF_SqrtGm
GF_Alpha
GF_Beta_1
GF_Beta_2
GF_Beta_3
GF_Psi
GF_K_11
GF_K_12
GF_K_13
GF_K_22
GF_K_23
GF_K_33
CF_D
CF_S1
CF_S2
CF_S3
CF_E
CF_Ne
PF_D
PF_V1
PF_V2
PF_V3
PF_E
PF_Ne
AF_P
AF_T
AF_Ye
AF_S
AF_E
AF_Me
AF_Mp
AF_Mn
AF_Xp
AF_Xn
AF_Xa
AF_Xh
AF_Gm
AF_Cs
DF_TCI
DF_Sh_X1
DF_Sh_X2
DF_Sh_X3
DF_T1
DF_T2
DF_T3
DF_MinE
DF_MaxE
1
0
0
3 
262.5 

((0) (2594) (0)) 
0 
0.10000000000000001 
2
0
0 82 0
0
3 6.2000000000000002
6.2000000000000002 9.4000000000000004
9.4000000000000004 12.600000000000001
12.600000000000001 15.800000000000001
15.800000000000001 19
19 22.200000000000003
22.200000000000003 25.400000000000002
25.400000000000002 28.600000000000001
28.600000000000001 31.800000000000001
31.800000000000001 35
35 38.200000000000003
38.200000000000003 41.400000000000006
41.400000000000006 44.600000000000001
44.600000000000001 47.800000000000004
47.800000000000004 51
51 54.200000000000003
54.200000000000003 57.400000000000006
57.400000000000006 60.600000000000001
60.600000000000001 63.800000000000004
63.800000000000004 67
67 70.200000000000003
70.200000000000003 73.400000000000006
73.400000000000006 76.600000000000009
76.600000000000009 79.800000000000011
79.800000000000011 83
83 86.200000000000003
86.200000000000003 89.400000000000006
89.400000000000006 92.600000000000009
92.600000000000009 95.800000000000011
95.800000000000011 99
99 102.2
102.2 105.40000000000001
105.40000000000001 108.60000000000001
108.60000000000001 111.80000000000001
111.80000000000001 115
115 118.2
118.2 121.40000000000001
121.40000000000001 124.60000000000001
124.60000000000001 127.80000000000001
127.80000000000001 131
131 134.20000000000002
134.20000000000002 137.40000000000001
137.40000000000001 140.59999999999999
140.59999999999999 143.80000000000001
143.80000000000001 147
147 150.20000000000002
150.20000000000002 153.40000000000001
153.40000000000001 156.60000000000002
156.60000000000002 159.80000000000001
159.80000000000001 163
163 166.20000000000002
166.20000000000002 169.40000000000001
169.40000000000001 172.60000000000002
172.60000000000002 175.70000000000002
175.70000000000002 178.80000000000001
178.80000000000001 181.90000000000001
181.90000000000001 185
185 188.10000000000002
188.10000000000002 191.20000000000002
191.20000000000002 194.30000000000001
194.30000000000001 197.40000000000001
197.40000000000001 200.5
200.5 203.60000000000002
203.60000000000002 206.70000000000002
206.70000000000002 209.80000000000001
209.80000000000001 212.90000000000001
212.90000000000001 216
216 219.10000000000002
219.10000000000002 222.20000000000002
222.20000000000002 225.30000000000001
225.30000000000001 228.40000000000001
228.40000000000001 231.5
231.5 234.60000000000002
234.60000000000002 237.70000000000002
237.70000000000002 240.80000000000001
240.80000000000001 243.90000000000001
243.90000000000001 247
247 250.10000000000002
250.10000000000002 253.20000000000002
253.20000000000002 256.30000000000001
256.30000000000001 259.40000000000003
259.40000000000003 262.5
Level_0/Cell
