1
1
61
0
(28 0
((0) (31) (0))
((32) (63) (0))
((64) (95) (0))
((96) (127) (0))
((128) (159) (0))
((160) (191) (0))
((192) (223) (0))
((224) (255) (0))
((256) (287) (0))
((288) (319) (0))
((320) (351) (0))
((352) (383) (0))
((384) (415) (0))
((416) (447) (0))
((448) (479) (0))
((480) (509) (0))
((510) (539) (0))
((540) (569) (0))
((570) (599) (0))
((600) (629) (0))
((630) (659) (0))
((660) (689) (0))
((690) (719) (0))
((720) (749) (0))
((750) (779) (0))
((780) (809) (0))
((810) (839) (0))
((840) (869) (0))
)
28
FabOnDisk: Cell_D_00000 0
FabOnDisk: Cell_D_00000 15692
FabOnDisk: Cell_D_00000 31385
FabOnDisk: Cell_D_00000 47078
FabOnDisk: Cell_D_00000 62772
FabOnDisk: Cell_D_00000 78467
FabOnDisk: Cell_D_00000 94162
FabOnDisk: Cell_D_00000 109857
FabOnDisk: Cell_D_00000 125552
FabOnDisk: Cell_D_00000 141247
FabOnDisk: Cell_D_00000 156942
FabOnDisk: Cell_D_00000 172637
FabOnDisk: Cell_D_00000 188332
FabOnDisk: Cell_D_00000 204027
FabOnDisk: Cell_D_00000 219722
FabOnDisk: Cell_D_00000 235417
FabOnDisk: Cell_D_00000 250136
FabOnDisk: Cell_D_00000 264855
FabOnDisk: Cell_D_00000 279574
FabOnDisk: Cell_D_00000 294293
FabOnDisk: Cell_D_00000 309012
FabOnDisk: Cell_D_00000 323731
FabOnDisk: Cell_D_00000 338450
FabOnDisk: Cell_D_00000 353169
FabOnDisk: Cell_D_00000 367888
FabOnDisk: Cell_D_00000 382607
FabOnDisk: Cell_D_00000 397326
FabOnDisk: Cell_D_00000 412045

28,61
0.0000000000000000e+00,3.0499999999999998e+00,1.5707963267948966e+00,3.1415926535897931e+00,1.0000000000000001e-01,3.1415926535897931e+00,6.2831853071795862e+00,0.0000000000000000e+00,1.7853442282701302e+00,8.5862301200879845e+00,8.5862301200879845e+00,3.1874717970919457e+00,7.3723591061440331e+01,7.3723591061440331e+01,1.9474912855124418e+02,1.9196692857724007e-01,0.0000000000000000e+00,0.0000000000000000e+00,0.0000000000000000e+00,1.3361668077414557e+00,0.0000000000000000e+00,0.0000000000000000e+00,0.0000000000000000e+00,0.0000000000000000e+00,0.0000000000000000e+00,0.0000000000000000e+00,2.3517224403898188e+12,-4.9318083599070438e+21,0.0000000000000000e+00,0.0000000000000000e+00,1.6057846920982686e+33,0.0000000000000000e+00,2.3517209533420542e+12,-1.8887821873107507e+02,0.0000000000000000e+00,0.0000000000000000e+00,1.6057806484424197e+33,0.0000000000000000e+00,5.3526021614747317e+32,0.0000000000000000e+00,0.0000000000000000e+00,0.0000000000000000e+00,6.8270846097180420e+20,0.0000000000000000e+00,0.0000000000000000e+00,0.0000000000000000e+00,0.0000000000000000e+00,0.0000000000000000e+00,0.0000000000000000e+00,0.0000000000000000e+00,1.3333333333333330e+00,1.2277796824897802e+05,5.9073396908540456e-04,0.0000000000000000e+00,0.0000000000000000e+00,0.0000000000000000e+00,0.0000000000000000e+00,0.0000000000000000e+00,0.0000000000000000e+00,0.0000000000000000e+00,0.0000000000000000e+00,
0.0000000000000000e+00,6.2500000000000000e+00,1.5707963267948966e+00,3.1415926535897931e+00,1.0000000000000001e-01,3.1415926535897931e+00,6.2831853071795862e+00,0.0000000000000000e+00,1.4911168524337233e+00,1.1068744888156919e+01,1.1068744888156919e+01,2.2234322474430130e+00,1.2251777433796664e+02,1.2251777433796664e+02,2.1697651078188503e+02,5.0287107897658445e-01,0.0000000000000000e+00,0.0000000000000000e+00,0.0000000000000000e+00,1.2211127656271068e+00,0.0000000000000000e+00,0.0000000000000000e+00,0.0000000000000000e+00,0.0000000000000000e+00,0.0000000000000000e+00,0.0000000000000000e+00,4.1422893018440771e+11,-2.7144670645427654e+20,0.0000000000000000e+00,0.0000000000000000e+00,1.5853928456307452e+32,0.0000000000000000e+00,4.1422696029767969e+11,-6.2008620372630014e+02,0.0000000000000000e+00,0.0000000000000000e+00,1.5853550373522321e+32,0.0000000000000000e+00,5.2845167911741054e+31,0.0000000000000000e+00,0.0000000000000000e+00,0.0000000000000000e+00,3.8270814106732187e+20,0.0000000000000000e+00,0.0000000000000000e+00,0.0000000000000000e+00,0.0000000000000000e+00,0.0000000000000000e+00,0.0000000000000000e+00,0.0000000000000000e+00,1.3333333333333330e+00,1.0416015628615214e+05,1.0809168968427438e-04,0.0000000000000000e+00,0.0000000000000000e+00,0.0000000000000000e+00,0.0000000000000000e+00,0.0000000000000000e+00,0.0000000000000000e+00,0.0000000000000000e+00,0.0000000000000000e+00,
0.0000000000000000e+00,9.4499999999999993e+00,1.5707963267948966e+00,3.1415926535897931e+00,1.0000000000000001e-01,3.1415926535897931e+00,6.2831853071795862e+00,0.0000000000000000e+00,1.3566034480146010e+00,1.4037178426107197e+01,1.4037178426107197e+01,1.8403736943096694e+00,1.9704313363413132e+02,1.9704313363413132e+02,2.9268816817823915e+02,6.4099526698287779e-01,0.0000000000000000e+00,0.0000000000000000e+00,0.0000000000000000e+00,1.1647331473057427e+00,0.0000000000000000e+00,0.0000000000000000e+00,0.0000000000000000e+00,0.0000000000000000e+00,0.0000000000000000e+00,0.0000000000000000e+00,1.3887649489219592e+11,-8.7120565642270491e+19,0.0000000000000000e+00,0.0000000000000000e+00,3.6926442259547734e+31,0.0000000000000000e+00,1.3887440470304370e+11,-1.2124732173601258e+03,0.0000000000000000e+00,0.0000000000000000e+00,3.6923081747881432e+31,0.0000000000000000e+00,1.2307693915960477e+31,0.0000000000000000e+00,0.0000000000000000e+00,0.0000000000000000e+00,2.6586786419674648e+20,0.0000000000000000e+00,0.0000000000000000e+00,0.0000000000000000e+00,0.0000000000000000e+00,0.0000000000000000e+00,0.0000000000000000e+00,0.0000000000000000e+00,1.3333333333333330e+00,9.2054222834423272e+04,3.6815299151290761e-05,0.0000000000000000e+00,0.0000000000000000e+00,0.0000000000000000e+00,0.0000000000000000e+00,0.0000000000000000e+00,0.0000000000000000e+00,0.0000000000000000e+00,0.0000000000000000e+00,
0.0000000000000000e+00,1.2650000000000000e+01,1.5707963267948966e+00,3.1415926535897931e+00,1.0000000000000001e-01,3.1415926535897931e+00,6.2831853071795862e+00,0.0000000000000000e+00,1.2797572246054449e+00,1.7122759027391243e+01,1.7122759027391243e+01,1.6377788502357262e+00,2.9318966611729405e+02,2.9318966611729405e+02,3.9685237413364439e+02,7.1905370139777525e-01,0.0000000000000000e+00,0.0000000000000000e+00,0.0000000000000000e+00,1.1312635266474114e+00,0.0000000000000000e+00,0.0000000000000000e+00,0.0000000000000000e+00,0.0000000000000000e+00,0.0000000000000000e+00,0.0000000000000000e+00,6.2433275766400864e+10,-4.2398217625230361e+19,0.0000000000000000e+00,0.0000000000000000e+00,1.2718510773447207e+31,0.0000000000000000e+00,6.2431211811810066e+10,-1.9048180741791655e+03,0.0000000000000000e+00,0.0000000000000000e+00,1.2715534728056230e+31,0.0000000000000000e+00,4.2385115760187426e+30,0.0000000000000000e+00,0.0000000000000000e+00,0.0000000000000000e+00,2.0366999747154683e+20,0.0000000000000000e+00,0.0000000000000000e+00,0.0000000000000000e+00,0.0000000000000000e+00,0.0000000000000000e+00,0.0000000000000000e+00,0.0000000000000000e+00,1.3333333333333330e+00,8.3376035268342588e+04,1.6698958645905180e-05,0.0000000000000000e+00,0.0000000000000000e+00,0.0000000000000000e+00,0.0000000000000000e+00,0.0000000000000000e+00,0.0000000000000000e+00,0.0000000000000000e+00,0.0000000000000000e+00,
0.0000000000000000e+00,1.5850000000000000e+01,1.5707963267948966e+00,3.1415926535897931e+00,1.0000000000000001e-01,3.1415926535897931e+00,6.2831853071795862e+00,0.0000000000000000e+00,1.2300976507343393e+00,2.0254536483554471e+01,2.0254536483554471e+01,1.5131403662470901e+00,4.1024705337882392e+02,4.1024705337882392e+02,5.2424759881695377e+02,7.6922993494994585e-01,0.0000000000000000e+00,0.0000000000000000e+00,0.0000000000000000e+00,1.1090976616663455e+00,0.0000000000000000e+00,0.0000000000000000e+00,0.0000000000000000e+00,0.0000000000000000e+00,0.0000000000000000e+00,0.0000000000000000e+00,3.3220317945684380e+10,-2.4995852386619650e+19,0.0000000000000000e+00,0.0000000000000000e+00,5.4850207540358798e+30,0.0000000000000000e+00,3.3218336046623219e+10,-2.6621522839383329e+03,0.0000000000000000e+00,0.0000000000000000e+00,5.4823671376722974e+30,0.0000000000000000e+00,1.8274557125574326e+30,0.0000000000000000e+00,0.0000000000000000e+00,0.0000000000000000e+00,1.6503893930795726e+20,0.0000000000000000e+00,0.0000000000000000e+00,0.0000000000000000e+00,0.0000000000000000e+00,0.0000000000000000e+00,0.0000000000000000e+00,0.0000000000000000e+00,1.3333333333333330e+00,7.6761746288343216e+04,8.9402820436974731e-06,0.0000000000000000e+00,0.0000000000000000e+00,0.0000000000000000e+00,0.0000000000000000e+00,0.0000000000000000e+00,0.0000000000000000e+00,0.0000000000000000e+00,0.0000000000000000e+00,
0.0000000000000000e+00,1.9050000000000001e+01,1.5707963267948966e+00,3.1415926535897931e+00,1.0000000000000001e-01,3.1415926535897931e+00,6.2831853071795862e+00,0.0000000000000000e+00,1.1953844669453368e+00,2.3409231915563723e+01,2.3409231915563723e+01,1.4289440945670411e+00,5.4799295269310915e+02,5.4799295269310915e+02,6.7338839883060677e+02,8.0419936085899979e-01,0.0000000000000000e+00,0.0000000000000000e+00,0.0000000000000000e+00,1.0933363856326739e+00,0.0000000000000000e+00,0.0000000000000000e+00,0.0000000000000000e+00,0.0000000000000000e+00,0.0000000000000000e+00,0.0000000000000000e+00,1.9721649532339951e+10,-1.6463458921491085e+19,0.0000000000000000e+00,0.0000000000000000e+00,2.7376515386358167e+30,0.0000000000000000e+00,1.9719767814048813e+10,-3.4643871353344462e+03,0.0000000000000000e+00,0.0000000000000000e+00,2.7352641252964378e+30,0.0000000000000000e+00,9.1175470843214571e+29,0.0000000000000000e+00,0.0000000000000000e+00,0.0000000000000000e+00,1.3870584733795477e+20,0.0000000000000000e+00,0.0000000000000000e+00,0.0000000000000000e+00,0.0000000000000000e+00,0.0000000000000000e+00,0.0000000000000000e+00,0.0000000000000000e+00,1.3333333333333330e+00,7.1502773943608336e+04,5.3341320177982361e-06,0.0000000000000000e+00,0.0000000000000000e+00,0.0000000000000000e+00,0.0000000000000000e+00,0.0000000000000000e+00,0.0000000000000000e+00,0.0000000000000000e+00,0.0000000000000000e+00,
0.0000000000000000e+00,2.2250000000000000e+01,1.5707963267948966e+00,3.1415926535897931e+00,1.0000000000000001e-01,3.1415926535897931e+00,6.2831853071795862e+00,0.0000000000000000e+00,1.1697596853079018e+00,2.6576957749289775e+01,2.6576957749289775e+01,1.3683377617283121e+00,7.0633550221126552e+02,7.0633550221126552e+02,8.4369429996078873e+02,8.2996532537718271e-01,0.0000000000000000e+00,0.0000000000000000e+00,0.0000000000000000e+00,1.0815542874414321e+00,0.0000000000000000e+00,0.0000000000000000e+00,0.0000000000000000e+00,0.0000000000000000e+00,0.0000000000000000e+00,0.0000000000000000e+00,1.2642690344591597e+10,-1.1656679557036780e+19,0.0000000000000000e+00,0.0000000000000000e+00,1.5139898576335151e+30,0.0000000000000000e+00,1.2640910963277538e+10,-4.2997253223199150e+03,0.0000000000000000e+00,0.0000000000000000e+00,1.5118228739380729e+30,0.0000000000000000e+00,5.0394095797935748e+29,0.0000000000000000e+00,0.0000000000000000e+00,0.0000000000000000e+00,1.1959706551443118e+20,0.0000000000000000e+00,0.0000000000000000e+00,0.0000000000000000e+00,0.0000000000000000e+00,0.0000000000000000e+00,0.0000000000000000e+00,0.0000000000000000e+00,1.3333333333333330e+00,6.7189598159342713e+04,3.4354558110401886e-06,0.0000000000000000e+00,0.0000000000000000e+00,0.0000000000000000e+00,0.0000000000000000e+00,0.0000000000000000e+00,0.0000000000000000e+00,0.0000000000000000e+00,0.0000000000000000e+00,
0.0000000000000000e+00,2.5449999999999999e+01,1.5707963267948966e+00,3.1415926535897931e+00,1.0000000000000001e-01,3.1415926535897931e+00,6.2831853071795862e+00,0.0000000000000000e+00,1.1500704177636047e+00,2.9752799090356962e+01,2.9752799090356962e+01,1.3226619904770525e+00,8.8522987608049732e+02,8.8522987608049732e+02,1.0348923612109204e+03,8.4973864396607790e-01,0.0000000000000000e+00,0.0000000000000000e+00,0.0000000000000000e+00,1.0724133589258500e+00,0.0000000000000000e+00,0.0000000000000000e+00,0.0000000000000000e+00,0.0000000000000000e+00,0.0000000000000000e+00,0.0000000000000000e+00,8.5782680034605627e+09,-8.6844697140790016e+18,0.0000000000000000e+00,0.0000000000000000e+00,9.0330930134124844e+29,0.0000000000000000e+00,8.5765864033650885e+09,-5.1612297571075233e+03,0.0000000000000000e+00,0.0000000000000000e+00,9.0132635511210085e+29,0.0000000000000000e+00,3.0044211837070020e+29,0.0000000000000000e+00,0.0000000000000000e+00,0.0000000000000000e+00,1.0509112458255560e+20,0.0000000000000000e+00,0.0000000000000000e+00,0.0000000000000000e+00,0.0000000000000000e+00,0.0000000000000000e+00,0.0000000000000000e+00,0.0000000000000000e+00,1.3333333333333330e+00,6.3566805375782686e+04,2.3422569463251847e-06,0.0000000000000000e+00,0.0000000000000000e+00,0.0000000000000000e+00,0.0000000000000000e+00,0.0000000000000000e+00,0.0000000000000000e+00,0.0000000000000000e+00,0.0000000000000000e+00,
0.0000000000000000e+00,2.8649999999999999e+01,1.5707963267948966e+00,3.1415926535897931e+00,1.0000000000000001e-01,3.1415926535897931e+00,6.2831853071795862e+00,0.0000000000000000e+00,1.1344699883667553e+00,3.2934036768121572e+01,3.2934036768121572e+01,1.2870221704103855e+00,1.0846516025196102e+03,1.0846516025196102e+03,1.2468374974879739e+03,8.6539217660871759e-01,0.0000000000000000e+00,0.0000000000000000e+00,0.0000000000000000e+00,1.0651150101569826e+00,0.0000000000000000e+00,0.0000000000000000e+00,0.0000000000000000e+00,0.0000000000000000e+00,0.0000000000000000e+00,0.0000000000000000e+00,6.0800219838162327e+09,-6.7194526697113754e+18,0.0000000000000000e+00,0.0000000000000000e+00,5.7135954798146033e+29,0.0000000000000000e+00,6.0784309930274115e+09,-6.0450073954300506e+03,0.0000000000000000e+00,0.0000000000000000e+00,5.6953168791921517e+29,0.0000000000000000e+00,1.8984389597307169e+29,0.0000000000000000e+00,0.0000000000000000e+00,0.0000000000000000e+00,9.3696884757785395e+19,0.0000000000000000e+00,0.0000000000000000e+00,0.0000000000000000e+00,0.0000000000000000e+00,0.0000000000000000e+00,0.0000000000000000e+00,0.0000000000000000e+00,1.3333333333333330e+00,6.0465677516643911e+04,1.6689693340890360e-06,0.0000000000000000e+00,0.0000000000000000e+00,0.0000000000000000e+00,0.0000000000000000e+00,0.0000000000000000e+00,0.0000000000000000e+00,0.0000000000000000e+00,0.0000000000000000e+00,
0.0000000000000000e+00,3.1850000000000001e+01,1.5707963267948966e+00,3.1415926535897931e+00,1.0000000000000001e-01,3.1415926535897931e+00,6.2831853071795862e+00,0.0000000000000000e+00,1.1218053444695033e+00,3.6119044348701216e+01,3.6119044348701216e+01,1.2584472415920400e+00,1.3045861909878145e+03,1.3045861909878145e+03,1.4794455152286996e+03,8.7809198912235475e-01,0.0000000000000000e+00,0.0000000000000000e+00,0.0000000000000000e+00,1.0591531249457522e+00,0.0000000000000000e+00,0.0000000000000000e+00,0.0000000000000000e+00,0.0000000000000000e+00,0.0000000000000000e+00,0.0000000000000000e+00,4.4605327735486355e+09,-5.3530776441132247e+18,0.0000000000000000e+00,0.0000000000000000e+00,3.7850006488464375e+29,0.0000000000000000e+00,4.4590244524875927e+09,-6.9492199759082478e+03,0.0000000000000000e+00,0.0000000000000000e+00,3.7680404827004342e+29,0.0000000000000000e+00,1.2560134942334780e+29,0.0000000000000000e+00,0.0000000000000000e+00,0.0000000000000000e+00,8.4503496916683784e+19,0.0000000000000000e+00,0.0000000000000000e+00,0.0000000000000000e+00,0.0000000000000000e+00,0.0000000000000000e+00,0.0000000000000000e+00,0.0000000000000000e+00,1.3333333333333330e+00,5.7769627612094773e+04,1.2319126939654062e-06,0.0000000000000000e+00,0.0000000000000000e+00,0.0000000000000000e+00,0.0000000000000000e+00,0.0000000000000000e+00,0.0000000000000000e+00,0.0000000000000000e+00,0.0000000000000000e+00,
0.0000000000000000e+00,3.5049999999999997e+01,1.5707963267948966e+00,3.1415926535897931e+00,1.0000000000000001e-01,3.1415926535897931e+00,6.2831853071795862e+00,0.0000000000000000e+00,1.1113195054267522e+00,3.9306789331464209e+01,3.9306789331464209e+01,1.2350310506165998e+00,1.5450245150916890e+03,1.5450245150916890e+03,1.7326642207445620e+03,8.8860202754952589e-01,0.0000000000000000e+00,0.0000000000000000e+00,0.0000000000000000e+00,1.0541913980607491e+00,0.0000000000000000e+00,0.0000000000000000e+00,0.0000000000000000e+00,0.0000000000000000e+00,0.0000000000000000e+00,0.0000000000000000e+00,3.3648827031865020e+09,-4.3647457913250719e+18,0.0000000000000000e+00,0.0000000000000000e+00,2.6031029124761176e+29,0.0000000000000000e+00,3.3634491716541162e+09,-7.8735399402596049e+03,0.0000000000000000e+00,0.0000000000000000e+00,2.5872722787240188e+29,0.0000000000000000e+00,8.6242409290800614e+28,0.0000000000000000e+00,0.0000000000000000e+00,0.0000000000000000e+00,7.6923034596199645e+19,0.0000000000000000e+00,0.0000000000000000e+00,0.0000000000000000e+00,0.0000000000000000e+00,0.0000000000000000e+00,0.0000000000000000e+00,0.0000000000000000e+00,1.3333333333333330e+00,5.5395097239304901e+04,9.3597940374749551e-07,0.0000000000000000e+00,0.0000000000000000e+00,0.0000000000000000e+00,0.0000000000000000e+00,0.0000000000000000e+00,0.0000000000000000e+00,0.0000000000000000e+00,0.0000000000000000e+00,
0.0000000000000000e+00,3.8250000000000000e+01,1.5707963267948966e+00,3.1415926535897931e+00,1.0000000000000001e-01,3.1415926535897931e+00,6.2831853071795862e+00,0.0000000000000000e+00,1.1024950208931112e+00,4.2496584716517347e+01,4.2496584716517347e+01,1.2154952764669416e+00,1.8059605410385434e+03,1.8059605410385434e+03,2.0064595447142783e+03,8.9744369985244588e-01,0.0000000000000000e+00,0.0000000000000000e+00,0.0000000000000000e+00,1.0499976284138819e+00,0.0000000000000000e+00,0.0000000000000000e+00,0.0000000000000000e+00,0.0000000000000000e+00,0.0000000000000000e+00,0.0000000000000000e+00,2.5971648206263795e+09,-3.6268464686023808e+18,0.0000000000000000e+00,0.0000000000000000e+00,1.8464268393811206e+29,0.0000000000000000e+00,2.5957986041908746e+09,-8.8188646230529248e+03,0.0000000000000000e+00,0.0000000000000000e+00,1.8315701255454490e+29,0.0000000000000000e+00,6.1052337518181613e+28,0.0000000000000000e+00,0.0000000000000000e+00,0.0000000000000000e+00,7.0558904014265737e+19,0.0000000000000000e+00,0.0000000000000000e+00,0.0000000000000000e+00,0.0000000000000000e+00,0.0000000000000000e+00,0.0000000000000000e+00,0.0000000000000000e+00,1.3333333333333330e+00,5.3280349230259395e+04,7.2855469153569949e-07,0.0000000000000000e+00,0.0000000000000000e+00,0.0000000000000000e+00,0.0000000000000000e+00,0.0000000000000000e+00,0.0000000000000000e+00,0.0000000000000000e+00,0.0000000000000000e+00,
0.0000000000000000e+00,4.1450000000000003e+01,1.5707963267948966e+00,3.1415926535897931e+00,1.0000000000000001e-01,3.1415926535897931e+00,6.2831853071795862e+00,0.0000000000000000e+00,1.0949662091233439e+00,4.5687955644229490e+01,4.5687955644229490e+01,1.1989510030823465e+00,2.0873901201404319e+03,2.0873901201404319e+03,2.3008083071934529e+03,9.0498504964484361e-01,0.0000000000000000e+00,0.0000000000000000e+00,0.0000000000000000e+00,1.0464063303607809e+00,0.0000000000000000e+00,0.0000000000000000e+00,0.0000000000000000e+00,0.0000000000000000e+00,0.0000000000000000e+00,0.0000000000000000e+00,2.0431980534527030e+09,-3.0613989921922243e+18,0.0000000000000000e+00,0.0000000000000000e+00,1.3439748231197762e+29,0.0000000000000000e+00,2.0418921991336575e+09,-9.7871973803677811e+03,0.0000000000000000e+00,0.0000000000000000e+00,1.3299620211910878e+29,0.0000000000000000e+00,4.4332067373036243e+28,0.0000000000000000e+00,0.0000000000000000e+00,0.0000000000000000e+00,6.5133707221226078e+19,0.0000000000000000e+00,0.0000000000000000e+00,0.0000000000000000e+00,0.0000000000000000e+00,0.0000000000000000e+00,0.0000000000000000e+00,0.0000000000000000e+00,1.3333333333333330e+00,5.1378561196486880e+04,5.7892081414984223e-07,0.0000000000000000e+00,0.0000000000000000e+00,0.0000000000000000e+00,0.0000000000000000e+00,0.0000000000000000e+00,0.0000000000000000e+00,0.0000000000000000e+00,0.0000000000000000e+00,
0.0000000000000000e+00,4.4649999999999999e+01,1.5707963267948966e+00,3.1415926535897931e+00,1.0000000000000001e-01,3.1415926535897931e+00,6.2831853071795862e+00,0.0000000000000000e+00,1.0884673346798150e+00,4.8880563379253807e+01,4.8880563379253807e+01,1.1847611416479655e+00,2.3893103060363892e+03,2.3893103060363892e+03,2.6156941907357482e+03,9.1149328113327810e-01,0.0000000000000000e+00,0.0000000000000000e+00,0.0000000000000000e+00,1.0432963787892113e+00,0.0000000000000000e+00,0.0000000000000000e+00,0.0000000000000000e+00,0.0000000000000000e+00,0.0000000000000000e+00,0.0000000000000000e+00,1.6333572458380108e+09,-2.6185709662335089e+18,0.0000000000000000e+00,0.0000000000000000e+00,9.9984558392013967e+28,0.0000000000000000e+00,1.6321053251317589e+09,-1.0781655255600574e+04,0.0000000000000000e+00,0.0000000000000000e+00,9.8656646722154917e+28,0.0000000000000000e+00,3.2885548907384962e+28,0.0000000000000000e+00,0.0000000000000000e+00,0.0000000000000000e+00,6.0447398423343776e+19,0.0000000000000000e+00,0.0000000000000000e+00,0.0000000000000000e+00,0.0000000000000000e+00,0.0000000000000000e+00,0.0000000000000000e+00,0.0000000000000000e+00,1.3333333333333330e+00,4.9653387369776763e+04,4.6832537430944915e-07,0.0000000000000000e+00,0.0000000000000000e+00,0.0000000000000000e+00,0.0000000000000000e+00,0.0000000000000000e+00,0.0000000000000000e+00,0.0000000000000000e+00,0.0000000000000000e+00,
0.0000000000000000e+00,4.7850000000000001e+01,1.5707963267948966e+00,3.1415926535897931e+00,1.0000000000000001e-01,3.1415926535897931e+00,6.2831853071795862e+00,0.0000000000000000e+00,1.0828006566924653e+00,5.2074159795217682e+01,5.2074159795217682e+01,1.1724572644229241e+00,2.7117189486021125e+03,2.7117189486021125e+03,2.9511053767771273e+03,9.1716708110681999e-01,0.0000000000000000e+00,0.0000000000000000e+00,0.0000000000000000e+00,1.0405770784348021e+00,0.0000000000000000e+00,0.0000000000000000e+00,0.0000000000000000e+00,0.0000000000000000e+00,0.0000000000000000e+00,0.0000000000000000e+00,1.3235331484059319e+09,-2.2653107707195103e+18,0.0000000000000000e+00,0.0000000000000000e+00,7.5779805933966879e+28,0.0000000000000000e+00,1.3223292042271760e+09,-1.1806594923310395e+04,0.0000000000000000e+00,0.0000000000000000e+00,7.4515768700758733e+28,0.0000000000000000e+00,2.4838589566919573e+28,0.0000000000000000e+00,0.0000000000000000e+00,0.0000000000000000e+00,5.6351840362882540e+19,0.0000000000000000e+00,0.0000000000000000e+00,0.0000000000000000e+00,0.0000000000000000e+00,0.0000000000000000e+00,0.0000000000000000e+00,0.0000000000000000e+00,1.3333333333333330e+00,4.8075997503707535e+04,3.8488453831306437e-07,0.0000000000000000e+00,0.0000000000000000e+00,0.0000000000000000e+00,0.0000000000000000e+00,0.0000000000000000e+00,0.0000000000000000e+00,0.0000000000000000e+00,0.0000000000000000e+00,
0.0000000000000000e+00,5.1049999999999997e+01,1.5707963267948966e+00,3.1415926535897931e+00,1.0000000000000001e-01,3.1415926535897931e+00,6.2831853071795862e+00,0.0000000000000000e+00,1.0781098929744790e+00,5.5268558977236559e+01,5.5268558977236559e+01,1.1623209431425610e+00,3.0546144420217611e+03,3.0546144420217611e+03,3.3070330956549606e+03,9.2215725771133539e-01,0.0000000000000000e+00,0.0000000000000000e+00,0.0000000000000000e+00,1.0383207079481944e+00,0.0000000000000000e+00,0.0000000000000000e+00,0.0000000000000000e+00,0.0000000000000000e+00,0.0000000000000000e+00,0.0000000000000000e+00,1.0980870329210773e+09,-1.9789965008731896e+18,0.0000000000000000e+00,0.0000000000000000e+00,5.9292215736004325e+28,0.0000000000000000e+00,1.0969230030283351e+09,-1.2800345087162199e+04,0.0000000000000000e+00,0.0000000000000000e+00,5.8080484074305143e+28,0.0000000000000000e+00,1.9360161358101712e+28,0.0000000000000000e+00,0.0000000000000000e+00,0.0000000000000000e+00,5.2948497112381260e+19,0.0000000000000000e+00,0.0000000000000000e+00,0.0000000000000000e+00,0.0000000000000000e+00,0.0000000000000000e+00,0.0000000000000000e+00,0.0000000000000000e+00,1.3333333333333330e+00,4.6710576048253308e+04,3.2437079777708138e-07,0.0000000000000000e+00,0.0000000000000000e+00,0.0000000000000000e+00,0.0000000000000000e+00,0.0000000000000000e+00,0.0000000000000000e+00,0.0000000000000000e+00,0.0000000000000000e+00,
0.0000000000000000e+00,5.4049999999999997e+01,1.5707963267948966e+00,3.1415926535897931e+00,1.0000000000000001e-01,3.1415926535897931e+00,6.2831853071795862e+00,0.0000000000000000e+00,1.0739219569182095e+00,5.8263910494306280e+01,5.8263910494306280e+01,1.1533083710055803e+00,3.3946840969846367e+03,3.3946840969846367e+03,3.6593425804191165e+03,9.2631867857473649e-01,0.0000000000000000e+00,0.0000000000000000e+00,0.0000000000000000e+00,1.0363020585618867e+00,0.0000000000000000e+00,0.0000000000000000e+00,0.0000000000000000e+00,0.0000000000000000e+00,0.0000000000000000e+00,0.0000000000000000e+00,9.1890718863548589e+08,-1.7571656225636388e+18,0.0000000000000000e+00,0.0000000000000000e+00,4.6956906078003576e+28,0.0000000000000000e+00,9.1777841645016932e+08,-1.3832392516102816e+04,0.0000000000000000e+00,0.0000000000000000e+00,4.5790894824946192e+28,0.0000000000000000e+00,1.5263631608315396e+28,0.0000000000000000e+00,0.0000000000000000e+00,0.0000000000000000e+00,4.9893145209426649e+19,0.0000000000000000e+00,0.0000000000000000e+00,0.0000000000000000e+00,0.0000000000000000e+00,0.0000000000000000e+00,0.0000000000000000e+00,0.0000000000000000e+00,1.3333333333333330e+00,4.5438433765865113e+04,2.7653561587277030e-07,0.0000000000000000e+00,0.0000000000000000e+00,0.0000000000000000e+00,0.0000000000000000e+00,0.0000000000000000e+00,0.0000000000000000e+00,0.0000000000000000e+00,0.0000000000000000e+00,
0.0000000000000000e+00,5.7049999999999997e+01,1.5707963267948966e+00,3.1415926535897931e+00,1.0000000000000001e-01,3.1415926535897931e+00,6.2831853071795862e+00,0.0000000000000000e+00,1.0701601307885937e+00,6.1259750877788477e+01,6.1259750877788477e+01,1.1452427067098379e+00,3.7527579087542240e+03,3.7527579087542240e+03,4.0296740697850801e+03,9.3005774474831915e-01,0.0000000000000000e+00,0.0000000000000000e+00,0.0000000000000000e+00,1.0344854423880725e+00,0.0000000000000000e+00,0.0000000000000000e+00,0.0000000000000000e+00,0.0000000000000000e+00,0.0000000000000000e+00,0.0000000000000000e+00,7.7456669700867414e+08,-1.5706454048645519e+18,0.0000000000000000e+00,0.0000000000000000e+00,3.7578151484601639e+28,0.0000000000000000e+00,7.7346866632266343e+08,-1.4911151427204451e+04,0.0000000000000000e+00,0.0000000000000000e+00,3.6451798135995719e+28,0.0000000000000000e+00,1.2150599378665236e+28,0.0000000000000000e+00,0.0000000000000000e+00,0.0000000000000000e+00,4.7127657472852247e+19,0.0000000000000000e+00,0.0000000000000000e+00,0.0000000000000000e+00,0.0000000000000000e+00,0.0000000000000000e+00,0.0000000000000000e+00,0.0000000000000000e+00,1.3333333333333330e+00,4.4245786514117346e+04,2.3949534548524564e-07,0.0000000000000000e+00,0.0000000000000000e+00,0.0000000000000000e+00,0.0000000000000000e+00,0.0000000000000000e+00,0.0000000000000000e+00,0.0000000000000000e+00,0.0000000000000000e+00,
0.0000000000000000e+00,6.0049999999999997e+01,1.5707963267948966e+00,3.1415926535897931e+00,1.0000000000000001e-01,3.1415926535897931e+00,6.2831853071795862e+00,0.0000000000000000e+00,1.0667625447802971e+00,6.4256006861361456e+01,6.4256006861361456e+01,1.1379823279139982e+00,4.1288352491258547e+03,4.1288352491258547e+03,4.4180241828818534e+03,9.3343564987302641e-01,0.0000000000000000e+00,0.0000000000000000e+00,0.0000000000000000e+00,1.0328419746280042e+00,0.0000000000000000e+00,0.0000000000000000e+00,0.0000000000000000e+00,0.0000000000000000e+00,0.0000000000000000e+00,0.0000000000000000e+00,1.0719883632073651e+08,-1.4123206942631521e+18,0.0000000000000000e+00,0.0000000000000000e+00,6.5339132483094621e+27,0.0000000000000000e+00,1.0042301832458556e+08,-1.0022095208479819e+05,0.0000000000000000e+00,0.0000000000000000e+00,2.8006724389565305e+25,0.0000000000000000e+00,9.3355747965217691e+24,0.0000000000000000e+00,0.0000000000000000e+00,0.0000000000000000e+00,2.7888746018871174e+17,0.0000000000000000e+00,0.0000000000000000e+00,0.0000000000000000e+00,0.0000000000000000e+00,0.0000000000000000e+00,0.0000000000000000e+00,0.0000000000000000e+00,1.3333333333333330e+00,3.5199249873297395e+03,5.7870486527109692e-08,0.0000000000000000e+00,0.0000000000000000e+00,0.0000000000000000e+00,0.0000000000000000e+00,0.0000000000000000e+00,0.0000000000000000e+00,0.0000000000000000e+00,0.0000000000000000e+00,
0.0000000000000000e+00,6.3049999999999997e+01,1.5707963267948966e+00,3.1415926535897931e+00,1.0000000000000001e-01,3.1415926535897931e+00,6.2831853071795862e+00,0.0000000000000000e+00,1.0636787514252823e+00,6.7252619122672854e+01,6.7252619122672854e+01,1.1314124870347355e+00,4.5229156104011790e+03,4.5229156104011790e+03,4.8243901975273675e+03,9.3650231067718570e-01,0.0000000000000000e+00,0.0000000000000000e+00,0.0000000000000000e+00,1.0313480262438088e+00,0.0000000000000000e+00,0.0000000000000000e+00,0.0000000000000000e+00,0.0000000000000000e+00,0.0000000000000000e+00,0.0000000000000000e+00,1.0011168276175490e+08,-1.2767822061145341e+18,0.0000000000000000e+00,0.0000000000000000e+00,5.8151405917129259e+27,0.0000000000000000e+00,9.4063915578268275e+07,-9.8265258477189462e+04,0.0000000000000000e+00,0.0000000000000000e+00,2.5667408613135931e+25,0.0000000000000000e+00,8.5558028710453100e+24,0.0000000000000000e+00,0.0000000000000000e+00,0.0000000000000000e+00,2.7287196380566362e+17,0.0000000000000000e+00,0.0000000000000000e+00,0.0000000000000000e+00,0.0000000000000000e+00,0.0000000000000000e+00,0.0000000000000000e+00,0.0000000000000000e+00,1.3333333333333328e+00,3.4817718544975064e+03,5.0310945429404959e-08,0.0000000000000000e+00,0.0000000000000000e+00,0.0000000000000000e+00,0.0000000000000000e+00,0.0000000000000000e+00,0.0000000000000000e+00,0.0000000000000000e+00,0.0000000000000000e+00,
0.0000000000000000e+00,6.6049999999999997e+01,1.5707963267948966e+00,3.1415926535897931e+00,1.0000000000000001e-01,3.1415926535897931e+00,6.2831853071795862e+00,0.0000000000000000e+00,1.0608672063928604e+00,7.0249539116749887e+01,7.0249539116749887e+01,1.1254392302685250e+00,4.9349985778166110e+03,4.9349985778166110e+03,5.2487698972995013e+03,9.3929885024195259e-01,0.0000000000000000e+00,0.0000000000000000e+00,0.0000000000000000e+00,1.0299840805737093e+00,0.0000000000000000e+00,0.0000000000000000e+00,0.0000000000000000e+00,0.0000000000000000e+00,0.0000000000000000e+00,0.0000000000000000e+00,9.3773331097442627e+07,-1.1598582802480259e+18,0.0000000000000000e+00,0.0000000000000000e+00,5.2024303014493162e+27,0.0000000000000000e+00,8.8348631296707675e+07,-9.6416197124013052e+04,0.0000000000000000e+00,0.0000000000000000e+00,2.3609369277838418e+25,0.0000000000000000e+00,7.8697897592794712e+24,0.0000000000000000e+00,0.0000000000000000e+00,0.0000000000000000e+00,2.6722956750876557e+17,0.0000000000000000e+00,0.0000000000000000e+00,0.0000000000000000e+00,0.0000000000000000e+00,0.0000000000000000e+00,0.0000000000000000e+00,0.0000000000000000e+00,1.3333333333333330e+00,3.4456005143061784e+03,4.4013719340693201e-08,0.0000000000000000e+00,0.0000000000000000e+00,0.0000000000000000e+00,0.0000000000000000e+00,0.0000000000000000e+00,0.0000000000000000e+00,0.0000000000000000e+00,0.0000000000000000e+00,
0.0000000000000000e+00,6.9049999999999997e+01,1.5707963267948966e+00,3.1415926535897931e+00,1.0000000000000001e-01,3.1415926535897931e+00,6.2831853071795862e+00,0.0000000000000000e+00,1.0582933877463863e+00,7.3246726734855585e+01,7.3246726734855585e+01,1.1199848951103388e+00,5.3650838092101549e+03,5.3650838092101549e+03,5.6911614593152417e+03,9.4185945274613514e-01,0.0000000000000000e+00,0.0000000000000000e+00,0.0000000000000000e+00,1.0287338759919789e+00,0.0000000000000000e+00,0.0000000000000000e+00,0.0000000000000000e+00,0.0000000000000000e+00,0.0000000000000000e+00,0.0000000000000000e+00,8.8077440172780126e+07,-1.0582900040741916e+18,0.0000000000000000e+00,0.0000000000000000e+00,4.6764702907013012e+27,0.0000000000000000e+00,8.3189516527080059e+07,-9.4664761130378480e+04,0.0000000000000000e+00,0.0000000000000000e+00,2.1789273417304057e+25,0.0000000000000000e+00,7.2630911391013501e+24,0.0000000000000000e+00,0.0000000000000000e+00,0.0000000000000000e+00,2.6192328057236282e+17,0.0000000000000000e+00,0.0000000000000000e+00,0.0000000000000000e+00,0.0000000000000000e+00,0.0000000000000000e+00,0.0000000000000000e+00,0.0000000000000000e+00,1.3333333333333330e+00,3.4112333496100177e+03,3.8725766290578369e-08,0.0000000000000000e+00,0.0000000000000000e+00,0.0000000000000000e+00,0.0000000000000000e+00,0.0000000000000000e+00,0.0000000000000000e+00,0.0000000000000000e+00,0.0000000000000000e+00,
0.0000000000000000e+00,7.2049999999999997e+01,1.5707963267948966e+00,3.1415926535897931e+00,1.0000000000000001e-01,3.1415926535897931e+00,6.2831853071795862e+00,0.0000000000000000e+00,1.0559283725587982e+00,7.6244148548208528e+01,7.6244148548208528e+01,1.1149847284514074e+00,5.8131710198025867e+03,5.8131710198025867e+03,6.1515633706150002e+03,9.4421276777173968e-01,0.0000000000000000e+00,0.0000000000000000e+00,0.0000000000000000e+00,1.0275837544676967e+00,0.0000000000000000e+00,0.0000000000000000e+00,0.0000000000000000e+00,0.0000000000000000e+00,0.0000000000000000e+00,0.0000000000000000e+00,8.2936338679716855e+07,-9.6950164518448640e+17,0.0000000000000000e+00,0.0000000000000000e+00,4.2220798273840430e+27,0.0000000000000000e+00,7.8513679395108894e+07,-9.3002934154147137e+04,0.0000000000000000e+00,0.0000000000000000e+00,2.0171818543744891e+25,0.0000000000000000e+00,6.7239395145816284e+24,0.0000000000000000e+00,0.0000000000000000e+00,0.0000000000000000e+00,2.5692104476932733e+17,0.0000000000000000e+00,0.0000000000000000e+00,0.0000000000000000e+00,0.0000000000000000e+00,0.0000000000000000e+00,0.0000000000000000e+00,0.0000000000000000e+00,1.3333333333333330e+00,3.3785148232765296e+03,3.4252683687786006e-08,0.0000000000000000e+00,0.0000000000000000e+00,0.0000000000000000e+00,0.0000000000000000e+00,0.0000000000000000e+00,0.0000000000000000e+00,0.0000000000000000e+00,0.0000000000000000e+00,
0.0000000000000000e+00,7.5049999999999997e+01,1.5707963267948966e+00,3.1415926535897931e+00,1.0000000000000001e-01,3.1415926535897931e+00,6.2831853071795862e+00,0.0000000000000000e+00,1.0537477462017899e+00,7.9241776472918417e+01,7.9241776472918417e+01,1.1103843130319830e+00,6.2792599706527189e+03,6.2792599706527189e+03,6.6299743649935745e+03,9.4638298683023903e-01,0.0000000000000000e+00,0.0000000000000000e+00,0.0000000000000000e+00,1.0265221605524730e+00,0.0000000000000000e+00,0.0000000000000000e+00,0.0000000000000000e+00,0.0000000000000000e+00,0.0000000000000000e+00,0.0000000000000000e+00,7.8277167560112894e+07,-8.9143572742617510e+17,0.0000000000000000e+00,0.0000000000000000e+00,3.8272040006668499e+27,0.0000000000000000e+00,7.4260059769164950e+07,-9.1423549894022333e+04,0.0000000000000000e+00,0.0000000000000000e+00,1.8728011599815581e+25,0.0000000000000000e+00,6.2426705332718580e+24,0.0000000000000000e+00,0.0000000000000000e+00,0.0000000000000000e+00,2.5219492052564531e+17,0.0000000000000000e+00,0.0000000000000000e+00,0.0000000000000000e+00,0.0000000000000000e+00,0.0000000000000000e+00,0.0000000000000000e+00,0.0000000000000000e+00,1.3333333333333330e+00,3.3473080246714749e+03,3.0443130265266848e-08,0.0000000000000000e+00,0.0000000000000000e+00,0.0000000000000000e+00,0.0000000000000000e+00,0.0000000000000000e+00,0.0000000000000000e+00,0.0000000000000000e+00,0.0000000000000000e+00,
0.0000000000000000e+00,7.8049999999999997e+01,1.5707963267948966e+00,3.1415926535897931e+00,1.0000000000000001e-01,3.1415926535897931e+00,6.2831853071795862e+00,0.0000000000000000e+00,1.0517307570099939e+00,8.2239586742807830e+01,8.2239586742807830e+01,1.1061375855897670e+00,6.7633504597918754e+03,6.7633504597918754e+03,7.1263933746737112e+03,9.4839067802549371e-01,0.0000000000000000e+00,0.0000000000000000e+00,0.0000000000000000e+00,1.0255392517729618e+00,0.0000000000000000e+00,0.0000000000000000e+00,0.0000000000000000e+00,0.0000000000000000e+00,0.0000000000000000e+00,0.0000000000000000e+00,7.4038930686197311e+07,-8.2243275415587712e+17,0.0000000000000000e+00,0.0000000000000000e+00,3.4821804191799540e+27,0.0000000000000000e+00,7.0377165459586978e+07,-8.9920187836054829e+04,0.0000000000000000e+00,0.0000000000000000e+00,1.7433863311412294e+25,0.0000000000000000e+00,5.8112877704707641e+24,0.0000000000000000e+00,0.0000000000000000e+00,0.0000000000000000e+00,2.4772043176350605e+17,0.0000000000000000e+00,0.0000000000000000e+00,0.0000000000000000e+00,0.0000000000000000e+00,0.0000000000000000e+00,0.0000000000000000e+00,0.0000000000000000e+00,1.3333333333333330e+00,3.3174918624675929e+03,2.7178539036305242e-08,0.0000000000000000e+00,0.0000000000000000e+00,0.0000000000000000e+00,0.0000000000000000e+00,0.0000000000000000e+00,0.0000000000000000e+00,0.0000000000000000e+00,0.0000000000000000e+00,
0.0000000000000000e+00,8.1049999999999997e+01,1.5707963267948966e+00,3.1415926535897931e+00,1.0000000000000001e-01,3.1415926535897931e+00,6.2831853071795862e+00,0.0000000000000000e+00,1.0498596542536254e+00,8.5237559110349594e+01,8.5237559110349594e+01,1.1022052939306881e+00,7.2654423153393336e+03,7.2654423153393336e+03,7.6408194929075680e+03,9.5025343996119938e-01,0.0000000000000000e+00,0.0000000000000000e+00,0.0000000000000000e+00,1.0246265925603897e+00,0.0000000000000000e+00,0.0000000000000000e+00,0.0000000000000000e+00,0.0000000000000000e+00,0.0000000000000000e+00,0.0000000000000000e+00,7.0170215590272233e+07,-7.6114228124237683e+17,0.0000000000000000e+00,0.0000000000000000e+00,3.1791975125992339e+27,0.0000000000000000e+00,6.6821302349793069e+07,-8.8487082128137394e+04,0.0000000000000000e+00,0.0000000000000000e+00,1.6269386930652277e+25,0.0000000000000000e+00,5.4231289768840915e+24,0.0000000000000000e+00,0.0000000000000000e+00,0.0000000000000000e+00,2.4347603315829142e+17,0.0000000000000000e+00,0.0000000000000000e+00,0.0000000000000000e+00,0.0000000000000000e+00,0.0000000000000000e+00,0.0000000000000000e+00,0.0000000000000000e+00,1.3333333333333328e+00,3.2889587583442690e+03,2.4364664726694853e-08,0.0000000000000000e+00,0.0000000000000000e+00,0.0000000000000000e+00,0.0000000000000000e+00,0.0000000000000000e+00,0.0000000000000000e+00,0.0000000000000000e+00,0.0000000000000000e+00,
0.0000000000000000e+00,8.4049999999999997e+01,1.5707963267948966e+00,3.1415926535897931e+00,1.0000000000000001e-01,3.1415926535897931e+00,6.2831853071795862e+00,0.0000000000000000e+00,1.0481191646675527e+00,8.8235676218725914e+01,8.8235676218725914e+01,1.0985537836046617e+00,7.7855353901008230e+03,7.7855353901008230e+03,8.1732519447281793e+03,9.5198641897063774e-01,0.0000000000000000e+00,0.0000000000000000e+00,0.0000000000000000e+00,1.0237769115413955e+00,0.0000000000000000e+00,0.0000000000000000e+00,0.0000000000000000e+00,0.0000000000000000e+00,0.0000000000000000e+00,0.0000000000000000e+00,6.6627414464084275e+07,-7.0645633748773978e+17,0.0000000000000000e+00,0.0000000000000000e+00,2.9118896018799578e+27,0.0000000000000000e+00,6.3555178717527047e+07,-8.7119042310537072e+04,0.0000000000000000e+00,0.0000000000000000e+00,1.5217823093913885e+25,0.0000000000000000e+00,5.0726076979712938e+24,0.0000000000000000e+00,0.0000000000000000e+00,0.0000000000000000e+00,2.3944267422609210e+17,0.0000000000000000e+00,0.0000000000000000e+00,0.0000000000000000e+00,0.0000000000000000e+00,0.0000000000000000e+00,0.0000000000000000e+00,0.0000000000000000e+00,1.3333333333333330e+00,3.2616127423011185e+03,2.1926393365253719e-08,0.0000000000000000e+00,0.0000000000000000e+00,0.0000000000000000e+00,0.0000000000000000e+00,0.0000000000000000e+00,0.0000000000000000e+00,0.0000000000000000e+00,0.0000000000000000e+00,
0.0000000000000000e+00,8.7049999999999997e+01,1.5707963267948966e+00,3.1415926535897931e+00,1.0000000000000001e-01,3.1415926535897931e+00,6.2831853071795862e+00,0.0000000000000000e+00,1.0464960748490273e+00,9.1233923103728088e+01,9.1233923103728088e+01,1.0951540349021724e+00,8.3236295572902436e+03,8.3236295572902436e+03,8.7236900638516145e+03,9.5360272187601758e-01,0.0000000000000000e+00,0.0000000000000000e+00,0.0000000000000000e+00,1.0229839073976772e+00,0.0000000000000000e+00,0.0000000000000000e+00,0.0000000000000000e+00,0.0000000000000000e+00,0.0000000000000000e+00,0.0000000000000000e+00,6.3373322827221312e+07,-6.5745899731289050e+17,0.0000000000000000e+00,0.0000000000000000e+00,2.6750308731152262e+27,0.0000000000000000e+00,6.0546795396122515e+07,-8.5811384828540860e+04,0.0000000000000000e+00,0.0000000000000000e+00,1.4265034288270818e+25,0.0000000000000000e+00,4.7550114294236055e+24,0.0000000000000000e+00,0.0000000000000000e+00,0.0000000000000000e+00,2.3560344015758794e+17,0.0000000000000000e+00,0.0000000000000000e+00,0.0000000000000000e+00,0.0000000000000000e+00,0.0000000000000000e+00,0.0000000000000000e+00,0.0000000000000000e+00,1.3333333333333330e+00,3.2353678693315214e+03,1.9803114478127883e-08,0.0000000000000000e+00,0.0000000000000000e+00,0.0000000000000000e+00,0.0000000000000000e+00,0.0000000000000000e+00,0.0000000000000000e+00,0.0000000000000000e+00,0.0000000000000000e+00,

28,61
0.0000000000000000e+00,6.1500000000000004e+00,1.5707963267948966e+00,3.1415926535897931e+00,1.0000000000000001e-01,3.1415926535897931e+00,6.2831853071795862e+00,0.0000000000000000e+00,2.8154683000710801e+00,1.0979863914309675e+01,1.0979863914309675e+01,7.9273256850463536e+00,1.2055806720153510e+02,1.2055806720153510e+02,2.1523527831447626e+02,4.9682118871135439e-01,0.0000000000000000e+00,0.0000000000000000e+00,0.0000000000000000e+00,1.6779234495330719e+00,0.0000000000000000e+00,0.0000000000000000e+00,0.0000000000000000e+00,0.0000000000000000e+00,0.0000000000000000e+00,0.0000000000000000e+00,1.6957704501539697e+14,-2.8490929349128588e+20,0.0000000000000000e+00,0.0000000000000000e+00,4.8272637588698079e+35,0.0000000000000000e+00,1.6957704464426131e+14,-7.0732046501102150e+00,0.0000000000000000e+00,0.0000000000000000e+00,4.8272637274613285e+35,0.0000000000000000e+00,1.6090879091537762e+35,0.0000000000000000e+00,0.0000000000000000e+00,0.0000000000000000e+00,2.8392831936203504e+21,0.0000000000000000e+00,0.0000000000000000e+00,0.0000000000000000e+00,0.0000000000000000e+00,0.0000000000000000e+00,0.0000000000000000e+00,0.0000000000000000e+00,1.3333333333333335e+00,1.5558685972783965e+05,2.8231900373562449e-02,0.0000000000000000e+00,0.0000000000000000e+00,0.0000000000000000e+00,0.0000000000000000e+00,0.0000000000000000e+00,0.0000000000000000e+00,0.0000000000000000e+00,0.0000000000000000e+00,
0.0000000000000000e+00,9.3499999999999996e+00,1.5707963267948966e+00,3.1415926535897931e+00,1.0000000000000001e-01,3.1415926535897931e+00,6.2831853071795862e+00,0.0000000000000000e+00,1.7709987502201487e+00,1.3942015848667046e+01,1.3942015848667046e+01,3.1364531117527394e+00,1.9438055975978756e+02,1.9438055975978756e+02,2.8984285200932055e+02,6.3785088601337048e-01,0.0000000000000000e+00,0.0000000000000000e+00,0.0000000000000000e+00,1.3307878928141597e+00,0.0000000000000000e+00,0.0000000000000000e+00,0.0000000000000000e+00,0.0000000000000000e+00,0.0000000000000000e+00,0.0000000000000000e+00,2.1870127619851511e+12,-8.9529646496697188e+19,0.0000000000000000e+00,0.0000000000000000e+00,1.4576021855705140e+33,0.0000000000000000e+00,2.1870112507382839e+12,-1.9904590081874653e+02,0.0000000000000000e+00,0.0000000000000000e+00,1.4575981418891338e+33,0.0000000000000000e+00,4.8586604729637773e+32,0.0000000000000000e+00,0.0000000000000000e+00,0.0000000000000000e+00,6.6638424509975940e+20,0.0000000000000000e+00,0.0000000000000000e+00,0.0000000000000000e+00,0.0000000000000000e+00,0.0000000000000000e+00,0.0000000000000000e+00,0.0000000000000000e+00,1.3333333333333337e+00,1.2203763547515064e+05,5.5045988855359832e-04,0.0000000000000000e+00,0.0000000000000000e+00,0.0000000000000000e+00,0.0000000000000000e+00,0.0000000000000000e+00,0.0000000000000000e+00,0.0000000000000000e+00,0.0000000000000000e+00,
0.0000000000000000e+00,1.2550000000000001e+01,1.5707963267948966e+00,3.1415926535897931e+00,1.0000000000000001e-01,3.1415926535897931e+00,6.2831853071795862e+00,0.0000000000000000e+00,1.4854078892218407e+00,1.7025451508758465e+01,1.7025451508758465e+01,2.2064392511797064e+00,2.8986678779117369e+02,2.8986678779117369e+02,3.9323343968118138e+02,7.1713170205895349e-01,0.0000000000000000e+00,0.0000000000000000e+00,0.0000000000000000e+00,1.2187729249464356e+00,0.0000000000000000e+00,0.0000000000000000e+00,0.0000000000000000e+00,0.0000000000000000e+00,0.0000000000000000e+00,0.0000000000000000e+00,3.9762165726803699e+11,-4.3211012558011769e+19,0.0000000000000000e+00,0.0000000000000000e+00,1.5012156502530668e+32,0.0000000000000000e+00,3.9761967974086432e+11,-6.3656530482515291e+02,0.0000000000000000e+00,0.0000000000000000e+00,1.5011779687077945e+32,0.0000000000000000e+00,5.0039265623593144e+31,0.0000000000000000e+00,0.0000000000000000e+00,0.0000000000000000e+00,3.7752384490984885e+20,0.0000000000000000e+00,0.0000000000000000e+00,0.0000000000000000e+00,0.0000000000000000e+00,0.0000000000000000e+00,0.0000000000000000e+00,0.0000000000000000e+00,1.3333333333333335e+00,1.0370695742199480e+05,1.0382920208642061e-04,0.0000000000000000e+00,0.0000000000000000e+00,0.0000000000000000e+00,0.0000000000000000e+00,0.0000000000000000e+00,0.0000000000000000e+00,0.0000000000000000e+00,0.0000000000000000e+00,
0.0000000000000000e+00,1.5750000000000000e+01,1.5707963267948966e+00,3.1415926535897931e+00,1.0000000000000001e-01,3.1415926535897931e+00,6.2831853071795862e+00,0.0000000000000000e+00,1.3535716124595349e+00,2.0156248856863744e+01,2.0156248856863744e+01,1.8321568631672063e+00,4.0627517283995132e+02,4.0627517283995132e+02,5.1993296507862260e+02,7.6793474141772244e-01,0.0000000000000000e+00,0.0000000000000000e+00,0.0000000000000000e+00,1.1634309061411054e+00,0.0000000000000000e+00,0.0000000000000000e+00,0.0000000000000000e+00,0.0000000000000000e+00,0.0000000000000000e+00,0.0000000000000000e+00,1.3497584780264856e+11,-2.5362556798661894e+19,0.0000000000000000e+00,0.0000000000000000e+00,3.5550159262295438e+31,0.0000000000000000e+00,1.3497375690478046e+11,-1.2328308104398336e+03,0.0000000000000000e+00,0.0000000000000000e+00,3.5546811620945134e+31,0.0000000000000000e+00,1.1848937206981709e+31,0.0000000000000000e+00,0.0000000000000000e+00,0.0000000000000000e+00,2.6335502981726110e+20,0.0000000000000000e+00,0.0000000000000000e+00,0.0000000000000000e+00,0.0000000000000000e+00,0.0000000000000000e+00,0.0000000000000000e+00,0.0000000000000000e+00,1.3333333333333335e+00,9.1740882546537163e+04,3.5793760943652457e-05,0.0000000000000000e+00,0.0000000000000000e+00,0.0000000000000000e+00,0.0000000000000000e+00,0.0000000000000000e+00,0.0000000000000000e+00,0.0000000000000000e+00,0.0000000000000000e+00,
0.0000000000000000e+00,1.8949999999999999e+01,1.5707963267948966e+00,3.1415926535897931e+00,1.0000000000000001e-01,3.1415926535897931e+00,6.2831853071795862e+00,0.0000000000000000e+00,1.2778841722106233e+00,2.3310416101128055e+01,2.3310416101128055e+01,1.6329882460621432e+00,5.4337631241891461e+02,5.4337631241891461e+02,6.6840543513582259e+02,8.0326775002214856e-01,0.0000000000000000e+00,0.0000000000000000e+00,0.0000000000000000e+00,1.1304353655892585e+00,0.0000000000000000e+00,0.0000000000000000e+00,0.0000000000000000e+00,0.0000000000000000e+00,0.0000000000000000e+00,0.0000000000000000e+00,6.1083481171237122e+10,-1.6659071807591500e+19,0.0000000000000000e+00,0.0000000000000000e+00,1.2353270847934642e+31,0.0000000000000000e+00,6.1081419220047096e+10,-1.9276345683958434e+03,0.0000000000000000e+00,0.0000000000000000e+00,1.2350305819371938e+31,0.0000000000000000e+00,4.1167686064573113e+30,0.0000000000000000e+00,0.0000000000000000e+00,0.0000000000000000e+00,2.0219148909322073e+20,0.0000000000000000e+00,0.0000000000000000e+00,0.0000000000000000e+00,0.0000000000000000e+00,0.0000000000000000e+00,0.0000000000000000e+00,0.0000000000000000e+00,1.3333333333333335e+00,8.3142912548019289e+04,1.6341565138734985e-05,0.0000000000000000e+00,0.0000000000000000e+00,0.0000000000000000e+00,0.0000000000000000e+00,0.0000000000000000e+00,0.0000000000000000e+00,0.0000000000000000e+00,0.0000000000000000e+00,
0.0000000000000000e+00,2.2149999999999999e+01,1.5707963267948966e+00,3.1415926535897931e+00,1.0000000000000001e-01,3.1415926535897931e+00,6.2831853071795862e+00,0.0000000000000000e+00,1.2288276381832286e+00,2.6477825174666112e+01,2.6477825174666112e+01,1.5100174972992584e+00,7.0107604485480977e+02,7.0107604485480977e+02,8.3805501108633587e+02,8.2926320850428070e-01,0.0000000000000000e+00,0.0000000000000000e+00,0.0000000000000000e+00,1.1085249709131750e+00,0.0000000000000000e+00,0.0000000000000000e+00,0.0000000000000000e+00,0.0000000000000000e+00,0.0000000000000000e+00,0.0000000000000000e+00,3.2636323810424026e+10,-1.1773056146727981e+19,0.0000000000000000e+00,0.0000000000000000e+00,5.3568797883376485e+30,0.0000000000000000e+00,3.2634344887535442e+10,-2.6866203485340097e+03,0.0000000000000000e+00,0.0000000000000000e+00,5.3542352887550691e+30,0.0000000000000000e+00,1.7847450962516895e+30,0.0000000000000000e+00,0.0000000000000000e+00,0.0000000000000000e+00,1.6406607189829304e+20,0.0000000000000000e+00,0.0000000000000000e+00,0.0000000000000000e+00,0.0000000000000000e+00,0.0000000000000000e+00,0.0000000000000000e+00,0.0000000000000000e+00,1.3333333333333335e+00,7.6579572163221514e+04,8.7845956623934598e-06,0.0000000000000000e+00,0.0000000000000000e+00,0.0000000000000000e+00,0.0000000000000000e+00,0.0000000000000000e+00,0.0000000000000000e+00,0.0000000000000000e+00,0.0000000000000000e+00,
0.0000000000000000e+00,2.5350000000000001e+01,1.5707963267948966e+00,3.1415926535897931e+00,1.0000000000000001e-01,3.1415926535897931e+00,6.2831853071795862e+00,0.0000000000000000e+00,1.1944673574503448e+00,2.9653461733087017e+01,2.9653461733087017e+01,1.4267523374505340e+00,8.7932861503862921e+02,8.7932861503862921e+02,1.0286028223665860e+03,8.4919059354645887e-01,0.0000000000000000e+00,0.0000000000000000e+00,0.0000000000000000e+00,1.0929168966200282e+00,0.0000000000000000e+00,0.0000000000000000e+00,0.0000000000000000e+00,0.0000000000000000e+00,0.0000000000000000e+00,0.0000000000000000e+00,1.9429404809499374e+10,-8.7592305155232655e+18,0.0000000000000000e+00,0.0000000000000000e+00,2.6837300289228114e+30,0.0000000000000000e+00,1.9427526307586216e+10,-3.4900364386193573e+03,0.0000000000000000e+00,0.0000000000000000e+00,2.6813501433319611e+30,0.0000000000000000e+00,8.9378338111065337e+29,0.0000000000000000e+00,0.0000000000000000e+00,0.0000000000000000e+00,1.3801724310571044e+20,0.0000000000000000e+00,0.0000000000000000e+00,0.0000000000000000e+00,0.0000000000000000e+00,0.0000000000000000e+00,0.0000000000000000e+00,0.0000000000000000e+00,1.3333333333333335e+00,7.1355299380670345e+04,5.2558646606822182e-06,0.0000000000000000e+00,0.0000000000000000e+00,0.0000000000000000e+00,0.0000000000000000e+00,0.0000000000000000e+00,0.0000000000000000e+00,0.0000000000000000e+00,0.0000000000000000e+00,
0.0000000000000000e+00,2.8550000000000001e+01,1.5707963267948966e+00,3.1415926535897931e+00,1.0000000000000001e-01,3.1415926535897931e+00,6.2831853071795862e+00,0.0000000000000000e+00,1.1690666223437547e+00,3.2834559431322027e+01,3.2834559431322027e+01,1.3667168071808060e+00,1.0781091176640516e+03,1.0781091176640516e+03,1.2399011072038825e+03,8.6495253222704149e-01,0.0000000000000000e+00,0.0000000000000000e+00,0.0000000000000000e+00,1.0812338386554314e+00,0.0000000000000000e+00,0.0000000000000000e+00,0.0000000000000000e+00,0.0000000000000000e+00,0.0000000000000000e+00,0.0000000000000000e+00,1.2480675508404287e+10,-6.7702946841543803e+18,0.0000000000000000e+00,0.0000000000000000e+00,1.4882039536001385e+30,0.0000000000000000e+00,1.2478899272503183e+10,-4.3262779778069498e+03,0.0000000000000000e+00,0.0000000000000000e+00,1.4860432282455077e+30,0.0000000000000000e+00,4.9534774274850244e+29,0.0000000000000000e+00,0.0000000000000000e+00,0.0000000000000000e+00,1.1908393171437665e+20,0.0000000000000000e+00,0.0000000000000000e+00,0.0000000000000000e+00,0.0000000000000000e+00,0.0000000000000000e+00,0.0000000000000000e+00,0.0000000000000000e+00,1.3333333333333335e+00,6.7066988341379547e+04,3.3919259850876948e-06,0.0000000000000000e+00,0.0000000000000000e+00,0.0000000000000000e+00,0.0000000000000000e+00,0.0000000000000000e+00,0.0000000000000000e+00,0.0000000000000000e+00,0.0000000000000000e+00,
0.0000000000000000e+00,3.1750000000000000e+01,1.5707963267948966e+00,3.1415926535897931e+00,1.0000000000000001e-01,3.1415926535897931e+00,6.2831853071795862e+00,0.0000000000000000e+00,1.1495283734453901e+00,3.6019467120118016e+01,3.6019467120118016e+01,1.3214155056641175e+00,1.2974028378975074e+03,1.2974028378975074e+03,1.4718643212579957e+03,8.7773150045496573e-01,0.0000000000000000e+00,0.0000000000000000e+00,0.0000000000000000e+00,1.0721606074459487e+00,0.0000000000000000e+00,0.0000000000000000e+00,0.0000000000000000e+00,0.0000000000000000e+00,0.0000000000000000e+00,0.0000000000000000e+00,8.4813578533011465e+09,-5.3892072087187016e+18,0.0000000000000000e+00,0.0000000000000000e+00,8.8975083904546167e+29,0.0000000000000000e+00,8.4796792005498524e+09,-5.1885247534002774e+03,0.0000000000000000e+00,0.0000000000000000e+00,8.8777314373290210e+29,0.0000000000000000e+00,2.9592438124430056e+29,0.0000000000000000e+00,0.0000000000000000e+00,0.0000000000000000e+00,1.0469381567740876e+20,0.0000000000000000e+00,0.0000000000000000e+00,0.0000000000000000e+00,0.0000000000000000e+00,0.0000000000000000e+00,0.0000000000000000e+00,0.0000000000000000e+00,1.3333333333333335e+00,6.3462713478794481e+04,2.3161595427408916e-06,0.0000000000000000e+00,0.0000000000000000e+00,0.0000000000000000e+00,0.0000000000000000e+00,0.0000000000000000e+00,0.0000000000000000e+00,0.0000000000000000e+00,0.0000000000000000e+00,
0.0000000000000000e+00,3.4950000000000003e+01,1.5707963267948966e+00,3.1415926535897931e+00,1.0000000000000001e-01,3.1415926535897931e+00,6.2831853071795862e+00,0.0000000000000000e+00,1.1340345204054070e+00,3.9207138334080739e+01,3.9207138334080739e+01,1.2860343091717952e+00,1.5372005238582037e+03,1.5372005238582037e+03,1.7244395297264823e+03,8.8830109372367183e-01,0.0000000000000000e+00,0.0000000000000000e+00,0.0000000000000000e+00,1.0649105675802888e+00,0.0000000000000000e+00,0.0000000000000000e+00,0.0000000000000000e+00,0.0000000000000000e+00,0.0000000000000000e+00,0.0000000000000000e+00,6.0185521434569731e+09,-4.3913336147339013e+18,0.0000000000000000e+00,0.0000000000000000e+00,5.6368900521169101e+29,0.0000000000000000e+00,6.0169638573790216e+09,-6.0729598913382279e+03,0.0000000000000000e+00,0.0000000000000000e+00,5.6186559133799856e+29,0.0000000000000000e+00,1.8728853044599946e+29,0.0000000000000000e+00,0.0000000000000000e+00,0.0000000000000000e+00,9.3379983268914135e+19,0.0000000000000000e+00,0.0000000000000000e+00,0.0000000000000000e+00,0.0000000000000000e+00,0.0000000000000000e+00,0.0000000000000000e+00,0.0000000000000000e+00,1.3333333333333335e+00,6.0375799124303070e+04,1.6523889288360388e-06,0.0000000000000000e+00,0.0000000000000000e+00,0.0000000000000000e+00,0.0000000000000000e+00,0.0000000000000000e+00,0.0000000000000000e+00,0.0000000000000000e+00,0.0000000000000000e+00,
0.0000000000000000e+00,3.8149999999999999e+01,1.5707963267948966e+00,3.1415926535897931e+00,1.0000000000000001e-01,3.1415926535897931e+00,6.2831853071795862e+00,0.0000000000000000e+00,1.1214478712190703e+00,4.2396877699380561e+01,4.2396877699380561e+01,1.2576453384483861e+00,1.7974960671011515e+03,1.7974960671011515e+03,1.9975922292935429e+03,8.9718869524567557e-01,0.0000000000000000e+00,0.0000000000000000e+00,0.0000000000000000e+00,1.0589843572305710e+00,0.0000000000000000e+00,0.0000000000000000e+00,0.0000000000000000e+00,0.0000000000000000e+00,0.0000000000000000e+00,0.0000000000000000e+00,4.4196796564096699e+09,-3.6469773507122017e+18,0.0000000000000000e+00,0.0000000000000000e+00,3.7390059829578130e+29,0.0000000000000000e+00,4.4181737902598381e+09,-6.9777988865182815e+03,0.0000000000000000e+00,0.0000000000000000e+00,3.7220837776925957e+29,0.0000000000000000e+00,1.2406945925641984e+29,0.0000000000000000e+00,0.0000000000000000e+00,0.0000000000000000e+00,8.4244649989187764e+19,0.0000000000000000e+00,0.0000000000000000e+00,0.0000000000000000e+00,0.0000000000000000e+00,0.0000000000000000e+00,0.0000000000000000e+00,0.0000000000000000e+00,1.3333333333333335e+00,5.7690925044381336e+04,1.2208814966554255e-06,0.0000000000000000e+00,0.0000000000000000e+00,0.0000000000000000e+00,0.0000000000000000e+00,0.0000000000000000e+00,0.0000000000000000e+00,0.0000000000000000e+00,0.0000000000000000e+00,
0.0000000000000000e+00,4.1350000000000001e+01,1.5707963267948966e+00,3.1415926535897931e+00,1.0000000000000001e-01,3.1415926535897931e+00,6.2831853071795862e+00,0.0000000000000000e+00,1.1110208166181910e+00,4.5588205087532494e+01,4.5588205087532494e+01,1.2343672623537418e+00,2.0782852722742409e+03,2.0782852722742409e+03,2.2912989722330217e+03,9.0476620907356209e-01,0.0000000000000000e+00,0.0000000000000000e+00,0.0000000000000000e+00,1.0540497212912827e+00,0.0000000000000000e+00,0.0000000000000000e+00,0.0000000000000000e+00,0.0000000000000000e+00,0.0000000000000000e+00,0.0000000000000000e+00,3.3366788398733482e+09,-3.0770053723614310e+18,0.0000000000000000e+00,0.0000000000000000e+00,2.5741859421457265e+29,0.0000000000000000e+00,3.3352475224899240e+09,-7.9027557503167000e+03,0.0000000000000000e+00,0.0000000000000000e+00,2.5583879481923200e+29,0.0000000000000000e+00,8.5279598273077321e+28,0.0000000000000000e+00,0.0000000000000000e+00,0.0000000000000000e+00,7.6707437926417236e+19,0.0000000000000000e+00,0.0000000000000000e+00,0.0000000000000000e+00,0.0000000000000000e+00,0.0000000000000000e+00,0.0000000000000000e+00,0.0000000000000000e+00,1.3333333333333337e+00,5.5325355333898427e+04,9.2835954057031285e-07,0.0000000000000000e+00,0.0000000000000000e+00,0.0000000000000000e+00,0.0000000000000000e+00,0.0000000000000000e+00,0.0000000000000000e+00,0.0000000000000000e+00,0.0000000000000000e+00,
0.0000000000000000e+00,4.4549999999999997e+01,1.5707963267948966e+00,3.1415926535897931e+00,1.0000000000000001e-01,3.1415926535897931e+00,6.2831853071795862e+00,0.0000000000000000e+00,1.1022417309110173e+00,4.8780778313652760e+01,4.8780778313652760e+01,1.2149368386816712e+00,2.3795651626328486e+03,2.3795651626328486e+03,2.6055432686336394e+03,9.1130342355827154e-01,0.0000000000000000e+00,0.0000000000000000e+00,0.0000000000000000e+00,1.0498770069414787e+00,0.0000000000000000e+00,0.0000000000000000e+00,0.0000000000000000e+00,0.0000000000000000e+00,0.0000000000000000e+00,0.0000000000000000e+00,2.5770680414889474e+09,-2.6309132101820477e+18,0.0000000000000000e+00,0.0000000000000000e+00,1.8275181223341765e+29,0.0000000000000000e+00,2.5757038138289323e+09,-8.8487634573322539e+03,0.0000000000000000e+00,0.0000000000000000e+00,1.8126896324361743e+29,0.0000000000000000e+00,6.0422987747872460e+28,0.0000000000000000e+00,0.0000000000000000e+00,0.0000000000000000e+00,7.0376360391943487e+19,0.0000000000000000e+00,0.0000000000000000e+00,0.0000000000000000e+00,0.0000000000000000e+00,0.0000000000000000e+00,0.0000000000000000e+00,0.0000000000000000e+00,1.3333333333333335e+00,5.3217907104056525e+04,7.2312501920957017e-07,0.0000000000000000e+00,0.0000000000000000e+00,0.0000000000000000e+00,0.0000000000000000e+00,0.0000000000000000e+00,0.0000000000000000e+00,0.0000000000000000e+00,0.0000000000000000e+00,
0.0000000000000000e+00,4.7750000000000000e+01,1.5707963267948966e+00,3.1415926535897931e+00,1.0000000000000001e-01,3.1415926535897931e+00,6.2831853071795862e+00,0.0000000000000000e+00,1.0947487065773231e+00,5.1974346916239377e+01,5.1974346916239377e+01,1.1984747344769826e+00,2.7013335675808239e+03,2.7013335675808239e+03,2.9403131848026546e+03,9.1700080813083862e-01,0.0000000000000000e+00,0.0000000000000000e+00,0.0000000000000000e+00,1.0463023968629570e+00,0.0000000000000000e+00,0.0000000000000000e+00,0.0000000000000000e+00,0.0000000000000000e+00,0.0000000000000000e+00,0.0000000000000000e+00,2.0284898961255279e+09,-2.2752392347309309e+18,0.0000000000000000e+00,0.0000000000000000e+00,1.3311939036019765e+29,0.0000000000000000e+00,2.0271858219167180e+09,-9.8178594420560948e+03,0.0000000000000000e+00,0.0000000000000000e+00,1.3172056079084394e+29,0.0000000000000000e+00,4.3906853596947979e+28,0.0000000000000000e+00,0.0000000000000000e+00,0.0000000000000000e+00,6.4976958994708472e+19,0.0000000000000000e+00,0.0000000000000000e+00,0.0000000000000000e+00,0.0000000000000000e+00,0.0000000000000000e+00,0.0000000000000000e+00,0.0000000000000000e+00,1.3333333333333335e+00,5.1322142905302848e+04,5.7494952346981176e-07,0.0000000000000000e+00,0.0000000000000000e+00,0.0000000000000000e+00,0.0000000000000000e+00,0.0000000000000000e+00,0.0000000000000000e+00,0.0000000000000000e+00,0.0000000000000000e+00,
0.0000000000000000e+00,5.0950000000000003e+01,1.5707963267948966e+00,3.1415926535897931e+00,1.0000000000000001e-01,3.1415926535897931e+00,6.2831853071795862e+00,0.0000000000000000e+00,1.0882785406277165e+00,5.5168723354002367e+01,5.5168723354002367e+01,1.1843501849484059e+00,3.0435888671012062e+03,3.0435888671012062e+03,3.2955998718509122e+03,9.2201043288845541e-01,0.0000000000000000e+00,0.0000000000000000e+00,0.0000000000000000e+00,1.0432058952806451e+00,0.0000000000000000e+00,0.0000000000000000e+00,0.0000000000000000e+00,0.0000000000000000e+00,0.0000000000000000e+00,0.0000000000000000e+00,1.6223428556176009e+09,-1.9871017193518410e+18,0.0000000000000000e+00,0.0000000000000000e+00,9.9095830050384237e+28,0.0000000000000000e+00,1.6210925220934153e+09,-1.0813196943320148e+04,0.0000000000000000e+00,0.0000000000000000e+00,9.7770051234425264e+28,0.0000000000000000e+00,3.2590017078141744e+28,0.0000000000000000e+00,0.0000000000000000e+00,0.0000000000000000e+00,6.0311133171893690e+19,0.0000000000000000e+00,0.0000000000000000e+00,0.0000000000000000e+00,0.0000000000000000e+00,0.0000000000000000e+00,0.0000000000000000e+00,0.0000000000000000e+00,1.3333333333333335e+00,4.9601990766879120e+04,4.6535580276397782e-07,0.0000000000000000e+00,0.0000000000000000e+00,0.0000000000000000e+00,0.0000000000000000e+00,0.0000000000000000e+00,0.0000000000000000e+00,0.0000000000000000e+00,0.0000000000000000e+00,
0.0000000000000000e+00,5.3950000000000003e+01,1.5707963267948966e+00,3.1415926535897931e+00,1.0000000000000001e-01,3.1415926535897931e+00,6.2831853071795862e+00,0.0000000000000000e+00,1.0826352425946197e+00,5.8164057115003715e+01,5.8164057115003715e+01,1.1720990707789694e+00,3.3830583709644811e+03,3.3830583709644811e+03,3.6473085554665195e+03,9.2618714571542837e-01,0.0000000000000000e+00,0.0000000000000000e+00,0.0000000000000000e+00,1.0404975934956275e+00,0.0000000000000000e+00,0.0000000000000000e+00,0.0000000000000000e+00,0.0000000000000000e+00,0.0000000000000000e+00,0.0000000000000000e+00,1.3151183330047240e+09,-1.7639457724856773e+18,0.0000000000000000e+00,0.0000000000000000e+00,7.5146471609814499e+28,0.0000000000000000e+00,1.3139157965958788e+09,-1.1839174805263447e+04,0.0000000000000000e+00,0.0000000000000000e+00,7.3884291083068009e+28,0.0000000000000000e+00,2.4628097027689330e+28,0.0000000000000000e+00,0.0000000000000000e+00,0.0000000000000000e+00,5.6232071952442483e+19,0.0000000000000000e+00,0.0000000000000000e+00,0.0000000000000000e+00,0.0000000000000000e+00,0.0000000000000000e+00,0.0000000000000000e+00,0.0000000000000000e+00,1.3333333333333337e+00,4.8028818600880324e+04,3.8262172869820184e-07,0.0000000000000000e+00,0.0000000000000000e+00,0.0000000000000000e+00,0.0000000000000000e+00,0.0000000000000000e+00,0.0000000000000000e+00,0.0000000000000000e+00,0.0000000000000000e+00,
0.0000000000000000e+00,5.6950000000000003e+01,1.5707963267948966e+00,3.1415926535897931e+00,1.0000000000000001e-01,3.1415926535897931e+00,6.2831853071795862e+00,0.0000000000000000e+00,1.0779626670291345e+00,6.1159882471430642e+01,6.1159882471430642e+01,1.1620035133080568e+00,3.7405320550570427e+03,3.7405320550570427e+03,4.0170393699901656e+03,9.2993923355326291e-01,0.0000000000000000e+00,0.0000000000000000e+00,0.0000000000000000e+00,1.0382498093483081e+00,0.0000000000000000e+00,0.0000000000000000e+00,0.0000000000000000e+00,0.0000000000000000e+00,0.0000000000000000e+00,0.0000000000000000e+00,1.0914432174746029e+09,-1.5763742745175145e+18,0.0000000000000000e+00,0.0000000000000000e+00,5.8822110539594088e+28,0.0000000000000000e+00,1.0902804368014481e+09,-1.2834089267866470e+04,0.0000000000000000e+00,0.0000000000000000e+00,5.7612005544332158e+28,0.0000000000000000e+00,1.9204001848110720e+28,0.0000000000000000e+00,0.0000000000000000e+00,0.0000000000000000e+00,5.2841401761530708e+19,0.0000000000000000e+00,0.0000000000000000e+00,0.0000000000000000e+00,0.0000000000000000e+00,0.0000000000000000e+00,0.0000000000000000e+00,0.0000000000000000e+00,1.3333333333333335e+00,4.6666750307366718e+04,3.2259192290922143e-07,0.0000000000000000e+00,0.0000000000000000e+00,0.0000000000000000e+00,0.0000000000000000e+00,0.0000000000000000e+00,0.0000000000000000e+00,0.0000000000000000e+00,0.0000000000000000e+00,
0.0000000000000000e+00,5.9950000000000003e+01,1.5707963267948966e+00,3.1415926535897931e+00,1.0000000000000001e-01,3.1415926535897931e+00,6.2831853071795862e+00,0.0000000000000000e+00,1.0737900770569326e+00,6.4156125625073813e+01,6.4156125625073813e+01,1.1530251310301283e+00,4.1160092865721872e+03,4.1160092865721872e+03,4.4047889093377316e+03,9.3332831818146345e-01,0.0000000000000000e+00,0.0000000000000000e+00,0.0000000000000000e+00,1.0362384265798559e+00,0.0000000000000000e+00,0.0000000000000000e+00,0.0000000000000000e+00,0.0000000000000000e+00,0.0000000000000000e+00,0.0000000000000000e+00,9.1358759735655606e+08,-1.4172048586350103e+18,0.0000000000000000e+00,0.0000000000000000e+00,4.6602022024034628e+28,0.0000000000000000e+00,9.1245992218926013e+08,-1.3867544887680484e+04,0.0000000000000000e+00,0.0000000000000000e+00,4.5437428031726387e+28,0.0000000000000000e+00,1.5145809343908791e+28,0.0000000000000000e+00,0.0000000000000000e+00,0.0000000000000000e+00,4.9796582133066891e+19,0.0000000000000000e+00,0.0000000000000000e+00,0.0000000000000000e+00,0.0000000000000000e+00,0.0000000000000000e+00,0.0000000000000000e+00,0.0000000000000000e+00,1.3333333333333335e+00,4.5397469457423060e+04,8.4656946166934610e-01,0.0000000000000000e+00,0.0000000000000000e+00,0.0000000000000000e+00,0.0000000000000000e+00,0.0000000000000000e+00,0.0000000000000000e+00,0.0000000000000000e+00,0.0000000000000000e+00,
0.0000000000000000e+00,6.2950000000000003e+01,1.5707963267948966e+00,3.1415926535897931e+00,1.0000000000000001e-01,3.1415926535897931e+00,6.2831853071795862e+00,0.0000000000000000e+00,1.0700413175101509e+00,6.7152726845232607e+01,6.7152726845232607e+01,1.1449884223512643e+00,4.5094895542866107e+03,4.5094895542866107e+03,4.8105544321037332e+03,9.3640464810271529e-01,0.0000000000000000e+00,0.0000000000000000e+00,0.0000000000000000e+00,1.0344280145260158e+00,0.0000000000000000e+00,0.0000000000000000e+00,0.0000000000000000e+00,0.0000000000000000e+00,0.0000000000000000e+00,0.0000000000000000e+00,1.1488361101903731e+08,-1.2809798939438636e+18,0.0000000000000000e+00,0.0000000000000000e+00,7.3528412914907652e+27,0.0000000000000000e+00,1.0728181121838970e+08,-9.8328677176591184e+04,0.0000000000000000e+00,0.0000000000000000e+00,3.0585725170392719e+25,0.0000000000000000e+00,1.0195241723464235e+25,0.0000000000000000e+00,0.0000000000000000e+00,0.0000000000000000e+00,2.8509700391318509e+17,0.0000000000000000e+00,0.0000000000000000e+00,0.0000000000000000e+00,0.0000000000000000e+00,0.0000000000000000e+00,0.0000000000000000e+00,0.0000000000000000e+00,1.3333333333333335e+00,3.5587815110234237e+03,8.4611006681884793e-01,0.0000000000000000e+00,0.0000000000000000e+00,0.0000000000000000e+00,0.0000000000000000e+00,0.0000000000000000e+00,0.0000000000000000e+00,0.0000000000000000e+00,0.0000000000000000e+00,
0.0000000000000000e+00,6.5950000000000003e+01,1.5707963267948966e+00,3.1415926535897931e+00,1.0000000000000001e-01,3.1415926535897931e+00,6.2831853071795862e+00,0.0000000000000000e+00,1.0666549485714991e+00,7.0149637269226432e+01,7.0149637269226432e+01,1.1377527802737075e+00,4.9209724406999285e+03,4.9209724406999285e+03,5.2343337070028838e+03,9.3920960671061093e-01,0.0000000000000000e+00,0.0000000000000000e+00,0.0000000000000000e+00,1.0327898858655193e+00,0.0000000000000000e+00,0.0000000000000000e+00,0.0000000000000000e+00,0.0000000000000000e+00,0.0000000000000000e+00,0.0000000000000000e+00,1.0694923439083812e+08,-1.1634923404202376e+18,0.0000000000000000e+00,0.0000000000000000e+00,6.5080008999561322e+27,0.0000000000000000e+00,1.0019961167881541e+08,-9.6476212537625717e+04,0.0000000000000000e+00,0.0000000000000000e+00,2.7923681438109587e+25,0.0000000000000000e+00,9.3078938127031959e+24,0.0000000000000000e+00,0.0000000000000000e+00,0.0000000000000000e+00,2.7868049714569165e+17,0.0000000000000000e+00,0.0000000000000000e+00,0.0000000000000000e+00,0.0000000000000000e+00,0.0000000000000000e+00,0.0000000000000000e+00,0.0000000000000000e+00,1.3333333333333335e+00,3.5186192126149699e+03,5.7594917448427981e-08,0.0000000000000000e+00,0.0000000000000000e+00,0.0000000000000000e+00,0.0000000000000000e+00,0.0000000000000000e+00,0.0000000000000000e+00,0.0000000000000000e+00,0.0000000000000000e+00,
0.0000000000000000e+00,6.8950000000000003e+01,1.5707963267948966e+00,3.1415926535897931e+00,1.0000000000000001e-01,3.1415926535897931e+00,6.2831853071795862e+00,0.0000000000000000e+00,1.0635808559750231e+00,7.3146816538137358e+01,7.3146816538137358e+01,1.1312042379927374e+00,5.3504576014991353e+03,5.3504576014991353e+03,5.6761248995143615e+03,9.4177758474003082e-01,0.0000000000000000e+00,0.0000000000000000e+00,0.0000000000000000e+00,1.0313005652029279e+00,0.0000000000000000e+00,0.0000000000000000e+00,0.0000000000000000e+00,0.0000000000000000e+00,0.0000000000000000e+00,0.0000000000000000e+00,9.9888988859450266e+07,-1.0614569896165684e+18,0.0000000000000000e+00,0.0000000000000000e+00,5.7931285756912292e+27,0.0000000000000000e+00,9.3863565766668648e+07,-9.4721656594656190e+04,0.0000000000000000e+00,0.0000000000000000e+00,2.5594541357591186e+25,0.0000000000000000e+00,8.5315137858637276e+24,0.0000000000000000e+00,0.0000000000000000e+00,0.0000000000000000e+00,2.7267809315461930e+17,0.0000000000000000e+00,0.0000000000000000e+00,0.0000000000000000e+00,0.0000000000000000e+00,0.0000000000000000e+00,0.0000000000000000e+00,0.0000000000000000e+00,1.3333333333333335e+00,3.4805352667780098e+03,5.0082312638228895e-08,0.0000000000000000e+00,0.0000000000000000e+00,0.0000000000000000e+00,0.0000000000000000e+00,0.0000000000000000e+00,0.0000000000000000e+00,0.0000000000000000e+00,0.0000000000000000e+00,
0.0000000000000000e+00,7.1950000000000003e+01,1.5707963267948966e+00,3.1415926535897931e+00,1.0000000000000001e-01,3.1415926535897931e+00,6.2831853071795862e+00,0.0000000000000000e+00,1.0607777568143988e+00,7.6144231024011589e+01,7.6144231024011589e+01,1.1252494500169994e+00,5.7979447501955328e+03,5.7979447501955328e+03,6.1359264874614455e+03,9.4413739736394686e-01,0.0000000000000000e+00,0.0000000000000000e+00,0.0000000000000000e+00,1.0299406568621896e+00,0.0000000000000000e+00,0.0000000000000000e+00,0.0000000000000000e+00,0.0000000000000000e+00,0.0000000000000000e+00,0.0000000000000000e+00,9.3573649902161911e+07,-9.7227828854871142e+17,0.0000000000000000e+00,0.0000000000000000e+00,5.1835948769383673e+27,0.0000000000000000e+00,8.8168141385844871e+07,-9.3056962490050617e+04,0.0000000000000000e+00,0.0000000000000000e+00,2.3545081517574103e+25,0.0000000000000000e+00,7.8483605058580323e+24,0.0000000000000000e+00,0.0000000000000000e+00,0.0000000000000000e+00,2.6704746653377770e+17,0.0000000000000000e+00,0.0000000000000000e+00,0.0000000000000000e+00,0.0000000000000000e+00,0.0000000000000000e+00,0.0000000000000000e+00,0.0000000000000000e+00,1.3333333333333335e+00,3.4444267939754463e+03,4.3822374060241447e-08,0.0000000000000000e+00,0.0000000000000000e+00,0.0000000000000000e+00,0.0000000000000000e+00,0.0000000000000000e+00,0.0000000000000000e+00,0.0000000000000000e+00,0.0000000000000000e+00,
0.0000000000000000e+00,7.4950000000000003e+01,1.5707963267948966e+00,3.1415926535897931e+00,1.0000000000000001e-01,3.1415926535897931e+00,6.2831853071795862e+00,0.0000000000000000e+00,1.0582113365824903e+00,7.9141852482805476e+01,7.9141852482805476e+01,1.1198112334311561e+00,6.2634336464755197e+03,6.2634336464755197e+03,6.6137371972625342e+03,9.4631337009586569e-01,0.0000000000000000e+00,0.0000000000000000e+00,0.0000000000000000e+00,1.0286939955352712e+00,0.0000000000000000e+00,0.0000000000000000e+00,0.0000000000000000e+00,0.0000000000000000e+00,0.0000000000000000e+00,0.0000000000000000e+00,8.7897572881739333e+07,-8.9388362929244531e+17,0.0000000000000000e+00,0.0000000000000000e+00,4.6602453628914791e+27,0.0000000000000000e+00,8.3026237473925516e+07,-9.1474937485897986e+04,0.0000000000000000e+00,0.0000000000000000e+00,2.1732269954830626e+25,0.0000000000000000e+00,7.2440899849435393e+24,0.0000000000000000e+00,0.0000000000000000e+00,0.0000000000000000e+00,2.6175180628385558e+17,0.0000000000000000e+00,0.0000000000000000e+00,0.0000000000000000e+00,0.0000000000000000e+00,0.0000000000000000e+00,0.0000000000000000e+00,0.0000000000000000e+00,1.3333333333333335e+00,3.4101169779981915e+03,3.8564481360328740e-08,0.0000000000000000e+00,0.0000000000000000e+00,0.0000000000000000e+00,0.0000000000000000e+00,0.0000000000000000e+00,0.0000000000000000e+00,0.0000000000000000e+00,0.0000000000000000e+00,
0.0000000000000000e+00,7.7950000000000003e+01,1.5707963267948966e+00,3.1415926535897931e+00,1.0000000000000001e-01,3.1415926535897931e+00,6.2831853071795862e+00,0.0000000000000000e+00,1.0558528386349750e+00,8.2139657018381300e+01,8.2139657018381300e+01,1.1148252173276996e+00,6.7469240872583769e+03,6.7469240872583769e+03,7.1095559551806837e+03,9.4832618041748529e-01,0.0000000000000000e+00,0.0000000000000000e+00,0.0000000000000000e+00,1.0275470006392431e+00,0.0000000000000000e+00,0.0000000000000000e+00,0.0000000000000000e+00,0.0000000000000000e+00,0.0000000000000000e+00,0.0000000000000000e+00,8.2773636550631359e+07,-8.2460182755718963e+17,0.0000000000000000e+00,0.0000000000000000e+00,4.2080179104075854e+27,0.0000000000000000e+00,7.8365399333269283e+07,-8.9969137638028857e+04,0.0000000000000000e+00,0.0000000000000000e+00,2.0121039506009823e+25,0.0000000000000000e+00,6.7070131686699387e+24,0.0000000000000000e+00,0.0000000000000000e+00,0.0000000000000000e+00,2.5675920345473731e+17,0.0000000000000000e+00,0.0000000000000000e+00,0.0000000000000000e+00,0.0000000000000000e+00,0.0000000000000000e+00,0.0000000000000000e+00,0.0000000000000000e+00,1.3333333333333335e+00,3.3774509533701512e+03,3.4115689350829423e-08,0.0000000000000000e+00,0.0000000000000000e+00,0.0000000000000000e+00,0.0000000000000000e+00,0.0000000000000000e+00,0.0000000000000000e+00,0.0000000000000000e+00,0.0000000000000000e+00,
0.0000000000000000e+00,8.0950000000000003e+01,1.5707963267948966e+00,3.1415926535897931e+00,1.0000000000000001e-01,3.1415926535897931e+00,6.2831853071795862e+00,0.0000000000000000e+00,1.0536779828977929e+00,8.5137624276862979e+01,8.5137624276862979e+01,1.1102372920480865e+00,7.2484158997545965e+03,7.2484158997545965e+03,7.6233818496106978e+03,9.5019351692303866e-01,0.0000000000000000e+00,0.0000000000000000e+00,0.0000000000000000e+00,1.0264881795723775e+00,0.0000000000000000e+00,0.0000000000000000e+00,0.0000000000000000e+00,0.0000000000000000e+00,0.0000000000000000e+00,0.0000000000000000e+00,7.8129420520638734e+07,-7.6307331474373363e+17,0.0000000000000000e+00,0.0000000000000000e+00,3.8149479251232944e+27,0.0000000000000000e+00,7.4124919196318403e+07,-8.8533776655801659e+04,0.0000000000000000e+00,0.0000000000000000e+00,1.8682583026584627e+25,0.0000000000000000e+00,6.2275276755282080e+24,0.0000000000000000e+00,0.0000000000000000e+00,0.0000000000000000e+00,2.5204184381478778e+17,0.0000000000000000e+00,0.0000000000000000e+00,0.0000000000000000e+00,0.0000000000000000e+00,0.0000000000000000e+00,0.0000000000000000e+00,0.0000000000000000e+00,1.3333333333333335e+00,3.3462923795405181e+03,3.0326057684552141e-08,0.0000000000000000e+00,0.0000000000000000e+00,0.0000000000000000e+00,0.0000000000000000e+00,0.0000000000000000e+00,0.0000000000000000e+00,0.0000000000000000e+00,0.0000000000000000e+00,
0.0000000000000000e+00,8.3950000000000003e+01,1.5707963267948966e+00,3.1415926535897931e+00,1.0000000000000001e-01,3.1415926535897931e+00,6.2831853071795862e+00,0.0000000000000000e+00,1.0516661275275248e+00,8.8135736813728315e+01,8.8135736813728315e+01,1.1060016441359524e+00,7.7679089360213738e+03,7.7679089360213738e+03,8.1552141015946881e+03,9.5193060053117329e-01,0.0000000000000000e+00,0.0000000000000000e+00,0.0000000000000000e+00,1.0255077412896436e+00,0.0000000000000000e+00,0.0000000000000000e+00,0.0000000000000000e+00,0.0000000000000000e+00,0.0000000000000000e+00,0.0000000000000000e+00,7.3904281663441315e+07,-7.0818292581116506e+17,0.0000000000000000e+00,0.0000000000000000e+00,3.4714425511932092e+27,0.0000000000000000e+00,7.0253590919724286e+07,-8.7163646128737746e+04,0.0000000000000000e+00,0.0000000000000000e+00,1.7393059337120777e+25,0.0000000000000000e+00,5.7976864457069228e+24,0.0000000000000000e+00,0.0000000000000000e+00,0.0000000000000000e+00,2.4757535691701110e+17,0.0000000000000000e+00,0.0000000000000000e+00,0.0000000000000000e+00,0.0000000000000000e+00,0.0000000000000000e+00,0.0000000000000000e+00,0.0000000000000000e+00,1.3333333333333335e+00,3.3165206500108166e+03,2.7077901377282710e-08,0.0000000000000000e+00,0.0000000000000000e+00,0.0000000000000000e+00,0.0000000000000000e+00,0.0000000000000000e+00,0.0000000000000000e+00,0.0000000000000000e+00,0.0000000000000000e+00,
0.0000000000000000e+00,8.6950000000000003e+01,1.5707963267948966e+00,3.1415926535897931e+00,1.0000000000000001e-01,3.1415926535897931e+00,6.2831853071795862e+00,0.0000000000000000e+00,1.0497996121446260e+00,9.1133979591919939e+01,9.1133979591919939e+01,1.1020792259587058e+00,8.3054030686515907e+03,8.3054030686515907e+03,8.7050520415452411e+03,9.5355060030384320e-01,0.0000000000000000e+00,0.0000000000000000e+00,0.0000000000000000e+00,1.0245972926341624e+00,0.0000000000000000e+00,0.0000000000000000e+00,0.0000000000000000e+00,0.0000000000000000e+00,0.0000000000000000e+00,0.0000000000000000e+00,7.0047093941058815e+07,-6.5900901170539354e+17,0.0000000000000000e+00,0.0000000000000000e+00,3.1697443014649358e+27,0.0000000000000000e+00,6.6707954437083766e+07,-8.5854046473687631e+04,0.0000000000000000e+00,0.0000000000000000e+00,1.6232600665718210e+25,0.0000000000000000e+00,5.4108668885727349e+24,0.0000000000000000e+00,0.0000000000000000e+00,0.0000000000000000e+00,2.4333828708343274e+17,0.0000000000000000e+00,0.0000000000000000e+00,0.0000000000000000e+00,0.0000000000000000e+00,0.0000000000000000e+00,0.0000000000000000e+00,0.0000000000000000e+00,1.3333333333333335e+00,3.2880286016858572e+03,2.4277711279341928e-08,0.0000000000000000e+00,0.0000000000000000e+00,0.0000000000000000e+00,0.0000000000000000e+00,0.0000000000000000e+00,0.0000000000000000e+00,0.0000000000000000e+00,0.0000000000000000e+00,
0.0000000000000000e+00,8.9950000000000003e+01,1.5707963267948966e+00,3.1415926535897931e+00,1.0000000000000001e-01,3.1415926535897931e+00,6.2831853071795862e+00,0.0000000000000000e+00,1.0480632383626258e+00,9.4132339580387523e+01,9.4132339580387523e+01,1.0984365518671950e+00,8.8608981873302873e+03,8.8608981873302873e+03,9.2728950907033613e+03,9.5506496792475670e-01,0.0000000000000000e+00,0.0000000000000000e+00,0.0000000000000000e+00,1.0237495974605297e+00,0.0000000000000000e+00,0.0000000000000000e+00,0.0000000000000000e+00,0.0000000000000000e+00,0.0000000000000000e+00,0.0000000000000000e+00,6.6514483753819697e+07,-6.1478449736230246e+17,0.0000000000000000e+00,0.0000000000000000e+00,2.9035299589525104e+27,0.0000000000000000e+00,6.3450911057449445e+07,-8.4600727184896357e+04,0.0000000000000000e+00,0.0000000000000000e+00,1.5184544025262185e+25,0.0000000000000000e+00,5.0615146750873940e+24,0.0000000000000000e+00,0.0000000000000000e+00,0.0000000000000000e+00,2.3931166056273360e+17,0.0000000000000000e+00,0.0000000000000000e+00,0.0000000000000000e+00,0.0000000000000000e+00,0.0000000000000000e+00,0.0000000000000000e+00,0.0000000000000000e+00,1.3333333333333335e+00,3.2607206235572571e+03,2.1850782592295188e-08,0.0000000000000000e+00,0.0000000000000000e+00,0.0000000000000000e+00,0.0000000000000000e+00,0.0000000000000000e+00,0.0000000000000000e+00,0.0000000000000000e+00,0.0000000000000000e+00,

