1
1
61
0
(24 0
((0) (15) (0))
((16) (31) (0))
((32) (47) (0))
((48) (63) (0))
((64) (79) (0))
((80) (95) (0))
((96) (111) (0))
((112) (127) (0))
((128) (143) (0))
((144) (159) (0))
((160) (175) (0))
((176) (189) (0))
((190) (205) (0))
((206) (219) (0))
((220) (235) (0))
((236) (249) (0))
((250) (265) (0))
((266) (279) (0))
((280) (295) (0))
((296) (309) (0))
((310) (325) (0))
((326) (339) (0))
((340) (355) (0))
((356) (369) (0))
)
24
FabOnDisk: Cell_D_00008 0
FabOnDisk: Cell_D_00009 0
FabOnDisk: Cell_D_00000 0
FabOnDisk: Cell_D_00000 7885
FabOnDisk: Cell_D_00010 0
FabOnDisk: Cell_D_00001 0
FabOnDisk: Cell_D_00001 7885
FabOnDisk: Cell_D_00011 0
FabOnDisk: Cell_D_00002 0
FabOnDisk: Cell_D_00002 7887
FabOnDisk: Cell_D_00012 0
FabOnDisk: Cell_D_00003 0
FabOnDisk: Cell_D_00003 6911
FabOnDisk: Cell_D_00014 0
FabOnDisk: Cell_D_00004 0
FabOnDisk: Cell_D_00004 7887
FabOnDisk: Cell_D_00013 0
FabOnDisk: Cell_D_00005 0
FabOnDisk: Cell_D_00005 6911
FabOnDisk: Cell_D_00015 0
FabOnDisk: Cell_D_00006 0
FabOnDisk: Cell_D_00006 7887
FabOnDisk: Cell_D_00007 0
FabOnDisk: Cell_D_00007 7887

24,61
8.0000000000000000e+00,4.0250000000000000e+01,1.5707963267948966e+00,3.1415926535897931e+00,5.0000000000000000e-01,3.1415926535897931e+00,6.2831853071795862e+00,0.0000000000000000e+00,1.0437646865299470e+00,4.2344907328193159e+01,4.2344907328193159e+01,1.0894447387251076e+00,1.7931119817616463e+03,1.7931119817616463e+03,1.8863928104488125e+03,9.4992261078954821e-01,0.0000000000000000e+00,0.0000000000000000e+00,0.0000000000000000e+00,1.0216480226809774e+00,0.0000000000000000e+00,0.0000000000000000e+00,0.0000000000000000e+00,0.0000000000000000e+00,0.0000000000000000e+00,0.0000000000000000e+00,1.0015150661873436e+10,-3.0873932204631060e+18,0.0000000000000000e+00,0.0000000000000000e+00,2.9881643922970315e+29,0.0000000000000000e+00,1.0014929331955683e+10,-1.9095600473862000e+03,0.0000000000000000e+00,0.0000000000000000e+00,2.9859991610849712e+29,0.0000000000000000e+00,9.9533305369499016e+28,0.0000000000000000e+00,0.0000000000000000e+00,0.0000000000000000e+00,2.9814622443077415e+19,0.0000000000000000e+00,0.0000000000000000e+00,0.0000000000000000e+00,0.0000000000000000e+00,0.0000000000000000e+00,0.0000000000000000e+00,0.0000000000000000e+00,1.3333333333333330e+00,3.5622512557815637e+04,5.1826376999348882e-05,0.0000000000000000e+00,0.0000000000000000e+00,0.0000000000000000e+00,0.0000000000000000e+00,0.0000000000000000e+00,0.0000000000000000e+00,0.0000000000000000e+00,0.0000000000000000e+00,
9.0000000000000000e+00,4.8250000000000000e+01,1.5707963267948966e+00,3.1415926535897931e+00,5.0000000000000000e-01,3.1415926535897931e+00,6.2831853071795862e+00,0.0000000000000000e+00,1.0374270281386189e+00,5.0340357568868235e+01,5.0340357568868235e+01,1.0762548482754355e+00,2.5341724138517457e+03,2.5341724138517457e+03,2.6439163128123087e+03,9.5805131542954824e-01,0.0000000000000000e+00,0.0000000000000000e+00,0.0000000000000000e+00,1.0185416171341233e+00,0.0000000000000000e+00,0.0000000000000000e+00,0.0000000000000000e+00,0.0000000000000000e+00,0.0000000000000000e+00,0.0000000000000000e+00,6.2270271694869585e+09,-2.1298161500875479e+18,0.0000000000000000e+00,0.0000000000000000e+00,1.5864506520837442e+29,0.0000000000000000e+00,6.2268332976872005e+09,-2.2803414292696893e+03,0.0000000000000000e+00,0.0000000000000000e+00,1.5845766032651231e+29,0.0000000000000000e+00,5.2819220108837429e+28,0.0000000000000000e+00,0.0000000000000000e+00,0.0000000000000000e+00,2.5447017302673420e+19,0.0000000000000000e+00,0.0000000000000000e+00,0.0000000000000000e+00,0.0000000000000000e+00,0.0000000000000000e+00,0.0000000000000000e+00,0.0000000000000000e+00,1.3333333333333330e+00,3.3012627583395108e+04,3.2472284680900222e-05,0.0000000000000000e+00,0.0000000000000000e+00,0.0000000000000000e+00,0.0000000000000000e+00,0.0000000000000000e+00,0.0000000000000000e+00,0.0000000000000000e+00,0.0000000000000000e+00,
0.0000000000000000e+00,5.6250000000000000e+01,1.5707963267948966e+00,3.1415926535897931e+00,5.0000000000000000e-01,3.1415926535897931e+00,6.2831853071795862e+00,0.0000000000000000e+00,1.0326926178666642e+00,5.8337099417779221e+01,5.8337099417779221e+01,1.0664540485638192e+00,3.4032379873519080e+03,3.4032379873519080e+03,3.5294669540960899e+03,9.6390962095866228e-01,0.0000000000000000e+00,0.0000000000000000e+00,0.0000000000000000e+00,1.0162148476178021e+00,0.0000000000000000e+00,0.0000000000000000e+00,0.0000000000000000e+00,0.0000000000000000e+00,0.0000000000000000e+00,0.0000000000000000e+00,4.1295394498600626e+09,-1.5573707179854528e+18,0.0000000000000000e+00,0.0000000000000000e+00,9.1801414806545471e+28,0.0000000000000000e+00,4.1293669225908117e+09,-2.6536543789188286e+03,0.0000000000000000e+00,0.0000000000000000e+00,9.1636138829639629e+28,0.0000000000000000e+00,3.0545379609879875e+28,0.0000000000000000e+00,0.0000000000000000e+00,0.0000000000000000e+00,2.2190973225848717e+19,0.0000000000000000e+00,0.0000000000000000e+00,0.0000000000000000e+00,0.0000000000000000e+00,0.0000000000000000e+00,0.0000000000000000e+00,0.0000000000000000e+00,1.3333333333333330e+00,3.0900324779436804e+04,2.1683423981807852e-05,0.0000000000000000e+00,0.0000000000000000e+00,0.0000000000000000e+00,0.0000000000000000e+00,0.0000000000000000e+00,0.0000000000000000e+00,0.0000000000000000e+00,0.0000000000000000e+00,
0.0000000000000000e+00,6.4250000000000000e+01,1.5707963267948966e+00,3.1415926535897931e+00,5.0000000000000000e-01,3.1415926535897931e+00,6.2831853071795862e+00,0.0000000000000000e+00,1.0290214281935397e+00,6.6334651227190875e+01,6.6334651227190875e+01,1.0588851031388535e+00,4.4003067756774381e+03,4.4003067756774381e+03,4.5430344798401411e+03,9.6833216933039035e-01,0.0000000000000000e+00,0.0000000000000000e+00,0.0000000000000000e+00,1.0144069338059474e+00,0.0000000000000000e+00,0.0000000000000000e+00,0.0000000000000000e+00,0.0000000000000000e+00,0.0000000000000000e+00,0.0000000000000000e+00,2.8755002300411644e+09,-1.1881434607934367e+18,0.0000000000000000e+00,0.0000000000000000e+00,5.6703360993868030e+28,0.0000000000000000e+00,2.8753447311954517e+09,-3.0298223739780346e+03,0.0000000000000000e+00,0.0000000000000000e+00,5.6555441836689410e+28,0.0000000000000000e+00,1.8851813945563132e+28,0.0000000000000000e+00,0.0000000000000000e+00,0.0000000000000000e+00,1.9668850818465255e+19,0.0000000000000000e+00,0.0000000000000000e+00,0.0000000000000000e+00,0.0000000000000000e+00,0.0000000000000000e+00,0.0000000000000000e+00,0.0000000000000000e+00,1.3333333333333330e+00,2.9144220967788930e+04,1.5200152453537365e-05,0.0000000000000000e+00,0.0000000000000000e+00,0.0000000000000000e+00,0.0000000000000000e+00,0.0000000000000000e+00,0.0000000000000000e+00,0.0000000000000000e+00,0.0000000000000000e+00,
1.0000000000000000e+01,7.2250000000000000e+01,1.5707963267948966e+00,3.1415926535897931e+00,5.0000000000000000e-01,3.1415926535897931e+00,6.2831853071795862e+00,0.0000000000000000e+00,1.0260914729328283e+00,7.4332744355185554e+01,7.4332744355185554e+01,1.0528637130842384e+00,5.5253777079345818e+03,5.5253777079345818e+03,5.6846132236980493e+03,9.7178915562030532e-01,0.0000000000000000e+00,0.0000000000000000e+00,0.0000000000000000e+00,1.0129617329309628e+00,0.0000000000000000e+00,0.0000000000000000e+00,0.0000000000000000e+00,0.0000000000000000e+00,0.0000000000000000e+00,0.0000000000000000e+00,2.0801554721845195e+09,-9.3619975849751590e+17,0.0000000000000000e+00,0.0000000000000000e+00,3.6860121715390391e+28,0.0000000000000000e+00,2.0800138422167401e+09,-3.4093835157918120e+03,0.0000000000000000e+00,0.0000000000000000e+00,3.6726153626491863e+28,0.0000000000000000e+00,1.2242051208830622e+28,0.0000000000000000e+00,0.0000000000000000e+00,0.0000000000000000e+00,1.7656506043787930e+19,0.0000000000000000e+00,0.0000000000000000e+00,0.0000000000000000e+00,0.0000000000000000e+00,0.0000000000000000e+00,0.0000000000000000e+00,0.0000000000000000e+00,1.3333333333333330e+00,2.7653250700472188e+04,1.1072138664864825e-05,0.0000000000000000e+00,0.0000000000000000e+00,0.0000000000000000e+00,0.0000000000000000e+00,0.0000000000000000e+00,0.0000000000000000e+00,0.0000000000000000e+00,0.0000000000000000e+00,
1.0000000000000000e+00,8.0250000000000000e+01,1.5707963267948966e+00,3.1415926535897931e+00,5.0000000000000000e-01,3.1415926535897931e+00,6.2831853071795862e+00,0.0000000000000000e+00,1.0236988546968802e+00,8.2331217136085755e+01,8.2331217136085755e+01,1.0479593466451280e+00,6.7784501413304188e+03,6.7784501413304188e+03,6.9541997996161708e+03,9.7456567014261453e-01,0.0000000000000000e+00,0.0000000000000000e+00,0.0000000000000000e+00,1.0117800424605270e+00,0.0000000000000000e+00,0.0000000000000000e+00,0.0000000000000000e+00,0.0000000000000000e+00,0.0000000000000000e+00,0.0000000000000000e+00,1.5515417610684423e+09,-7.5665596899089702e+17,0.0000000000000000e+00,0.0000000000000000e+00,2.4964695906095661e+28,0.0000000000000000e+00,1.5514116160237353e+09,-3.7930601635557755e+03,0.0000000000000000e+00,0.0000000000000000e+00,2.4842160127130219e+28,0.0000000000000000e+00,8.2807200423767380e+27,0.0000000000000000e+00,0.0000000000000000e+00,0.0000000000000000e+00,1.6012480946801115e+19,0.0000000000000000e+00,0.0000000000000000e+00,0.0000000000000000e+00,0.0000000000000000e+00,0.0000000000000000e+00,0.0000000000000000e+00,0.0000000000000000e+00,1.3333333333333330e+00,2.6365733900324227e+04,8.3201464077066521e-06,0.0000000000000000e+00,0.0000000000000000e+00,0.0000000000000000e+00,0.0000000000000000e+00,0.0000000000000000e+00,0.0000000000000000e+00,0.0000000000000000e+00,0.0000000000000000e+00,
1.0000000000000000e+00,8.8250000000000000e+01,1.5707963267948966e+00,3.1415926535897931e+00,5.0000000000000000e-01,3.1415926535897931e+00,6.2831853071795862e+00,0.0000000000000000e+00,1.0217081765639571e+00,9.0329966452094368e+01,9.0329966452094368e+01,1.0438875991400305e+00,8.1595236666873634e+03,8.1595236666873634e+03,8.3517920596515105e+03,9.7684462590588650e-01,0.0000000000000000e+00,0.0000000000000000e+00,0.0000000000000000e+00,1.0107958133565418e+00,0.0000000000000000e+00,0.0000000000000000e+00,0.0000000000000000e+00,0.0000000000000000e+00,0.0000000000000000e+00,0.0000000000000000e+00,1.1865654800848811e+09,-6.2421245701099891e+17,0.0000000000000000e+00,0.0000000000000000e+00,1.7486351547176549e+28,0.0000000000000000e+00,1.1864449742403076e+09,-4.1817568239648735e+03,0.0000000000000000e+00,0.0000000000000000e+00,1.7373329508238937e+28,0.0000000000000000e+00,5.7911098360796460e+27,0.0000000000000000e+00,0.0000000000000000e+00,0.0000000000000000e+00,1.4643076733827877e+19,0.0000000000000000e+00,0.0000000000000000e+00,0.0000000000000000e+00,0.0000000000000000e+00,0.0000000000000000e+00,0.0000000000000000e+00,0.0000000000000000e+00,1.3333333333333330e+00,2.5238182994657753e+04,6.4156204134177273e-06,0.0000000000000000e+00,0.0000000000000000e+00,0.0000000000000000e+00,0.0000000000000000e+00,0.0000000000000000e+00,0.0000000000000000e+00,0.0000000000000000e+00,0.0000000000000000e+00,
1.1000000000000000e+01,9.6250000000000000e+01,1.5707963267948966e+00,3.1415926535897931e+00,5.0000000000000000e-01,3.1415926535897931e+00,6.2831853071795862e+00,0.0000000000000000e+00,1.0200260051873375e+00,9.8328923429298712e+01,9.8328923429298712e+01,1.0404530520423521e+00,9.6685980111520967e+03,9.6685980111520967e+03,9.8773885754873518e+03,9.7874877013335237e-01,0.0000000000000000e+00,0.0000000000000000e+00,0.0000000000000000e+00,1.0099633681452054e+00,0.0000000000000000e+00,0.0000000000000000e+00,0.0000000000000000e+00,0.0000000000000000e+00,0.0000000000000000e+00,0.0000000000000000e+00,9.2647671079907262e+08,-5.2372738838857798e+17,0.0000000000000000e+00,0.0000000000000000e+00,1.2595946076670608e+28,0.0000000000000000e+00,9.2636438264112985e+08,-4.5765766340510008e+03,0.0000000000000000e+00,0.0000000000000000e+00,1.2490939124568916e+28,0.0000000000000000e+00,4.1636463748563051e+27,0.0000000000000000e+00,0.0000000000000000e+00,0.0000000000000000e+00,1.3483746169338063e+19,0.0000000000000000e+00,0.0000000000000000e+00,0.0000000000000000e+00,0.0000000000000000e+00,0.0000000000000000e+00,0.0000000000000000e+00,0.0000000000000000e+00,1.3333333333333330e+00,2.4238908526073443e+04,5.0561242743570078e-06,0.0000000000000000e+00,0.0000000000000000e+00,0.0000000000000000e+00,0.0000000000000000e+00,0.0000000000000000e+00,0.0000000000000000e+00,0.0000000000000000e+00,0.0000000000000000e+00,
2.0000000000000000e+00,1.0425000000000000e+02,1.5707963267948966e+00,3.1415926535897931e+00,5.0000000000000000e-01,3.1415926535897931e+00,6.2831853071795862e+00,0.0000000000000000e+00,1.0185857829649525e+00,1.0632804031237842e+02,1.0632804031237842e+02,1.0375169978399157e+00,1.1305672985787327e+04,1.1305672985787327e+04,1.1530988360359346e+04,9.8036354253254676e-01,0.0000000000000000e+00,0.0000000000000000e+00,0.0000000000000000e+00,1.0092501091514476e+00,0.0000000000000000e+00,0.0000000000000000e+00,0.0000000000000000e+00,0.0000000000000000e+00,0.0000000000000000e+00,0.0000000000000000e+00,7.3611900954945815e+08,-4.4568849832632205e+17,0.0000000000000000e+00,0.0000000000000000e+00,9.2899818674900830e+27,0.0000000000000000e+00,7.3601367821330965e+08,-4.9788543123737218e+03,0.0000000000000000e+00,0.0000000000000000e+00,9.1917931502572180e+27,0.0000000000000000e+00,3.0639310500857379e+27,0.0000000000000000e+00,0.0000000000000000e+00,0.0000000000000000e+00,1.2488550366432180e+19,0.0000000000000000e+00,0.0000000000000000e+00,0.0000000000000000e+00,0.0000000000000000e+00,0.0000000000000000e+00,0.0000000000000000e+00,0.0000000000000000e+00,1.3333333333333330e+00,2.3344164965571352e+04,4.0600772855594237e-06,0.0000000000000000e+00,0.0000000000000000e+00,0.0000000000000000e+00,0.0000000000000000e+00,0.0000000000000000e+00,0.0000000000000000e+00,0.0000000000000000e+00,0.0000000000000000e+00,
2.0000000000000000e+00,1.1225000000000000e+02,1.5707963267948966e+00,3.1415926535897931e+00,5.0000000000000000e-01,3.1415926535897931e+00,6.2831853071795862e+00,0.0000000000000000e+00,1.0173388131140286e+00,1.1432728294645558e+02,1.1432728294645558e+02,1.0349782611087879e+00,1.3070748455614637e+04,1.3070748455614637e+04,1.3312590710671511e+04,9.8175024828952484e-01,0.0000000000000000e+00,0.0000000000000000e+00,0.0000000000000000e+00,1.0086321495003887e+00,0.0000000000000000e+00,0.0000000000000000e+00,0.0000000000000000e+00,0.0000000000000000e+00,0.0000000000000000e+00,0.0000000000000000e+00,5.9357412822474372e+08,-3.8387621629520595e+17,0.0000000000000000e+00,0.0000000000000000e+00,6.9908554372335188e+27,0.0000000000000000e+00,5.9347482155232918e+08,-5.3902077353186478e+03,0.0000000000000000e+00,0.0000000000000000e+00,6.8985096457736394e+27,0.0000000000000000e+00,2.2995032152578790e+27,0.0000000000000000e+00,0.0000000000000000e+00,0.0000000000000000e+00,1.1623874869095193e+19,0.0000000000000000e+00,0.0000000000000000e+00,0.0000000000000000e+00,0.0000000000000000e+00,0.0000000000000000e+00,0.0000000000000000e+00,0.0000000000000000e+00,1.3333333333333330e+00,2.2535721163046583e+04,3.3139849071594937e-06,0.0000000000000000e+00,0.0000000000000000e+00,0.0000000000000000e+00,0.0000000000000000e+00,0.0000000000000000e+00,0.0000000000000000e+00,0.0000000000000000e+00,0.0000000000000000e+00,
1.2000000000000000e+01,1.2025000000000000e+02,1.5707963267948966e+00,3.1415926535897931e+00,5.0000000000000000e-01,3.1415926535897931e+00,6.2831853071795862e+00,0.0000000000000000e+00,1.0162486452132184e+00,1.2232662625721414e+02,1.2232662625721414e+02,1.0327613092374566e+00,1.4963824321635428e+04,1.4963824321635428e+04,1.5222195111222267e+04,9.8295401769033430e-01,0.0000000000000000e+00,0.0000000000000000e+00,0.0000000000000000e+00,1.0080915856853672e+00,0.0000000000000000e+00,0.0000000000000000e+00,0.0000000000000000e+00,0.0000000000000000e+00,0.0000000000000000e+00,0.0000000000000000e+00,4.8469148668778086e+08,-3.3408493112802368e+17,0.0000000000000000e+00,0.0000000000000000e+00,5.3522538151463038e+27,0.0000000000000000e+00,4.8459738969082361e+08,-5.8126140982615634e+03,0.0000000000000000e+00,0.0000000000000000e+00,5.2649407786905639e+27,0.0000000000000000e+00,1.7549802595635208e+27,0.0000000000000000e+00,0.0000000000000000e+00,0.0000000000000000e+00,1.0864521176294984e+19,0.0000000000000000e+00,0.0000000000000000e+00,0.0000000000000000e+00,0.0000000000000000e+00,0.0000000000000000e+00,0.0000000000000000e+00,0.0000000000000000e+00,1.3333333333333330e+00,2.1799268018175935e+04,2.7444455698511829e-06,0.0000000000000000e+00,0.0000000000000000e+00,0.0000000000000000e+00,0.0000000000000000e+00,0.0000000000000000e+00,0.0000000000000000e+00,0.0000000000000000e+00,0.0000000000000000e+00,
3.0000000000000000e+00,1.2825000000000000e+02,1.5707963267948966e+00,3.1415926535897931e+00,5.0000000000000000e-01,3.1415926535897931e+00,6.2831853071795862e+00,0.0000000000000000e+00,1.0154013370461192e+00,1.3032605142121534e+02,1.3032605142121534e+02,1.0310398755492871e+00,1.6984900509591407e+04,1.6984900509591407e+04,1.7259801176105862e+04,9.8400881054912614e-01,0.0000000000000000e+00,0.0000000000000000e+00,0.0000000000000000e+00,1.0076712444932618e+00,0.0000000000000000e+00,0.0000000000000000e+00,0.0000000000000000e+00,0.0000000000000000e+00,0.0000000000000000e+00,0.0000000000000000e+00,4.0955081761071181e+08,-2.9338824302252390e+17,0.0000000000000000e+00,0.0000000000000000e+00,4.2891430475815293e+27,0.0000000000000000e+00,4.0946070484517479e+08,-6.1931966714471464e+03,0.0000000000000000e+00,0.0000000000000000e+00,4.2056674592098606e+27,0.0000000000000000e+00,1.4018891530699534e+27,0.0000000000000000e+00,0.0000000000000000e+00,0.0000000000000000e+00,1.0271196317521256e+19,0.0000000000000000e+00,0.0000000000000000e+00,0.0000000000000000e+00,0.0000000000000000e+00,0.0000000000000000e+00,0.0000000000000000e+00,0.0000000000000000e+00,1.3333333333333330e+00,2.1204855828462601e+04,2.3521042999316858e-06,0.0000000000000000e+00,0.0000000000000000e+00,0.0000000000000000e+00,0.0000000000000000e+00,0.0000000000000000e+00,0.0000000000000000e+00,0.0000000000000000e+00,0.0000000000000000e+00,
3.0000000000000000e+00,1.3525000000000000e+02,1.5707963267948966e+00,3.1415926535897931e+00,5.0000000000000000e-01,3.1415926535897931e+00,6.2831853071795862e+00,0.0000000000000000e+00,1.0145351033853769e+00,1.3732560417612132e+02,1.3732560417612132e+02,1.0292814762187343e+00,1.8858342393163752e+04,1.8858342393163752e+04,1.9147707614696756e+04,9.8483017127922656e-01,0.0000000000000000e+00,0.0000000000000000e+00,0.0000000000000000e+00,1.0072413332125363e+00,0.0000000000000000e+00,0.0000000000000000e+00,0.0000000000000000e+00,0.0000000000000000e+00,0.0000000000000000e+00,0.0000000000000000e+00,3.4078040645131963e+08,-2.6358321333370237e+17,0.0000000000000000e+00,0.0000000000000000e+00,3.3709834648399267e+27,0.0000000000000000e+00,3.4069427276603568e+08,-6.6434213487702573e+03,0.0000000000000000e+00,0.0000000000000000e+00,3.2913315677195956e+27,0.0000000000000000e+00,1.0971105225731985e+27,0.0000000000000000e+00,0.0000000000000000e+00,0.0000000000000000e+00,9.6606262592527073e+18,0.0000000000000000e+00,0.0000000000000000e+00,0.0000000000000000e+00,0.0000000000000000e+00,0.0000000000000000e+00,0.0000000000000000e+00,0.0000000000000000e+00,1.3333333333333330e+00,2.0574120657846088e+04,1.9942997294700811e-06,0.0000000000000000e+00,0.0000000000000000e+00,0.0000000000000000e+00,0.0000000000000000e+00,0.0000000000000000e+00,0.0000000000000000e+00,0.0000000000000000e+00,0.0000000000000000e+00,
1.4000000000000000e+01,1.4325000000000000e+02,1.5707963267948966e+00,3.1415926535897931e+00,5.0000000000000000e-01,3.1415926535897931e+00,6.2831853071795862e+00,0.0000000000000000e+00,1.0138533308109507e+00,1.4532514651836104e+02,1.4532514651836104e+02,1.0278985765759809e+00,2.1119419041682046e+04,2.1119419041682046e+04,2.1425316057824959e+04,9.8567128077252175e-01,0.0000000000000000e+00,0.0000000000000000e+00,0.0000000000000000e+00,1.0069028407779392e+00,0.0000000000000000e+00,0.0000000000000000e+00,0.0000000000000000e+00,0.0000000000000000e+00,0.0000000000000000e+00,0.0000000000000000e+00,2.9204829726255977e+08,-2.3476295445069414e+17,0.0000000000000000e+00,0.0000000000000000e+00,2.7558708832714250e+27,0.0000000000000000e+00,2.9196519424327767e+08,-7.0536200898350698e+03,0.0000000000000000e+00,0.0000000000000000e+00,2.6791265548800223e+27,0.0000000000000000e+00,8.9304218496000710e+26,0.0000000000000000e+00,0.0000000000000000e+00,0.0000000000000000e+00,9.1761548109694802e+18,0.0000000000000000e+00,0.0000000000000000e+00,0.0000000000000000e+00,0.0000000000000000e+00,0.0000000000000000e+00,0.0000000000000000e+00,0.0000000000000000e+00,1.3333333333333330e+00,2.0058706881048754e+04,1.7587662267399007e-06,0.0000000000000000e+00,0.0000000000000000e+00,0.0000000000000000e+00,0.0000000000000000e+00,0.0000000000000000e+00,0.0000000000000000e+00,0.0000000000000000e+00,0.0000000000000000e+00,
4.0000000000000000e+00,1.5025000000000000e+02,1.5707963267948966e+00,3.1415926535897931e+00,5.0000000000000000e-01,3.1415926535897931e+00,6.2831853071795862e+00,0.0000000000000000e+00,1.0131484919522520e+00,1.5232478601578271e+02,1.5232478601578271e+02,1.0264698668908039e+00,2.3202861266056152e+04,2.3202861266056152e+04,2.3523224255040117e+04,9.8633427919606631e-01,0.0000000000000000e+00,0.0000000000000000e+00,0.0000000000000000e+00,1.0065527765181039e+00,0.0000000000000000e+00,0.0000000000000000e+00,0.0000000000000000e+00,0.0000000000000000e+00,0.0000000000000000e+00,0.0000000000000000e+00,3.9509573801245958e+07,-2.1325332798898998e+17,0.0000000000000000e+00,0.0000000000000000e+00,4.6579517428724999e+26,0.0000000000000000e+00,3.9006920983859308e+07,-4.8177051536352214e+04,0.0000000000000000e+00,0.0000000000000000e+00,7.9373156844617725e+24,0.0000000000000000e+00,2.6457718948205896e+24,0.0000000000000000e+00,0.0000000000000000e+00,0.0000000000000000e+00,2.0348468087734861e+17,0.0000000000000000e+00,0.0000000000000000e+00,0.0000000000000000e+00,0.0000000000000000e+00,0.0000000000000000e+00,0.0000000000000000e+00,0.0000000000000000e+00,1.3333333333333330e+00,3.0068311996085481e+03,4.5499866400719524e-07,0.0000000000000000e+00,0.0000000000000000e+00,0.0000000000000000e+00,0.0000000000000000e+00,0.0000000000000000e+00,0.0000000000000000e+00,0.0000000000000000e+00,0.0000000000000000e+00,
4.0000000000000000e+00,1.5825000000000000e+02,1.5707963267948966e+00,3.1415926535897931e+00,5.0000000000000000e-01,3.1415926535897931e+00,6.2831853071795862e+00,0.0000000000000000e+00,1.0125880846135080e+00,1.6032441303697235e+02,1.6032441303697235e+02,1.0253346292236416e+00,2.5703938247151920e+04,2.5703938247151920e+04,2.6040834413311772e+04,9.8702063686269037e-01,0.0000000000000000e+00,0.0000000000000000e+00,0.0000000000000000e+00,1.0062743585043255e+00,0.0000000000000000e+00,0.0000000000000000e+00,0.0000000000000000e+00,0.0000000000000000e+00,0.0000000000000000e+00,0.0000000000000000e+00,3.7038428124011129e+07,-1.9210259982188970e+17,0.0000000000000000e+00,0.0000000000000000e+00,4.1793646536753349e+26,0.0000000000000000e+00,3.6587349299782760e+07,-4.6977589804098046e+04,0.0000000000000000e+00,0.0000000000000000e+00,7.2877367036964237e+24,0.0000000000000000e+00,2.4292455678988074e+24,0.0000000000000000e+00,0.0000000000000000e+00,0.0000000000000000e+00,1.9918722687616432e+17,0.0000000000000000e+00,0.0000000000000000e+00,0.0000000000000000e+00,0.0000000000000000e+00,0.0000000000000000e+00,0.0000000000000000e+00,0.0000000000000000e+00,1.3333333333333333e+00,2.9749201670935131e+03,3.9953912605646559e-07,0.0000000000000000e+00,0.0000000000000000e+00,0.0000000000000000e+00,0.0000000000000000e+00,0.0000000000000000e+00,0.0000000000000000e+00,0.0000000000000000e+00,0.0000000000000000e+00,
1.3000000000000000e+01,1.6525000000000000e+02,1.5707963267948966e+00,3.1415926535897931e+00,5.0000000000000000e-01,3.1415926535897931e+00,6.2831853071795862e+00,0.0000000000000000e+00,1.0120033963539565e+00,1.6732411628384213e+02,1.6732411628384213e+02,1.0241508743331289e+00,2.7997380721822701e+04,2.7997380721822701e+04,2.8348743900625090e+04,9.8756702479304992e-01,0.0000000000000000e+00,0.0000000000000000e+00,0.0000000000000000e+00,1.0059837952616137e+00,0.0000000000000000e+00,0.0000000000000000e+00,0.0000000000000000e+00,0.0000000000000000e+00,0.0000000000000000e+00,0.0000000000000000e+00,3.4515702113669030e+07,-1.7607426533530445e+17,0.0000000000000000e+00,0.0000000000000000e+00,3.7127098136850145e+26,0.0000000000000000e+00,3.4114934691237904e+07,-4.5997540488935731e+04,0.0000000000000000e+00,0.0000000000000000e+00,6.6386145905400542e+24,0.0000000000000000e+00,2.2128715301800181e+24,0.0000000000000000e+00,0.0000000000000000e+00,0.0000000000000000e+00,1.9459545461090666e+17,0.0000000000000000e+00,0.0000000000000000e+00,0.0000000000000000e+00,0.0000000000000000e+00,0.0000000000000000e+00,0.0000000000000000e+00,0.0000000000000000e+00,1.3333333333333330e+00,2.9404405192397189e+03,3.4665938277052061e-07,0.0000000000000000e+00,0.0000000000000000e+00,0.0000000000000000e+00,0.0000000000000000e+00,0.0000000000000000e+00,0.0000000000000000e+00,0.0000000000000000e+00,0.0000000000000000e+00,
5.0000000000000000e+00,1.7325000000000000e+02,1.5707963267948966e+00,3.1415926535897931e+00,5.0000000000000000e-01,3.1415926535897931e+00,6.2831853071795862e+00,0.0000000000000000e+00,1.0115346088720989e+00,1.7532380648128779e+02,1.7532380648128779e+02,1.0232022650323109e+00,3.0738457950893469e+04,3.0738457950893469e+04,3.1106355336393946e+04,9.8813772455619886e-01,0.0000000000000000e+00,0.0000000000000000e+00,0.0000000000000000e+00,1.0057507687547520e+00,0.0000000000000000e+00,0.0000000000000000e+00,0.0000000000000000e+00,0.0000000000000000e+00,0.0000000000000000e+00,0.0000000000000000e+00,3.2534978175339118e+07,-1.6009579585441750e+17,0.0000000000000000e+00,0.0000000000000000e+00,3.3621537049848232e+26,0.0000000000000000e+00,3.2172020551870137e+07,-4.4948352099176554e+04,0.0000000000000000e+00,0.0000000000000000e+00,6.1393515515830362e+24,0.0000000000000000e+00,2.0464505171943450e+24,0.0000000000000000e+00,0.0000000000000000e+00,0.0000000000000000e+00,1.9082881863100109e+17,0.0000000000000000e+00,0.0000000000000000e+00,0.0000000000000000e+00,0.0000000000000000e+00,0.0000000000000000e+00,0.0000000000000000e+00,0.0000000000000000e+00,1.3333333333333330e+00,2.9118516648105360e+03,3.0778447792227108e-07,0.0000000000000000e+00,0.0000000000000000e+00,0.0000000000000000e+00,0.0000000000000000e+00,0.0000000000000000e+00,0.0000000000000000e+00,0.0000000000000000e+00,0.0000000000000000e+00,
5.0000000000000000e+00,1.8025000000000000e+02,1.5707963267948966e+00,3.1415926535897931e+00,5.0000000000000000e-01,3.1415926535897931e+00,6.2831853071795862e+00,0.0000000000000000e+00,1.0110417723198544e+00,1.8232355794812224e+02,1.8232355794812224e+02,1.0222054654481256e+00,3.3241900614784005e+04,3.3241900614784005e+04,3.3624265798069675e+04,9.8859576807519212e-01,0.0000000000000000e+00,0.0000000000000000e+00,0.0000000000000000e+00,1.0055057296216363e+00,0.0000000000000000e+00,0.0000000000000000e+00,0.0000000000000000e+00,0.0000000000000000e+00,0.0000000000000000e+00,0.0000000000000000e+00,3.0493861753900573e+07,-1.4783369850452403e+17,0.0000000000000000e+00,0.0000000000000000e+00,3.0157845823536032e+26,0.0000000000000000e+00,3.0168275378107674e+07,-4.4086177083911447e+04,0.0000000000000000e+00,0.0000000000000000e+00,5.6348888397579408e+24,0.0000000000000000e+00,1.8782962799193132e+24,0.0000000000000000e+00,0.0000000000000000e+00,0.0000000000000000e+00,1.8678185435264579e+17,0.0000000000000000e+00,0.0000000000000000e+00,0.0000000000000000e+00,0.0000000000000000e+00,0.0000000000000000e+00,0.0000000000000000e+00,0.0000000000000000e+00,1.3333333333333330e+00,2.8808185972747515e+03,2.7015548642820249e-07,0.0000000000000000e+00,0.0000000000000000e+00,0.0000000000000000e+00,0.0000000000000000e+00,0.0000000000000000e+00,0.0000000000000000e+00,0.0000000000000000e+00,0.0000000000000000e+00,
1.5000000000000000e+01,1.8825000000000000e+02,1.5707963267948966e+00,3.1415926535897931e+00,5.0000000000000000e-01,3.1415926535897931e+00,6.2831853071795862e+00,0.0000000000000000e+00,1.0106438422116744e+00,1.9032329652890931e+02,1.9032329652890931e+02,1.0214009758629359e+00,3.6222978033670224e+04,3.6222978033670224e+04,3.6621878210864219e+04,9.8907776282686011e-01,0.0000000000000000e+00,0.0000000000000000e+00,0.0000000000000000e+00,1.0053078345443245e+00,0.0000000000000000e+00,0.0000000000000000e+00,0.0000000000000000e+00,0.0000000000000000e+00,0.0000000000000000e+00,0.0000000000000000e+00,2.8877322852963645e+07,-1.3546938533196094e+17,0.0000000000000000e+00,0.0000000000000000e+00,2.7523808113054432e+26,0.0000000000000000e+00,2.8580164929927006e+07,-4.3158336219292993e+04,0.0000000000000000e+00,0.0000000000000000e+00,5.2428931515720620e+24,0.0000000000000000e+00,1.7476310505240200e+24,0.0000000000000000e+00,0.0000000000000000e+00,0.0000000000000000e+00,1.8344509448001555e+17,0.0000000000000000e+00,0.0000000000000000e+00,0.0000000000000000e+00,0.0000000000000000e+00,0.0000000000000000e+00,0.0000000000000000e+00,0.0000000000000000e+00,1.3333333333333330e+00,2.8549775475436786e+03,2.4210382439401075e-07,0.0000000000000000e+00,0.0000000000000000e+00,0.0000000000000000e+00,0.0000000000000000e+00,0.0000000000000000e+00,0.0000000000000000e+00,0.0000000000000000e+00,0.0000000000000000e+00,
6.0000000000000000e+00,1.9525000000000000e+02,1.5707963267948966e+00,3.1415926535897931e+00,5.0000000000000000e-01,3.1415926535897931e+00,6.2831853071795862e+00,0.0000000000000000e+00,1.0102227958708951e+00,1.9732308534974754e+02,1.9732308534974754e+02,1.0205500973504418e+00,3.8936420844073931e+04,3.8936420844073931e+04,3.9349789426390053e+04,9.8946727850345695e-01,0.0000000000000000e+00,0.0000000000000000e+00,0.0000000000000000e+00,1.0050984010820641e+00,0.0000000000000000e+00,0.0000000000000000e+00,0.0000000000000000e+00,0.0000000000000000e+00,0.0000000000000000e+00,0.0000000000000000e+00,2.7198219671364293e+07,-1.2588011747492475e+17,0.0000000000000000e+00,0.0000000000000000e+00,2.4891929620825087e+26,0.0000000000000000e+00,2.6929474348297507e+07,-4.2392176960528501e+04,0.0000000000000000e+00,0.0000000000000000e+00,4.8430824081236947e+24,0.0000000000000000e+00,1.6143608027078976e+24,0.0000000000000000e+00,0.0000000000000000e+00,0.0000000000000000e+00,1.7984311755031229e+17,0.0000000000000000e+00,0.0000000000000000e+00,0.0000000000000000e+00,0.0000000000000000e+00,0.0000000000000000e+00,0.0000000000000000e+00,0.0000000000000000e+00,1.3333333333333330e+00,2.8268171507432339e+03,2.1460241349857934e-07,0.0000000000000000e+00,0.0000000000000000e+00,0.0000000000000000e+00,0.0000000000000000e+00,0.0000000000000000e+00,0.0000000000000000e+00,0.0000000000000000e+00,0.0000000000000000e+00,
6.0000000000000000e+00,2.0325000000000000e+02,1.5707963267948966e+00,3.1415926535897931e+00,5.0000000000000000e-01,3.1415926535897931e+00,6.2831853071795862e+00,0.0000000000000000e+00,1.0098807916335775e+00,2.0532286180368840e+02,2.0532286180368840e+02,1.0198592133569204e+00,4.2157498411479515e+04,4.2157498411479515e+04,4.2587402603089802e+04,9.8987975237316994e-01,0.0000000000000000e+00,0.0000000000000000e+00,0.0000000000000000e+00,1.0049282519772624e+00,0.0000000000000000e+00,0.0000000000000000e+00,0.0000000000000000e+00,0.0000000000000000e+00,0.0000000000000000e+00,0.0000000000000000e+00,2.5858535136171840e+07,-1.1611710202424368e+17,0.0000000000000000e+00,0.0000000000000000e+00,2.2869478071949726e+26,0.0000000000000000e+00,2.5611628302907690e+07,-4.1563980770642265e+04,0.0000000000000000e+00,0.0000000000000000e+00,4.5296808531053433e+24,0.0000000000000000e+00,1.5098936177017805e+24,0.0000000000000000e+00,0.0000000000000000e+00,0.0000000000000000e+00,1.7686026193892749e+17,0.0000000000000000e+00,0.0000000000000000e+00,0.0000000000000000e+00,0.0000000000000000e+00,0.0000000000000000e+00,0.0000000000000000e+00,0.0000000000000000e+00,1.3333333333333330e+00,2.8032827166597867e+03,1.9385550875453962e-07,0.0000000000000000e+00,0.0000000000000000e+00,0.0000000000000000e+00,0.0000000000000000e+00,0.0000000000000000e+00,0.0000000000000000e+00,0.0000000000000000e+00,0.0000000000000000e+00,
7.0000000000000000e+00,2.1025000000000000e+02,1.5707963267948966e+00,3.1415926535897931e+00,5.0000000000000000e-01,3.1415926535897931e+00,6.2831853071795862e+00,0.0000000000000000e+00,1.0095169182545876e+00,2.1232268014826624e+02,2.1232268014826624e+02,1.0191244082822239e+00,4.5080941337638651e+04,4.5080941337638651e+04,4.5525314413806314e+04,9.9021504405780814e-01,0.0000000000000000e+00,0.0000000000000000e+00,0.0000000000000000e+00,1.0047471912101502e+00,0.0000000000000000e+00,0.0000000000000000e+00,0.0000000000000000e+00,0.0000000000000000e+00,0.0000000000000000e+00,0.0000000000000000e+00,2.4457496721485090e+07,-1.0847695502629781e+17,0.0000000000000000e+00,0.0000000000000000e+00,2.0829200084939786e+26,0.0000000000000000e+00,2.4232625155128386e+07,-4.0877258006043834e+04,0.0000000000000000e+00,0.0000000000000000e+00,4.2074467580744214e+24,0.0000000000000000e+00,1.4024822526914735e+24,0.0000000000000000e+00,0.0000000000000000e+00,0.0000000000000000e+00,1.7362730548224714e+17,0.0000000000000000e+00,0.0000000000000000e+00,0.0000000000000000e+00,0.0000000000000000e+00,0.0000000000000000e+00,0.0000000000000000e+00,0.0000000000000000e+00,1.3333333333333330e+00,2.7775495924043962e+03,1.7329256657369851e-07,0.0000000000000000e+00,0.0000000000000000e+00,0.0000000000000000e+00,0.0000000000000000e+00,0.0000000000000000e+00,0.0000000000000000e+00,0.0000000000000000e+00,0.0000000000000000e+00,
7.0000000000000000e+00,2.1825000000000000e+02,1.5707963267948966e+00,3.1415926535897931e+00,5.0000000000000000e-01,3.1415926535897931e+00,6.2831853071795862e+00,0.0000000000000000e+00,1.0092198272117971e+00,2.2032248680301208e+02,2.2032248680301208e+02,1.0185246596726307e+00,4.8542019023433757e+04,4.8542019023433757e+04,4.9002928199058035e+04,9.9057202262007205e-01,0.0000000000000000e+00,0.0000000000000000e+00,0.0000000000000000e+00,1.0045993366527137e+00,0.0000000000000000e+00,0.0000000000000000e+00,0.0000000000000000e+00,0.0000000000000000e+00,0.0000000000000000e+00,0.0000000000000000e+00,2.3332529971625820e+07,-1.0063376241376899e+17,0.0000000000000000e+00,0.0000000000000000e+00,1.9247209021849390e+26,0.0000000000000000e+00,2.3124746986957680e+07,-4.0132071833967173e+04,0.0000000000000000e+00,0.0000000000000000e+00,3.9529439564576392e+24,0.0000000000000000e+00,1.3176479854858790e+24,0.0000000000000000e+00,0.0000000000000000e+00,0.0000000000000000e+00,1.7093993589191648e+17,0.0000000000000000e+00,0.0000000000000000e+00,0.0000000000000000e+00,0.0000000000000000e+00,0.0000000000000000e+00,0.0000000000000000e+00,0.0000000000000000e+00,1.3333333333333330e+00,2.7559760768633942e+03,1.5762024850110951e-07,0.0000000000000000e+00,0.0000000000000000e+00,0.0000000000000000e+00,0.0000000000000000e+00,0.0000000000000000e+00,0.0000000000000000e+00,0.0000000000000000e+00,0.0000000000000000e+00,

24,61
8.0000000000000000e+00,4.7750000000000000e+01,1.5707963267948966e+00,3.1415926535897931e+00,5.0000000000000000e-01,3.1415926535897931e+00,6.2831853071795862e+00,0.0000000000000000e+00,1.0520230400660013e+00,4.9840597368150988e+01,4.9840597368150988e+01,1.1067525125222775e+00,2.4841059592916899e+03,2.4841059592916899e+03,2.5928201550930553e+03,9.5762137625105004e-01,0.0000000000000000e+00,0.0000000000000000e+00,0.0000000000000000e+00,1.0256817399098443e+00,0.0000000000000000e+00,0.0000000000000000e+00,0.0000000000000000e+00,0.0000000000000000e+00,0.0000000000000000e+00,0.0000000000000000e+00,1.6941385309009781e+10,-2.1756503327908669e+18,0.0000000000000000e+00,0.0000000000000000e+00,6.0210013959463982e+29,0.0000000000000000e+00,1.6941130099023895e+10,-1.5642256612739041e+03,0.0000000000000000e+00,0.0000000000000000e+00,6.0184658797184999e+29,0.0000000000000000e+00,2.0061552932394992e+29,0.0000000000000000e+00,0.0000000000000000e+00,0.0000000000000000e+00,3.5524317413524619e+19,0.0000000000000000e+00,0.0000000000000000e+00,0.0000000000000000e+00,0.0000000000000000e+00,0.0000000000000000e+00,0.0000000000000000e+00,0.0000000000000000e+00,1.3333333333333335e+00,3.8727385944361922e+04,9.2067723851438056e-05,0.0000000000000000e+00,0.0000000000000000e+00,0.0000000000000000e+00,0.0000000000000000e+00,0.0000000000000000e+00,0.0000000000000000e+00,0.0000000000000000e+00,0.0000000000000000e+00,
9.0000000000000000e+00,5.5750000000000000e+01,1.5707963267948966e+00,3.1415926535897931e+00,5.0000000000000000e-01,3.1415926535897931e+00,6.2831853071795862e+00,0.0000000000000000e+00,1.0433063670075349e+00,5.7837275712119343e+01,5.7837275712119343e+01,1.0884881925794521e+00,3.3451712804116551e+03,3.3451712804116551e+03,3.4703694679278765e+03,9.6359183640427415e-01,0.0000000000000000e+00,0.0000000000000000e+00,0.0000000000000000e+00,1.0214236941153703e+00,0.0000000000000000e+00,0.0000000000000000e+00,0.0000000000000000e+00,0.0000000000000000e+00,0.0000000000000000e+00,0.0000000000000000e+00,9.6998281652103004e+09,-1.5859632973849856e+18,0.0000000000000000e+00,0.0000000000000000e+00,2.8634523945108204e+29,0.0000000000000000e+00,9.6996087781491222e+09,-1.9326620929758969e+03,0.0000000000000000e+00,0.0000000000000000e+00,2.8613080190184141e+29,0.0000000000000000e+00,9.5376933967280465e+28,0.0000000000000000e+00,0.0000000000000000e+00,0.0000000000000000e+00,2.9498380783196049e+19,0.0000000000000000e+00,0.0000000000000000e+00,0.0000000000000000e+00,0.0000000000000000e+00,0.0000000000000000e+00,0.0000000000000000e+00,0.0000000000000000e+00,1.3333333333333335e+00,3.5441049547028626e+04,5.0220719076039934e-05,0.0000000000000000e+00,0.0000000000000000e+00,0.0000000000000000e+00,0.0000000000000000e+00,0.0000000000000000e+00,0.0000000000000000e+00,0.0000000000000000e+00,0.0000000000000000e+00,
0.0000000000000000e+00,6.3750000000000000e+01,1.5707963267948966e+00,3.1415926535897931e+00,5.0000000000000000e-01,3.1415926535897931e+00,6.2831853071795862e+00,0.0000000000000000e+00,1.0370913183428978e+00,6.5834786269306250e+01,6.5834786269306250e+01,1.0755584118066233e+00,4.3342399051952534e+03,4.3342399051952534e+03,4.4759361364925708e+03,9.6808775949162584e-01,0.0000000000000000e+00,0.0000000000000000e+00,0.0000000000000000e+00,1.0183768045862605e+00,0.0000000000000000e+00,0.0000000000000000e+00,0.0000000000000000e+00,0.0000000000000000e+00,0.0000000000000000e+00,0.0000000000000000e+00,6.0589464815843897e+09,-1.2071636470920136e+18,0.0000000000000000e+00,0.0000000000000000e+00,1.5296634138677444e+29,0.0000000000000000e+00,6.0587540999339390e+09,-2.3035972150603857e+03,0.0000000000000000e+00,0.0000000000000000e+00,1.5278049537323628e+29,0.0000000000000000e+00,5.0926831791078749e+28,0.0000000000000000e+00,0.0000000000000000e+00,0.0000000000000000e+00,2.5215967453274239e+19,0.0000000000000000e+00,0.0000000000000000e+00,0.0000000000000000e+00,0.0000000000000000e+00,0.0000000000000000e+00,0.0000000000000000e+00,0.0000000000000000e+00,1.3333333333333333e+00,3.2867843539156143e+04,3.1609903413227204e-05,0.0000000000000000e+00,0.0000000000000000e+00,0.0000000000000000e+00,0.0000000000000000e+00,0.0000000000000000e+00,0.0000000000000000e+00,0.0000000000000000e+00,0.0000000000000000e+00,
0.0000000000000000e+00,7.1750000000000000e+01,1.5707963267948966e+00,3.1415926535897931e+00,5.0000000000000000e-01,3.1415926535897931e+00,6.2831853071795862e+00,0.0000000000000000e+00,1.0324361726475060e+00,7.3832851096422061e+01,7.3832851096422061e+01,1.0659244559859096e+00,5.4513107254651241e+03,5.4513107254651241e+03,5.6095142952867227e+03,9.7159535782030415e-01,0.0000000000000000e+00,0.0000000000000000e+00,0.0000000000000000e+00,1.0160886631299366e+00,0.0000000000000000e+00,0.0000000000000000e+00,0.0000000000000000e+00,0.0000000000000000e+00,0.0000000000000000e+00,0.0000000000000000e+00,4.0319315186902103e+09,-9.4948533579019712e+17,0.0000000000000000e+00,0.0000000000000000e+00,8.8923599287308603e+28,0.0000000000000000e+00,4.0317601676299434e+09,-2.6770766287020638e+03,0.0000000000000000e+00,0.0000000000000000e+00,8.8759530501053803e+28,0.0000000000000000e+00,2.9586510167017928e+28,0.0000000000000000e+00,0.0000000000000000e+00,0.0000000000000000e+00,2.2014734756405195e+19,0.0000000000000000e+00,0.0000000000000000e+00,0.0000000000000000e+00,0.0000000000000000e+00,0.0000000000000000e+00,0.0000000000000000e+00,0.0000000000000000e+00,1.3333333333333335e+00,3.0781272864357525e+04,2.1179783808095568e-05,0.0000000000000000e+00,0.0000000000000000e+00,0.0000000000000000e+00,0.0000000000000000e+00,0.0000000000000000e+00,0.0000000000000000e+00,0.0000000000000000e+00,0.0000000000000000e+00,
1.0000000000000000e+01,7.9750000000000000e+01,1.5707963267948966e+00,3.1415926535897931e+00,5.0000000000000000e-01,3.1415926535897931e+00,6.2831853071795862e+00,0.0000000000000000e+00,1.0288191627983625e+00,8.1831303623381260e+01,8.1831303623381260e+01,1.0584688731031267e+00,6.6963830788337737e+03,6.6963830788337737e+03,6.8711004541793873e+03,9.7440824865688958e-01,0.0000000000000000e+00,0.0000000000000000e+00,0.0000000000000000e+00,1.0143072325392426e+00,0.0000000000000000e+00,0.0000000000000000e+00,0.0000000000000000e+00,0.0000000000000000e+00,0.0000000000000000e+00,0.0000000000000000e+00,2.8150031461026988e+09,-7.6629891852701850e+17,0.0000000000000000e+00,0.0000000000000000e+00,5.5121444287333521e+28,0.0000000000000000e+00,2.8148485970461140e+09,-3.0534389412027213e+03,0.0000000000000000e+00,0.0000000000000000e+00,5.4974485759803572e+28,0.0000000000000000e+00,1.8324828586601188e+28,0.0000000000000000e+00,0.0000000000000000e+00,0.0000000000000000e+00,1.9529931411690500e+19,0.0000000000000000e+00,0.0000000000000000e+00,0.0000000000000000e+00,0.0000000000000000e+00,0.0000000000000000e+00,0.0000000000000000e+00,0.0000000000000000e+00,1.3333333333333335e+00,2.9044025407877725e+04,1.4886639924919435e-05,0.0000000000000000e+00,0.0000000000000000e+00,0.0000000000000000e+00,0.0000000000000000e+00,0.0000000000000000e+00,0.0000000000000000e+00,0.0000000000000000e+00,0.0000000000000000e+00,
1.0000000000000000e+00,8.7750000000000000e+01,1.5707963267948966e+00,3.1415926535897931e+00,5.0000000000000000e-01,3.1415926535897931e+00,6.2831853071795862e+00,0.0000000000000000e+00,1.0259278699211147e+00,8.9830037947457527e+01,8.9830037947457527e+01,1.0525279964835317e+00,8.0694565450253758e+03,8.0694565450253758e+03,8.2606924065374606e+03,9.7671422325129698e-01,0.0000000000000000e+00,0.0000000000000000e+00,0.0000000000000000e+00,1.0128809749345544e+00,0.0000000000000000e+00,0.0000000000000000e+00,0.0000000000000000e+00,0.0000000000000000e+00,0.0000000000000000e+00,0.0000000000000000e+00,2.0406901316372001e+09,-6.3143152413332762e+17,0.0000000000000000e+00,0.0000000000000000e+00,3.5933203726279091e+28,0.0000000000000000e+00,2.0405492827585516e+09,-3.4332342824955372e+03,0.0000000000000000e+00,0.0000000000000000e+00,3.5800016562247872e+28,0.0000000000000000e+00,1.1933338854082623e+28,0.0000000000000000e+00,0.0000000000000000e+00,0.0000000000000000e+00,1.7544126089740845e+19,0.0000000000000000e+00,0.0000000000000000e+00,0.0000000000000000e+00,0.0000000000000000e+00,0.0000000000000000e+00,0.0000000000000000e+00,0.0000000000000000e+00,1.3333333333333335e+00,2.7567346248688606e+04,1.0866926476849724e-05,0.0000000000000000e+00,0.0000000000000000e+00,0.0000000000000000e+00,0.0000000000000000e+00,0.0000000000000000e+00,0.0000000000000000e+00,0.0000000000000000e+00,0.0000000000000000e+00,
1.0000000000000000e+00,9.5750000000000000e+01,1.5707963267948966e+00,3.1415926535897931e+00,5.0000000000000000e-01,3.1415926535897931e+00,6.2831853071795862e+00,0.0000000000000000e+00,1.0235638024339599e+00,9.7828983518092258e+01,9.7828983518092258e+01,1.0476828591557443e+00,9.5705308445186347e+03,9.5705308445186347e+03,9.7782886889067322e+03,9.7863898335416544e-01,0.0000000000000000e+00,0.0000000000000000e+00,0.0000000000000000e+00,1.0117133003311474e+00,0.0000000000000000e+00,0.0000000000000000e+00,0.0000000000000000e+00,0.0000000000000000e+00,0.0000000000000000e+00,0.0000000000000000e+00,1.5247105999306808e+09,-5.2927140606880538e+17,0.0000000000000000e+00,0.0000000000000000e+00,2.4392870633002979e+28,0.0000000000000000e+00,1.5245811067786374e+09,-3.8171962377511704e+03,0.0000000000000000e+00,0.0000000000000000e+00,2.4270980569750901e+28,0.0000000000000000e+00,8.0903268565836316e+27,0.0000000000000000e+00,0.0000000000000000e+00,0.0000000000000000e+00,1.5919636158824655e+19,0.0000000000000000e+00,0.0000000000000000e+00,0.0000000000000000e+00,0.0000000000000000e+00,0.0000000000000000e+00,0.0000000000000000e+00,0.0000000000000000e+00,1.3333333333333335e+00,2.6290953663036184e+04,8.1802631221750505e-06,0.0000000000000000e+00,0.0000000000000000e+00,0.0000000000000000e+00,0.0000000000000000e+00,0.0000000000000000e+00,0.0000000000000000e+00,0.0000000000000000e+00,0.0000000000000000e+00,
1.1000000000000000e+01,1.0375000000000000e+02,1.5707963267948966e+00,3.1415926535897931e+00,5.0000000000000000e-01,3.1415926535897931e+00,6.2831853071795862e+00,0.0000000000000000e+00,1.0215948049666876e+00,1.0582809152157238e+02,1.0582809152157238e+02,1.0436559465948745e+00,1.1199605784174157e+04,1.1199605784174157e+04,1.1423888292443480e+04,9.8026984290500385e-01,0.0000000000000000e+00,0.0000000000000000e+00,0.0000000000000000e+00,1.0107397314379720e+00,0.0000000000000000e+00,0.0000000000000000e+00,0.0000000000000000e+00,0.0000000000000000e+00,0.0000000000000000e+00,0.0000000000000000e+00,1.1676918545641465e+09,-4.5003807656826022e+17,0.0000000000000000e+00,0.0000000000000000e+00,1.7118307423992078e+28,0.0000000000000000e+00,1.1675718992888675e+09,-4.2062410740752985e+03,0.0000000000000000e+00,0.0000000000000000e+00,1.7005826605818400e+28,0.0000000000000000e+00,5.6686088686061318e+27,0.0000000000000000e+00,0.0000000000000000e+00,0.0000000000000000e+00,1.4565018018286051e+19,0.0000000000000000e+00,0.0000000000000000e+00,0.0000000000000000e+00,0.0000000000000000e+00,0.0000000000000000e+00,0.0000000000000000e+00,0.0000000000000000e+00,1.3333333333333335e+00,2.5172250406644434e+04,6.3170308059811357e-06,0.0000000000000000e+00,0.0000000000000000e+00,0.0000000000000000e+00,0.0000000000000000e+00,0.0000000000000000e+00,0.0000000000000000e+00,0.0000000000000000e+00,0.0000000000000000e+00,
2.0000000000000000e+00,1.1175000000000000e+02,1.5707963267948966e+00,3.1415926535897931e+00,5.0000000000000000e-01,3.1415926535897931e+00,6.2831853071795862e+00,0.0000000000000000e+00,1.0199294837108770e+00,1.1382732710819313e+02,1.1382732710819313e+02,1.0402561525116460e+00,1.2956681226258728e+04,1.2956681226258728e+04,1.3197490499112104e+04,9.8166934255952487e-01,0.0000000000000000e+00,0.0000000000000000e+00,0.0000000000000000e+00,1.0099155823742927e+00,0.0000000000000000e+00,0.0000000000000000e+00,0.0000000000000000e+00,0.0000000000000000e+00,0.0000000000000000e+00,0.0000000000000000e+00,9.1281561036596107e+08,-3.8735124671336429e+17,0.0000000000000000e+00,0.0000000000000000e+00,1.2350495844784948e+28,0.0000000000000000e+00,9.1270375162944710e+08,-4.6014852621451328e+03,0.0000000000000000e+00,0.0000000000000000e+00,1.2245947454775233e+28,0.0000000000000000e+00,4.0819824849250765e+27,0.0000000000000000e+00,0.0000000000000000e+00,0.0000000000000000e+00,1.3417138579141128e+19,0.0000000000000000e+00,0.0000000000000000e+00,0.0000000000000000e+00,0.0000000000000000e+00,0.0000000000000000e+00,0.0000000000000000e+00,0.0000000000000000e+00,1.3333333333333335e+00,2.4180137539502470e+04,4.9846674489759170e-06,0.0000000000000000e+00,0.0000000000000000e+00,0.0000000000000000e+00,0.0000000000000000e+00,0.0000000000000000e+00,0.0000000000000000e+00,0.0000000000000000e+00,0.0000000000000000e+00,
2.0000000000000000e+00,1.1975000000000000e+02,1.5707963267948966e+00,3.1415926535897931e+00,5.0000000000000000e-01,3.1415926535897931e+00,6.2831853071795862e+00,0.0000000000000000e+00,1.0185026163281008e+00,1.2182666473219264e+02,1.2182666473219264e+02,1.0373475800384369e+00,1.4841757069906831e+04,1.4841757069906831e+04,1.5099094783945451e+04,9.8288345379778908e-01,0.0000000000000000e+00,0.0000000000000000e+00,0.0000000000000000e+00,1.0092089061179970e+00,0.0000000000000000e+00,0.0000000000000000e+00,0.0000000000000000e+00,0.0000000000000000e+00,0.0000000000000000e+00,0.0000000000000000e+00,7.2598698800121748e+08,-3.3690499944743328e+17,0.0000000000000000e+00,0.0000000000000000e+00,9.1212715114939550e+27,0.0000000000000000e+00,7.2588205983074999e+08,-5.0042794901359130e+03,0.0000000000000000e+00,0.0000000000000000e+00,9.0234745924038756e+27,0.0000000000000000e+00,3.0078248641346243e+27,0.0000000000000000e+00,0.0000000000000000e+00,0.0000000000000000e+00,1.2430981742019465e+19,0.0000000000000000e+00,0.0000000000000000e+00,0.0000000000000000e+00,0.0000000000000000e+00,0.0000000000000000e+00,0.0000000000000000e+00,0.0000000000000000e+00,1.3333333333333335e+00,2.3291274442645368e+04,4.0070459126687042e-06,0.0000000000000000e+00,0.0000000000000000e+00,0.0000000000000000e+00,0.0000000000000000e+00,0.0000000000000000e+00,0.0000000000000000e+00,0.0000000000000000e+00,0.0000000000000000e+00,
1.2000000000000000e+01,1.2775000000000000e+02,1.5707963267948966e+00,3.1415926535897931e+00,5.0000000000000000e-01,3.1415926535897931e+00,6.2831853071795862e+00,0.0000000000000000e+00,1.0172664099074351e+00,1.2982608524111910e+02,1.2982608524111910e+02,1.0348309491591769e+00,1.6854833239558629e+04,1.6854833239558629e+04,1.7128700754241567e+04,9.8394672524198867e-01,0.0000000000000000e+00,0.0000000000000000e+00,0.0000000000000000e+00,1.0085962570825702e+00,0.0000000000000000e+00,0.0000000000000000e+00,0.0000000000000000e+00,0.0000000000000000e+00,0.0000000000000000e+00,0.0000000000000000e+00,5.8589966694552946e+08,-2.9570812425469376e+17,0.0000000000000000e+00,0.0000000000000000e+00,6.8718377277800452e+27,0.0000000000000000e+00,5.8580070834961927e+08,-5.4162615595385587e+03,0.0000000000000000e+00,0.0000000000000000e+00,6.7798287501570962e+27,0.0000000000000000e+00,2.2599429167190319e+27,0.0000000000000000e+00,0.0000000000000000e+00,0.0000000000000000e+00,1.1573555427791884e+19,0.0000000000000000e+00,0.0000000000000000e+00,0.0000000000000000e+00,0.0000000000000000e+00,0.0000000000000000e+00,0.0000000000000000e+00,0.0000000000000000e+00,1.3333333333333335e+00,2.2487715174863170e+04,3.2738219537864381e-06,0.0000000000000000e+00,0.0000000000000000e+00,0.0000000000000000e+00,0.0000000000000000e+00,0.0000000000000000e+00,0.0000000000000000e+00,0.0000000000000000e+00,0.0000000000000000e+00,
3.0000000000000000e+00,1.3475000000000000e+02,1.5707963267948966e+00,3.1415926535897931e+00,5.0000000000000000e-01,3.1415926535897931e+00,6.2831853071795862e+00,0.0000000000000000e+00,1.0161850435542201e+00,1.3682563458250885e+02,1.3682563458250885e+02,1.0326320430777587e+00,1.8721275109714614e+04,1.8721275109714614e+04,1.9009607123555612e+04,9.8477431112838076e-01,0.0000000000000000e+00,0.0000000000000000e+00,0.0000000000000000e+00,1.0080600396166568e+00,0.0000000000000000e+00,0.0000000000000000e+00,0.0000000000000000e+00,0.0000000000000000e+00,0.0000000000000000e+00,0.0000000000000000e+00,4.7877041132772028e+08,-2.6555810919070634e+17,0.0000000000000000e+00,0.0000000000000000e+00,5.2663693242870817e+27,0.0000000000000000e+00,4.7867661576337761e+08,-5.8394343827403545e+03,0.0000000000000000e+00,0.0000000000000000e+00,5.1793469504299052e+27,0.0000000000000000e+00,1.7264489834766342e+27,0.0000000000000000e+00,0.0000000000000000e+00,0.0000000000000000e+00,1.0820092545427110e+19,0.0000000000000000e+00,0.0000000000000000e+00,0.0000000000000000e+00,0.0000000000000000e+00,0.0000000000000000e+00,0.0000000000000000e+00,0.0000000000000000e+00,1.3333333333333337e+00,2.1755355766631059e+04,2.7134988276933901e-06,0.0000000000000000e+00,0.0000000000000000e+00,0.0000000000000000e+00,0.0000000000000000e+00,0.0000000000000000e+00,0.0000000000000000e+00,0.0000000000000000e+00,0.0000000000000000e+00,
3.0000000000000000e+00,1.4275000000000000e+02,1.5707963267948966e+00,3.1415926535897931e+00,5.0000000000000000e-01,3.1415926535897931e+00,6.2831853071795862e+00,0.0000000000000000e+00,1.0153441838675099e+00,1.4482517362035924e+02,1.4482517362035924e+02,1.0309238119837723e+00,2.0974351745250475e+04,2.0974351745250475e+04,2.1279215499692633e+04,9.8562145352673525e-01,0.0000000000000000e+00,0.0000000000000000e+00,0.0000000000000000e+00,1.0076428850545132e+00,0.0000000000000000e+00,0.0000000000000000e+00,0.0000000000000000e+00,0.0000000000000000e+00,0.0000000000000000e+00,0.0000000000000000e+00,4.0476804593114018e+08,-2.3642244525583405e+17,0.0000000000000000e+00,0.0000000000000000e+00,4.2235186945359796e+27,0.0000000000000000e+00,4.0467819908531737e+08,-6.2208273019412436e+03,0.0000000000000000e+00,0.0000000000000000e+00,4.1402989001761689e+27,0.0000000000000000e+00,1.3800996333920562e+27,0.0000000000000000e+00,0.0000000000000000e+00,0.0000000000000000e+00,1.0231050457865912e+19,0.0000000000000000e+00,0.0000000000000000e+00,0.0000000000000000e+00,0.0000000000000000e+00,0.0000000000000000e+00,0.0000000000000000e+00,0.0000000000000000e+00,1.3333333333333335e+00,2.1163995560061074e+04,2.3271684302001911e-06,0.0000000000000000e+00,0.0000000000000000e+00,0.0000000000000000e+00,0.0000000000000000e+00,0.0000000000000000e+00,0.0000000000000000e+00,0.0000000000000000e+00,0.0000000000000000e+00,
1.4000000000000000e+01,1.4975000000000000e+02,1.5707963267948966e+00,3.1415926535897931e+00,5.0000000000000000e-01,3.1415926535897931e+00,6.2831853071795862e+00,0.0000000000000000e+00,1.0144841877495416e+00,1.5182481064911761e+02,1.5182481064911761e+02,1.0291781674083715e+00,2.3050793959929004e+04,2.3050793959929004e+04,2.3370123646907639e+04,9.8628896363239238e-01,0.0000000000000000e+00,0.0000000000000000e+00,0.0000000000000000e+00,1.0072160581010792e+00,0.0000000000000000e+00,0.0000000000000000e+00,0.0000000000000000e+00,0.0000000000000000e+00,0.0000000000000000e+00,0.0000000000000000e+00,3.3698077078980434e+08,-2.1468969812194406e+17,0.0000000000000000e+00,0.0000000000000000e+00,3.3219142196089466e+27,0.0000000000000000e+00,3.3689486702037096e+08,-6.6721791154832144e+03,0.0000000000000000e+00,0.0000000000000000e+00,3.2424830251060273e+27,0.0000000000000000e+00,1.0808276750353424e+27,0.0000000000000000e+00,0.0000000000000000e+00,0.0000000000000000e+00,9.6245803830189896e+18,0.0000000000000000e+00,0.0000000000000000e+00,0.0000000000000000e+00,0.0000000000000000e+00,0.0000000000000000e+00,0.0000000000000000e+00,0.0000000000000000e+00,1.3333333333333335e+00,2.0536242906662748e+04,8.4462106959595262e-01,0.0000000000000000e+00,0.0000000000000000e+00,0.0000000000000000e+00,0.0000000000000000e+00,0.0000000000000000e+00,0.0000000000000000e+00,0.0000000000000000e+00,0.0000000000000000e+00,
4.0000000000000000e+00,1.5775000000000000e+02,1.5707963267948966e+00,3.1415926535897931e+00,5.0000000000000000e-01,3.1415926535897931e+00,6.2831853071795862e+00,0.0000000000000000e+00,1.0138070719175487e+00,1.5982443524065656e+02,1.5982443524065656e+02,1.0278047792471692e+00,2.5543870931485413e+04,2.5543870931485413e+04,2.5879733756011530e+04,9.8697976572020274e-01,0.0000000000000000e+00,0.0000000000000000e+00,0.0000000000000000e+00,1.0068798696338446e+00,0.0000000000000000e+00,0.0000000000000000e+00,0.0000000000000000e+00,0.0000000000000000e+00,0.0000000000000000e+00,0.0000000000000000e+00,4.2478445846792750e+07,-1.9333035285777002e+17,0.0000000000000000e+00,0.0000000000000000e+00,5.2604378282760086e+26,0.0000000000000000e+00,4.1910901008018151e+07,-4.7049980943341732e+04,0.0000000000000000e+00,0.0000000000000000e+00,8.7349475332111240e+24,0.0000000000000000e+00,2.9116491777370410e+24,0.0000000000000000e+00,0.0000000000000000e+00,0.0000000000000000e+00,2.0841450935290173e+17,0.0000000000000000e+00,0.0000000000000000e+00,0.0000000000000000e+00,0.0000000000000000e+00,0.0000000000000000e+00,0.0000000000000000e+00,0.0000000000000000e+00,1.3333333333333335e+00,3.0430221728543602e+03,8.4379376193266142e-01,0.0000000000000000e+00,0.0000000000000000e+00,0.0000000000000000e+00,0.0000000000000000e+00,0.0000000000000000e+00,0.0000000000000000e+00,0.0000000000000000e+00,0.0000000000000000e+00,
4.0000000000000000e+00,1.6475000000000000e+02,1.5707963267948966e+00,3.1415926535897931e+00,5.0000000000000000e-01,3.1415926535897931e+00,6.2831853071795862e+00,0.0000000000000000e+00,1.0131068133596060e+00,1.6682413664478983e+02,1.6682413664478983e+02,1.0263854154194985e+00,2.7830313398923299e+04,2.7830313398923299e+04,2.8180643206063491e+04,9.8752952726767207e-01,0.0000000000000000e+00,0.0000000000000000e+00,0.0000000000000000e+00,1.0065320726753373e+00,0.0000000000000000e+00,0.0000000000000000e+00,0.0000000000000000e+00,0.0000000000000000e+00,0.0000000000000000e+00,0.0000000000000000e+00,3.9324026702960998e+07,-1.7715139095454352e+17,0.0000000000000000e+00,0.0000000000000000e+00,4.6212886329198964e+26,0.0000000000000000e+00,3.8825323964870155e+07,-4.6065545396873953e+04,0.0000000000000000e+00,0.0000000000000000e+00,7.8880842882131789e+24,0.0000000000000000e+00,2.6293614294043924e+24,0.0000000000000000e+00,0.0000000000000000e+00,0.0000000000000000e+00,2.0316841500236413e+17,0.0000000000000000e+00,0.0000000000000000e+00,0.0000000000000000e+00,0.0000000000000000e+00,0.0000000000000000e+00,0.0000000000000000e+00,0.0000000000000000e+00,1.3333333333333335e+00,3.0044943137680066e+03,4.5070823616486220e-07,0.0000000000000000e+00,0.0000000000000000e+00,0.0000000000000000e+00,0.0000000000000000e+00,0.0000000000000000e+00,0.0000000000000000e+00,0.0000000000000000e+00,0.0000000000000000e+00,
1.3000000000000000e+01,1.7275000000000000e+02,1.5707963267948966e+00,3.1415926535897931e+00,5.0000000000000000e-01,3.1415926535897931e+00,6.2831853071795862e+00,0.0000000000000000e+00,1.0125498779117055e+00,1.7482382500386962e+02,1.7482382500386962e+02,1.0252572553799191e+00,3.0563390620780188e+04,3.0563390620780188e+04,3.0930254604685764e+04,9.8810359517698243e-01,0.0000000000000000e+00,0.0000000000000000e+00,0.0000000000000000e+00,1.0062553740884332e+00,0.0000000000000000e+00,0.0000000000000000e+00,0.0000000000000000e+00,0.0000000000000000e+00,0.0000000000000000e+00,0.0000000000000000e+00,3.6871833889990911e+07,-1.6102947996981274e+17,0.0000000000000000e+00,0.0000000000000000e+00,4.1478599072893053e+26,0.0000000000000000e+00,3.6424150951775543e+07,-4.5011861690700571e+04,0.0000000000000000e+00,0.0000000000000000e+00,7.2444262154545728e+24,0.0000000000000000e+00,2.4148087384848572e+24,0.0000000000000000e+00,0.0000000000000000e+00,0.0000000000000000e+00,1.9889062658889638e+17,0.0000000000000000e+00,0.0000000000000000e+00,0.0000000000000000e+00,0.0000000000000000e+00,0.0000000000000000e+00,0.0000000000000000e+00,0.0000000000000000e+00,1.3333333333333335e+00,2.9727050896671403e+03,3.9593084439533507e-07,0.0000000000000000e+00,0.0000000000000000e+00,0.0000000000000000e+00,0.0000000000000000e+00,0.0000000000000000e+00,0.0000000000000000e+00,0.0000000000000000e+00,0.0000000000000000e+00,
5.0000000000000000e+00,1.7975000000000000e+02,1.5707963267948966e+00,3.1415926535897931e+00,5.0000000000000000e-01,3.1415926535897931e+00,6.2831853071795862e+00,0.0000000000000000e+00,1.0119686515255146e+00,1.8182357505895197e+02,1.8182357505895197e+02,1.0240805517703875e+00,3.3059833279132225e+04,3.3059833279132225e+04,3.3441165037853818e+04,9.8856422701860547e-01,0.0000000000000000e+00,0.0000000000000000e+00,0.0000000000000000e+00,1.0059665260339457e+00,0.0000000000000000e+00,0.0000000000000000e+00,0.0000000000000000e+00,0.0000000000000000e+00,0.0000000000000000e+00,0.0000000000000000e+00,3.4367605458674505e+07,-1.4866205280449818e+17,0.0000000000000000e+00,0.0000000000000000e+00,3.6860132981354170e+26,0.0000000000000000e+00,3.3969716963710718e+07,-4.4146144504904558e+04,0.0000000000000000e+00,0.0000000000000000e+00,6.6009630354281245e+24,0.0000000000000000e+00,2.2003210118093741e+24,0.0000000000000000e+00,0.0000000000000000e+00,0.0000000000000000e+00,1.9431894929789802e+17,0.0000000000000000e+00,0.0000000000000000e+00,0.0000000000000000e+00,0.0000000000000000e+00,0.0000000000000000e+00,0.0000000000000000e+00,0.0000000000000000e+00,1.3333333333333335e+00,2.9383513084934643e+03,3.4367227971118285e-07,0.0000000000000000e+00,0.0000000000000000e+00,0.0000000000000000e+00,0.0000000000000000e+00,0.0000000000000000e+00,0.0000000000000000e+00,0.0000000000000000e+00,0.0000000000000000e+00,
5.0000000000000000e+00,1.8775000000000000e+02,1.5707963267948966e+00,3.1415926535897931e+00,5.0000000000000000e-01,3.1415926535897931e+00,6.2831853071795862e+00,0.0000000000000000e+00,1.0115025212869502e+00,1.8982331221533173e+02,1.8982331221533173e+02,1.0231373506551817e+00,3.6032910692431513e+04,3.6032910692431513e+04,3.6430777421902327e+04,9.8904883494599616e-01,0.0000000000000000e+00,0.0000000000000000e+00,0.0000000000000000e+00,1.0057348165723714e+00,0.0000000000000000e+00,0.0000000000000000e+00,0.0000000000000000e+00,0.0000000000000000e+00,0.0000000000000000e+00,0.0000000000000000e+00,3.2400789106076881e+07,-1.3619589233633355e+17,0.0000000000000000e+00,0.0000000000000000e+00,3.3389155203537812e+26,0.0000000000000000e+00,3.2040338341003664e+07,-4.3214641586939186e+04,0.0000000000000000e+00,0.0000000000000000e+00,6.1058693883090947e+24,0.0000000000000000e+00,2.0352897961030314e+24,0.0000000000000000e+00,0.0000000000000000e+00,0.0000000000000000e+00,1.9056810443196637e+17,0.0000000000000000e+00,0.0000000000000000e+00,0.0000000000000000e+00,0.0000000000000000e+00,0.0000000000000000e+00,0.0000000000000000e+00,0.0000000000000000e+00,1.3333333333333335e+00,2.9098624324665357e+03,3.0523490515251336e-07,0.0000000000000000e+00,0.0000000000000000e+00,0.0000000000000000e+00,0.0000000000000000e+00,0.0000000000000000e+00,0.0000000000000000e+00,0.0000000000000000e+00,0.0000000000000000e+00,
1.5000000000000000e+01,1.9475000000000000e+02,1.5707963267948966e+00,3.1415926535897931e+00,5.0000000000000000e-01,3.1415926535897931e+00,6.2831853071795862e+00,0.0000000000000000e+00,1.0110123646371871e+00,1.9682309993081759e+02,1.9682309993081759e+02,1.0221460015209614e+00,3.8739353498500612e+04,3.8739353498500612e+04,3.9151688615133382e+04,9.8944037965959286e-01,0.0000000000000000e+00,0.0000000000000000e+00,0.0000000000000000e+00,1.0054911061861569e+00,0.0000000000000000e+00,0.0000000000000000e+00,0.0000000000000000e+00,0.0000000000000000e+00,0.0000000000000000e+00,0.0000000000000000e+00,3.0373425003114175e+07,-1.2653077264112667e+17,0.0000000000000000e+00,0.0000000000000000e+00,2.9958251223146657e+26,0.0000000000000000e+00,3.0049992534247633e+07,-4.2445573321371900e+04,0.0000000000000000e+00,0.0000000000000000e+00,5.6054506328795361e+24,0.0000000000000000e+00,1.8684835442931785e+24,0.0000000000000000e+00,0.0000000000000000e+00,0.0000000000000000e+00,1.8653742525229578e+17,0.0000000000000000e+00,0.0000000000000000e+00,0.0000000000000000e+00,0.0000000000000000e+00,0.0000000000000000e+00,0.0000000000000000e+00,0.0000000000000000e+00,1.3333333333333335e+00,2.8789335335927080e+03,2.6801241006873919e-07,0.0000000000000000e+00,0.0000000000000000e+00,0.0000000000000000e+00,0.0000000000000000e+00,0.0000000000000000e+00,0.0000000000000000e+00,0.0000000000000000e+00,0.0000000000000000e+00,
6.0000000000000000e+00,2.0275000000000000e+02,1.5707963267948966e+00,3.1415926535897931e+00,5.0000000000000000e-01,3.1415926535897931e+00,6.2831853071795862e+00,0.0000000000000000e+00,1.0106165133202700e+00,2.0482287525878070e+02,2.0482287525878070e+02,1.0213457370575396e+00,4.1952431061491545e+04,4.1952431061491545e+04,4.2381301769133890e+04,9.8985492154094534e-01,0.0000000000000000e+00,0.0000000000000000e+00,0.0000000000000000e+00,1.0052942421524920e+00,0.0000000000000000e+00,0.0000000000000000e+00,0.0000000000000000e+00,0.0000000000000000e+00,0.0000000000000000e+00,0.0000000000000000e+00,2.8767352033723619e+07,-1.1669346081059134e+17,0.0000000000000000e+00,0.0000000000000000e+00,2.7348169766303120e+26,0.0000000000000000e+00,2.8472089992961865e+07,-4.1614347244287637e+04,0.0000000000000000e+00,0.0000000000000000e+00,5.2164753854368212e+24,0.0000000000000000e+00,1.7388251284789401e+24,0.0000000000000000e+00,0.0000000000000000e+00,0.0000000000000000e+00,1.8321357203198614e+17,0.0000000000000000e+00,0.0000000000000000e+00,0.0000000000000000e+00,0.0000000000000000e+00,0.0000000000000000e+00,0.0000000000000000e+00,0.0000000000000000e+00,1.3333333333333335e+00,2.8531758633185846e+03,2.4025134821693114e-07,0.0000000000000000e+00,0.0000000000000000e+00,0.0000000000000000e+00,0.0000000000000000e+00,0.0000000000000000e+00,0.0000000000000000e+00,0.0000000000000000e+00,0.0000000000000000e+00,
6.0000000000000000e+00,2.0975000000000000e+02,1.5707963267948966e+00,3.1415926535897931e+00,5.0000000000000000e-01,3.1415926535897931e+00,6.2831853071795862e+00,0.0000000000000000e+00,1.0101975837779553e+00,2.1182269272177643e+02,2.1182269272177643e+02,1.0204991583235294e+00,4.4868873984194834e+04,4.4868873984194834e+04,4.5312213562086537e+04,9.9019183318574788e-01,0.0000000000000000e+00,0.0000000000000000e+00,0.0000000000000000e+00,1.0050858589020695e+00,0.0000000000000000e+00,0.0000000000000000e+00,0.0000000000000000e+00,0.0000000000000000e+00,0.0000000000000000e+00,0.0000000000000000e+00,2.7098713276827805e+07,-1.0899731133455389e+17,0.0000000000000000e+00,0.0000000000000000e+00,2.4739331677051200e+26,0.0000000000000000e+00,2.6831615560642697e+07,-4.0925200907682738e+04,0.0000000000000000e+00,0.0000000000000000e+00,4.8196309778459683e+24,0.0000000000000000e+00,1.6065436592819892e+24,0.0000000000000000e+00,0.0000000000000000e+00,0.0000000000000000e+00,1.7962500979284960e+17,0.0000000000000000e+00,0.0000000000000000e+00,0.0000000000000000e+00,0.0000000000000000e+00,0.0000000000000000e+00,0.0000000000000000e+00,0.0000000000000000e+00,1.3333333333333335e+00,2.8251029529079101e+03,2.1302480286309739e-07,0.0000000000000000e+00,0.0000000000000000e+00,0.0000000000000000e+00,0.0000000000000000e+00,0.0000000000000000e+00,0.0000000000000000e+00,0.0000000000000000e+00,0.0000000000000000e+00,
7.0000000000000000e+00,2.1775000000000000e+02,1.5707963267948966e+00,3.1415926535897931e+00,5.0000000000000000e-01,3.1415926535897931e+00,6.2831853071795862e+00,0.0000000000000000e+00,1.0098572363121967e+00,2.1982249847109659e+02,2.1982249847109659e+02,1.0198116377781254e+00,4.8321951666441149e+04,4.8321951666441149e+04,4.8781827329101878e+04,9.9055047629518878e-01,0.0000000000000000e+00,0.0000000000000000e+00,0.0000000000000000e+00,1.0049165320069149e+00,0.0000000000000000e+00,0.0000000000000000e+00,0.0000000000000000e+00,0.0000000000000000e+00,0.0000000000000000e+00,0.0000000000000000e+00,2.5767075162582770e+07,-1.0109865505293344e+17,0.0000000000000000e+00,0.0000000000000000e+00,2.2733941767327406e+26,0.0000000000000000e+00,2.5521632007177461e+07,-4.0177474234842150e+04,0.0000000000000000e+00,0.0000000000000000e+00,4.5084709215199937e+24,0.0000000000000000e+00,1.5028236405066644e+24,0.0000000000000000e+00,0.0000000000000000e+00,0.0000000000000000e+00,1.7665286342712490e+17,0.0000000000000000e+00,0.0000000000000000e+00,0.0000000000000000e+00,0.0000000000000000e+00,0.0000000000000000e+00,0.0000000000000000e+00,0.0000000000000000e+00,1.3333333333333335e+00,2.8016390044993514e+03,1.9247785093095080e-07,0.0000000000000000e+00,0.0000000000000000e+00,0.0000000000000000e+00,0.0000000000000000e+00,0.0000000000000000e+00,0.0000000000000000e+00,0.0000000000000000e+00,0.0000000000000000e+00,
7.0000000000000000e+00,2.2475000000000000e+02,1.5707963267948966e+00,3.1415926535897931e+00,5.0000000000000000e-01,3.1415926535897931e+00,6.2831853071795862e+00,0.0000000000000000e+00,1.0094950639717002e+00,2.2682233983983434e+02,2.2682233983983434e+02,1.0190802842228457e+00,5.1448394682842481e+04,5.1448394682842481e+04,5.1922739603560025e+04,9.9084344081015652e-01,0.0000000000000000e+00,0.0000000000000000e+00,0.0000000000000000e+00,1.0047363156380329e+00,0.0000000000000000e+00,0.0000000000000000e+00,0.0000000000000000e+00,0.0000000000000000e+00,0.0000000000000000e+00,0.0000000000000000e+00,2.4374158854128245e+07,-9.4870958244512032e+16,0.0000000000000000e+00,0.0000000000000000e+00,2.0710276283725802e+26,0.0000000000000000e+00,2.4150571810739532e+07,-3.9555311048754847e+04,0.0000000000000000e+00,0.0000000000000000e+00,4.1884618746214979e+24,0.0000000000000000e+00,1.3961539582071657e+24,0.0000000000000000e+00,0.0000000000000000e+00,0.0000000000000000e+00,1.7343111260448307e+17,0.0000000000000000e+00,0.0000000000000000e+00,0.0000000000000000e+00,0.0000000000000000e+00,0.0000000000000000e+00,0.0000000000000000e+00,0.0000000000000000e+00,1.3333333333333335e+00,2.7759802851915520e+03,1.7210601669142534e-07,0.0000000000000000e+00,0.0000000000000000e+00,0.0000000000000000e+00,0.0000000000000000e+00,0.0000000000000000e+00,0.0000000000000000e+00,0.0000000000000000e+00,0.0000000000000000e+00,

