1
1
61
0
(22 0
((0) (15) (0))
((16) (31) (0))
((32) (47) (0))
((48) (63) (0))
((64) (79) (0))
((80) (95) (0))
((96) (111) (0))
((112) (127) (0))
((128) (143) (0))
((144) (159) (0))
((160) (175) (0))
((176) (191) (0))
((192) (207) (0))
((208) (223) (0))
((224) (239) (0))
((240) (255) (0))
((256) (271) (0))
((272) (283) (0))
((284) (299) (0))
((300) (311) (0))
((312) (327) (0))
((328) (339) (0))
)
22
FabOnDisk: Cell_D_00006 0
FabOnDisk: Cell_D_00007 0
FabOnDisk: Cell_D_00008 0
FabOnDisk: Cell_D_00000 0
FabOnDisk: Cell_D_00000 7885
FabOnDisk: Cell_D_00009 0
FabOnDisk: Cell_D_00010 0
FabOnDisk: Cell_D_00001 0
FabOnDisk: Cell_D_00001 7887
FabOnDisk: Cell_D_00011 0
FabOnDisk: Cell_D_00012 0
FabOnDisk: Cell_D_00002 0
FabOnDisk: Cell_D_00002 7887
FabOnDisk: Cell_D_00013 0
FabOnDisk: Cell_D_00014 0
FabOnDisk: Cell_D_00003 0
FabOnDisk: Cell_D_00003 7887
FabOnDisk: Cell_D_00015 0
FabOnDisk: Cell_D_00004 0
FabOnDisk: Cell_D_00004 7887
FabOnDisk: Cell_D_00005 0
FabOnDisk: Cell_D_00005 7887

22,61
6.0000000000000000e+00,2.0125000000000000e+01,1.5707963267948966e+00,3.1415926535897931e+00,2.5000000000000000e-01,3.1415926535897931e+00,6.2831853071795862e+00,0.0000000000000000e+00,1.1806830436964828e+00,2.4472557353775869e+01,2.4472557353775869e+01,1.3940127732517964e+00,5.9891116231074591e+02,5.9891116231074591e+02,7.2827796945082957e+02,8.1368490762336010e-01,0.0000000000000000e+00,0.0000000000000000e+00,0.0000000000000000e+00,1.0865923684542640e+00,0.0000000000000000e+00,0.0000000000000000e+00,0.0000000000000000e+00,0.0000000000000000e+00,0.0000000000000000e+00,0.0000000000000000e+00,1.9943602521494289e+10,-1.4561685536153299e+19,0.0000000000000000e+00,0.0000000000000000e+00,2.5494140545642490e+30,0.0000000000000000e+00,1.9942192905661785e+10,-3.0189708424435612e+03,0.0000000000000000e+00,0.0000000000000000e+00,2.5476668434406648e+30,0.0000000000000000e+00,8.4922228114688807e+29,0.0000000000000000e+00,0.0000000000000000e+00,0.0000000000000000e+00,1.2774838224201436e+20,0.0000000000000000e+00,0.0000000000000000e+00,0.0000000000000000e+00,0.0000000000000000e+00,0.0000000000000000e+00,0.0000000000000000e+00,0.0000000000000000e+00,1.3333333333333330e+00,6.9087585354740862e+04,6.3491379917548639e-05,0.0000000000000000e+00,0.0000000000000000e+00,0.0000000000000000e+00,0.0000000000000000e+00,0.0000000000000000e+00,0.0000000000000000e+00,0.0000000000000000e+00,0.0000000000000000e+00,
7.0000000000000000e+00,2.4125000000000000e+01,1.5707963267948966e+00,3.1415926535897931e+00,2.5000000000000000e-01,3.1415926535897931e+00,6.2831853071795862e+00,0.0000000000000000e+00,1.1538339648024871e+00,2.8437301002882482e+01,2.8437301002882482e+01,1.3313329885087524e+00,8.0868522036034892e+02,8.0868522036034892e+02,9.5322232867217349e+02,8.4213801485859507e-01,0.0000000000000000e+00,0.0000000000000000e+00,0.0000000000000000e+00,1.0741666201903635e+00,0.0000000000000000e+00,0.0000000000000000e+00,0.0000000000000000e+00,0.0000000000000000e+00,0.0000000000000000e+00,0.0000000000000000e+00,1.2021125189640903e+10,-9.7591786303139574e+18,0.0000000000000000e+00,0.0000000000000000e+00,1.2986560395622823e+30,0.0000000000000000e+00,1.2019812649325298e+10,-3.8395042920887404e+03,0.0000000000000000e+00,0.0000000000000000e+00,1.2970985368451762e+30,0.0000000000000000e+00,4.3236617894839202e+29,0.0000000000000000e+00,0.0000000000000000e+00,0.0000000000000000e+00,1.0791082860823501e+20,0.0000000000000000e+00,0.0000000000000000e+00,0.0000000000000000e+00,0.0000000000000000e+00,0.0000000000000000e+00,0.0000000000000000e+00,0.0000000000000000e+00,1.3333333333333330e+00,6.4297638144022909e+04,3.8596055739504193e-05,0.0000000000000000e+00,0.0000000000000000e+00,0.0000000000000000e+00,0.0000000000000000e+00,0.0000000000000000e+00,0.0000000000000000e+00,0.0000000000000000e+00,0.0000000000000000e+00,
8.0000000000000000e+00,2.8125000000000000e+01,1.5707963267948966e+00,3.1415926535897931e+00,2.5000000000000000e-01,3.1415926535897931e+00,6.2831853071795862e+00,0.0000000000000000e+00,1.1339257340276943e+00,3.2412068916735890e+01,3.2412068916735890e+01,1.2857876681036213e+00,1.0505473635950732e+03,1.0505473635950732e+03,1.2106679101280718e+03,8.6305201747001670e-01,0.0000000000000000e+00,0.0000000000000000e+00,0.0000000000000000e+00,1.0648594801488285e+00,0.0000000000000000e+00,0.0000000000000000e+00,0.0000000000000000e+00,0.0000000000000000e+00,0.0000000000000000e+00,0.0000000000000000e+00,7.7906908153776560e+09,-6.9929456397257155e+18,0.0000000000000000e+00,0.0000000000000000e+00,7.2882339642831349e+29,0.0000000000000000e+00,7.7894675022690630e+09,-4.6851430538048890e+03,0.0000000000000000e+00,0.0000000000000000e+00,7.2741910786689741e+29,0.0000000000000000e+00,2.4247303595563242e+29,0.0000000000000000e+00,0.0000000000000000e+00,0.0000000000000000e+00,9.3383302979058254e+19,0.0000000000000000e+00,0.0000000000000000e+00,0.0000000000000000e+00,0.0000000000000000e+00,0.0000000000000000e+00,0.0000000000000000e+00,0.0000000000000000e+00,1.3333333333333330e+00,6.0376696848136016e+04,2.5203791206628571e-05,0.0000000000000000e+00,0.0000000000000000e+00,0.0000000000000000e+00,0.0000000000000000e+00,0.0000000000000000e+00,0.0000000000000000e+00,0.0000000000000000e+00,0.0000000000000000e+00,
0.0000000000000000e+00,3.2125000000000000e+01,1.5707963267948966e+00,3.1415926535897931e+00,2.5000000000000000e-01,3.1415926535897931e+00,6.2831853071795862e+00,0.0000000000000000e+00,1.1185765589913594e+00,3.6393117904780240e+01,3.6393117904780240e+01,1.2512135784576857e+00,1.3244641960568567e+03,1.3244641960568567e+03,1.5004190219540401e+03,8.7907279659245507e-01,0.0000000000000000e+00,0.0000000000000000e+00,0.0000000000000000e+00,1.0576277915939833e+00,0.0000000000000000e+00,0.0000000000000000e+00,0.0000000000000000e+00,0.0000000000000000e+00,0.0000000000000000e+00,0.0000000000000000e+00,5.3290617615295630e+09,-5.2555723794193418e+18,0.0000000000000000e+00,0.0000000000000000e+00,4.3965792020835585e+29,0.0000000000000000e+00,5.3279184271884766e+09,-5.5515475585371096e+03,0.0000000000000000e+00,0.0000000000000000e+00,4.3837923623509958e+29,0.0000000000000000e+00,1.4612641207836648e+29,0.0000000000000000e+00,0.0000000000000000e+00,0.0000000000000000e+00,8.2278505146310246e+19,0.0000000000000000e+00,0.0000000000000000e+00,0.0000000000000000e+00,0.0000000000000000e+00,0.0000000000000000e+00,0.0000000000000000e+00,0.0000000000000000e+00,1.3333333333333330e+00,5.7087764569661114e+04,1.7368900916465704e-05,0.0000000000000000e+00,0.0000000000000000e+00,0.0000000000000000e+00,0.0000000000000000e+00,0.0000000000000000e+00,0.0000000000000000e+00,0.0000000000000000e+00,0.0000000000000000e+00,
0.0000000000000000e+00,3.6125000000000000e+01,1.5707963267948966e+00,3.1415926535897931e+00,2.5000000000000000e-01,3.1415926535897931e+00,6.2831853071795862e+00,0.0000000000000000e+00,1.1063820548162948e+00,4.0378362188338862e+01,4.0378362188338862e+01,1.2240812901880749e+00,1.6304173072391793e+03,1.6304173072391793e+03,1.8223700517332506e+03,8.9173778977678286e-01,0.0000000000000000e+00,0.0000000000000000e+00,0.0000000000000000e+00,1.0518469689127730e+00,0.0000000000000000e+00,0.0000000000000000e+00,0.0000000000000000e+00,0.0000000000000000e+00,0.0000000000000000e+00,0.0000000000000000e+00,3.8003006394380932e+09,-4.0935526728656773e+18,0.0000000000000000e+00,0.0000000000000000e+00,2.8044990581270618e+29,0.0000000000000000e+00,3.7992282438781924e+09,-6.4368490810798576e+03,0.0000000000000000e+00,0.0000000000000000e+00,2.7927557106664459e+29,0.0000000000000000e+00,9.3091857022214821e+28,0.0000000000000000e+00,0.0000000000000000e+00,0.0000000000000000e+00,7.3507681431367418e+19,0.0000000000000000e+00,0.0000000000000000e+00,0.0000000000000000e+00,0.0000000000000000e+00,0.0000000000000000e+00,0.0000000000000000e+00,0.0000000000000000e+00,1.3333333333333330e+00,5.4274907141925956e+04,1.2483686465447485e-05,0.0000000000000000e+00,0.0000000000000000e+00,0.0000000000000000e+00,0.0000000000000000e+00,0.0000000000000000e+00,0.0000000000000000e+00,0.0000000000000000e+00,0.0000000000000000e+00,
9.0000000000000000e+00,4.0125000000000000e+01,1.5707963267948966e+00,3.1415926535897931e+00,2.5000000000000000e-01,3.1415926535897931e+00,6.2831853071795862e+00,0.0000000000000000e+00,1.0964607095338543e+00,4.4366547474691110e+01,4.4366547474691110e+01,1.2022261138987616e+00,1.9683957155016681e+03,1.9683957155016681e+03,2.1764590090807419e+03,9.0200141624748731e-01,0.0000000000000000e+00,0.0000000000000000e+00,0.0000000000000000e+00,1.0471201953579925e+00,0.0000000000000000e+00,0.0000000000000000e+00,0.0000000000000000e+00,0.0000000000000000e+00,0.0000000000000000e+00,0.0000000000000000e+00,2.8011017320007277e+09,-3.2782766690834299e+18,0.0000000000000000e+00,0.0000000000000000e+00,1.8701043861991863e+29,0.0000000000000000e+00,2.8000919866003041e+09,-7.3408939977126383e+03,0.0000000000000000e+00,0.0000000000000000e+00,1.8592377651393122e+29,0.0000000000000000e+00,6.1974592171310385e+28,0.0000000000000000e+00,0.0000000000000000e+00,0.0000000000000000e+00,6.6398557759367709e+19,0.0000000000000000e+00,0.0000000000000000e+00,0.0000000000000000e+00,0.0000000000000000e+00,0.0000000000000000e+00,0.0000000000000000e+00,0.0000000000000000e+00,1.3333333333333330e+00,5.1830685905592640e+04,9.2813584466911044e-06,0.0000000000000000e+00,0.0000000000000000e+00,0.0000000000000000e+00,0.0000000000000000e+00,0.0000000000000000e+00,0.0000000000000000e+00,0.0000000000000000e+00,0.0000000000000000e+00,
1.0000000000000000e+01,4.4125000000000000e+01,1.5707963267948966e+00,3.1415926535897931e+00,2.5000000000000000e-01,3.1415926535897931e+00,6.2831853071795862e+00,0.0000000000000000e+00,1.0882313421968746e+00,4.8356874167868270e+01,4.8356874167868270e+01,1.1842474725853811e+00,2.3383924647452300e+03,2.3383924647452300e+03,2.5626471207960449e+03,9.1048750724415073e-01,0.0000000000000000e+00,0.0000000000000000e+00,0.0000000000000000e+00,1.0431832715104996e+00,0.0000000000000000e+00,0.0000000000000000e+00,0.0000000000000000e+00,0.0000000000000000e+00,0.0000000000000000e+00,0.0000000000000000e+00,2.1205409603181484e+09,-2.6843516235939000e+18,0.0000000000000000e+00,0.0000000000000000e+00,1.2927676808403055e+29,0.0000000000000000e+00,2.1195864490699146e+09,-8.2648714136307281e+03,0.0000000000000000e+00,0.0000000000000000e+00,1.2826444622689444e+29,0.0000000000000000e+00,4.2754815408964811e+28,0.0000000000000000e+00,0.0000000000000000e+00,0.0000000000000000e+00,6.0513434534425551e+19,0.0000000000000000e+00,0.0000000000000000e+00,0.0000000000000000e+00,0.0000000000000000e+00,0.0000000000000000e+00,0.0000000000000000e+00,0.0000000000000000e+00,1.3333333333333330e+00,4.9678253662429182e+04,7.0958279793659537e-06,0.0000000000000000e+00,0.0000000000000000e+00,0.0000000000000000e+00,0.0000000000000000e+00,0.0000000000000000e+00,0.0000000000000000e+00,0.0000000000000000e+00,0.0000000000000000e+00,
1.0000000000000000e+00,4.8125000000000000e+01,1.5707963267948966e+00,3.1415926535897931e+00,2.5000000000000000e-01,3.1415926535897931e+00,6.2831853071795862e+00,0.0000000000000000e+00,1.0812952749063538e+00,5.2348808446459351e+01,5.2348808446459351e+01,1.1691994848308442e+00,2.7404029348627882e+03,2.7404029348627882e+03,2.9809088959425198e+03,9.1762103403612227e-01,0.0000000000000000e+00,0.0000000000000000e+00,0.0000000000000000e+00,1.0398534857528121e+00,0.0000000000000000e+00,0.0000000000000000e+00,0.0000000000000000e+00,0.0000000000000000e+00,0.0000000000000000e+00,0.0000000000000000e+00,1.6409768684524424e+09,-2.2383385249494461e+18,0.0000000000000000e+00,0.0000000000000000e+00,9.2063441638061395e+28,0.0000000000000000e+00,1.6400710038529625e+09,-9.2111678000084794e+03,0.0000000000000000e+00,0.0000000000000000e+00,9.1114603600658812e+28,0.0000000000000000e+00,3.0371534533552924e+28,0.0000000000000000e+00,0.0000000000000000e+00,0.0000000000000000e+00,5.5554912638137672e+19,0.0000000000000000e+00,0.0000000000000000e+00,0.0000000000000000e+00,0.0000000000000000e+00,0.0000000000000000e+00,0.0000000000000000e+00,0.0000000000000000e+00,1.3333333333333330e+00,4.7760891348995232e+04,5.5540109172079561e-06,0.0000000000000000e+00,0.0000000000000000e+00,0.0000000000000000e+00,0.0000000000000000e+00,0.0000000000000000e+00,0.0000000000000000e+00,0.0000000000000000e+00,0.0000000000000000e+00,
1.0000000000000000e+00,5.2125000000000000e+01,1.5707963267948966e+00,3.1415926535897931e+00,2.5000000000000000e-01,3.1415926535897931e+00,6.2831853071795862e+00,0.0000000000000000e+00,1.0753699281712934e+00,5.6341980309861178e+01,5.6341980309861178e+01,1.1564204922393468e+00,3.1744239371715298e+03,3.1744239371715298e+03,3.4312268887681121e+03,9.2370149804780688e-01,0.0000000000000000e+00,0.0000000000000000e+00,0.0000000000000000e+00,1.0370004464258396e+00,0.0000000000000000e+00,0.0000000000000000e+00,0.0000000000000000e+00,0.0000000000000000e+00,0.0000000000000000e+00,0.0000000000000000e+00,1.2932523722441924e+09,-1.8949089271667172e+18,0.0000000000000000e+00,0.0000000000000000e+00,6.7211938287866070e+28,0.0000000000000000e+00,1.2923892906254265e+09,-1.0183383307160761e+04,0.0000000000000000e+00,0.0000000000000000e+00,6.6317580655124188e+28,0.0000000000000000e+00,2.2105860218374726e+28,0.0000000000000000e+00,0.0000000000000000e+00,0.0000000000000000e+00,5.1313640480130367e+19,0.0000000000000000e+00,0.0000000000000000e+00,0.0000000000000000e+00,0.0000000000000000e+00,0.0000000000000000e+00,0.0000000000000000e+00,0.0000000000000000e+00,1.3333333333333330e+00,4.6035575423001887e+04,4.4358744099358409e-06,0.0000000000000000e+00,0.0000000000000000e+00,0.0000000000000000e+00,0.0000000000000000e+00,0.0000000000000000e+00,0.0000000000000000e+00,0.0000000000000000e+00,0.0000000000000000e+00,
1.1000000000000000e+01,5.6125000000000000e+01,1.5707963267948966e+00,3.1415926535897931e+00,2.5000000000000000e-01,3.1415926535897931e+00,6.2831853071795862e+00,0.0000000000000000e+00,1.0702494372704030e+00,6.0336125213261248e+01,6.0336125213261248e+01,1.1454338653926415e+00,3.6404531999373048e+03,3.6404531999373048e+03,3.9135887577745916e+03,9.2894605312342227e-01,0.0000000000000000e+00,0.0000000000000000e+00,0.0000000000000000e+00,1.0345286054712706e+00,0.0000000000000000e+00,0.0000000000000000e+00,0.0000000000000000e+00,0.0000000000000000e+00,0.0000000000000000e+00,0.0000000000000000e+00,1.0348893628027922e+09,-1.6248560258791447e+18,0.0000000000000000e+00,0.0000000000000000e+00,5.0108172866648944e+28,0.0000000000000000e+00,1.0340638010754901e+09,-1.1186495477417671e+04,0.0000000000000000e+00,0.0000000000000000e+00,4.9260686316507417e+28,0.0000000000000000e+00,1.6420228772169134e+28,0.0000000000000000e+00,0.0000000000000000e+00,0.0000000000000000e+00,4.7637714767227691e+19,0.0000000000000000e+00,0.0000000000000000e+00,0.0000000000000000e+00,0.0000000000000000e+00,0.0000000000000000e+00,0.0000000000000000e+00,0.0000000000000000e+00,1.3333333333333330e+00,4.4468844717593194e+04,3.6059858596455784e-06,0.0000000000000000e+00,0.0000000000000000e+00,0.0000000000000000e+00,0.0000000000000000e+00,0.0000000000000000e+00,0.0000000000000000e+00,0.0000000000000000e+00,0.0000000000000000e+00,
1.2000000000000000e+01,6.0125000000000000e+01,1.5707963267948966e+00,3.1415926535897931e+00,2.5000000000000000e-01,3.1415926535897931e+00,6.2831853071795862e+00,0.0000000000000000e+00,1.0657802789016779e+00,6.4331048995747039e+01,6.4331048995747039e+01,1.1358876085967740e+00,4.1384890608984442e+03,4.1384890608984442e+03,4.4279855266667200e+03,9.3351598698794080e-01,0.0000000000000000e+00,0.0000000000000000e+00,0.0000000000000000e+00,1.0323663485238137e+00,0.0000000000000000e+00,0.0000000000000000e+00,0.0000000000000000e+00,0.0000000000000000e+00,0.0000000000000000e+00,0.0000000000000000e+00,8.3880665635811651e+08,-1.4086732487990495e+18,0.0000000000000000e+00,0.0000000000000000e+00,3.8026815114843574e+28,0.0000000000000000e+00,8.3801382472346747e+08,-1.2227196263130230e+04,0.0000000000000000e+00,0.0000000000000000e+00,3.7219634267082273e+28,0.0000000000000000e+00,1.2406544755694089e+28,0.0000000000000000e+00,0.0000000000000000e+00,0.0000000000000000e+00,4.4413903661827924e+19,0.0000000000000000e+00,0.0000000000000000e+00,0.0000000000000000e+00,0.0000000000000000e+00,0.0000000000000000e+00,0.0000000000000000e+00,0.0000000000000000e+00,1.3333333333333330e+00,4.3034031027004356e+04,2.9779825869354622e-06,0.0000000000000000e+00,0.0000000000000000e+00,0.0000000000000000e+00,0.0000000000000000e+00,0.0000000000000000e+00,0.0000000000000000e+00,0.0000000000000000e+00,0.0000000000000000e+00,
2.0000000000000000e+00,6.4125000000000000e+01,1.5707963267948966e+00,3.1415926535897931e+00,2.5000000000000000e-01,3.1415926535897931e+00,6.2831853071795862e+00,0.0000000000000000e+00,1.0618456335225257e+00,6.8326605932378186e+01,6.8326605932378186e+01,1.1275161538856886e+00,4.6685302757327636e+03,4.6685302757327636e+03,4.9744105107999685e+03,9.3753360110564643e-01,0.0000000000000000e+00,0.0000000000000000e+00,0.0000000000000000e+00,1.0304589426433675e+00,0.0000000000000000e+00,0.0000000000000000e+00,0.0000000000000000e+00,0.0000000000000000e+00,0.0000000000000000e+00,0.0000000000000000e+00,6.8717461613856196e+08,-1.2329302060285501e+18,0.0000000000000000e+00,0.0000000000000000e+00,2.9296995070640436e+28,0.0000000000000000e+00,6.8641006806768775e+08,-1.3314477295795268e+04,0.0000000000000000e+00,0.0000000000000000e+00,2.8524317517964632e+28,0.0000000000000000e+00,9.5081058393215438e+27,0.0000000000000000e+00,0.0000000000000000e+00,0.0000000000000000e+00,4.1555625861281079e+19,0.0000000000000000e+00,0.0000000000000000e+00,0.0000000000000000e+00,0.0000000000000000e+00,0.0000000000000000e+00,0.0000000000000000e+00,0.0000000000000000e+00,1.3333333333333330e+00,4.1709315455875330e+04,2.4952321658343952e-06,0.0000000000000000e+00,0.0000000000000000e+00,0.0000000000000000e+00,0.0000000000000000e+00,0.0000000000000000e+00,0.0000000000000000e+00,0.0000000000000000e+00,0.0000000000000000e+00,
2.0000000000000000e+00,6.8125000000000000e+01,1.5707963267948966e+00,3.1415926535897931e+00,2.5000000000000000e-01,3.1415926535897931e+00,6.2831853071795862e+00,0.0000000000000000e+00,1.0583550370348365e+00,7.2322684517034432e+01,7.2322684517034432e+01,1.1201153879482684e+00,5.2305758944794807e+03,5.2305758944794807e+03,5.5528586298771916e+03,9.4109331904060167e-01,0.0000000000000000e+00,0.0000000000000000e+00,0.0000000000000000e+00,1.0287638388866032e+00,0.0000000000000000e+00,0.0000000000000000e+00,0.0000000000000000e+00,0.0000000000000000e+00,0.0000000000000000e+00,0.0000000000000000e+00,8.8212677693170071e+07,-1.0881352538091249e+18,0.0000000000000000e+00,0.0000000000000000e+00,4.6886901665781382e+27,0.0000000000000000e+00,8.3312262185651928e+07,-9.4059405238500767e+04,0.0000000000000000e+00,0.0000000000000000e+00,2.1832158777024017e+25,0.0000000000000000e+00,7.2773862590080052e+24,0.0000000000000000e+00,0.0000000000000000e+00,0.0000000000000000e+00,2.6205199001952048e+17,0.0000000000000000e+00,0.0000000000000000e+00,0.0000000000000000e+00,0.0000000000000000e+00,0.0000000000000000e+00,0.0000000000000000e+00,0.0000000000000000e+00,1.3333333333333330e+00,3.4120709829487264e+03,6.0387936720720052e-07,0.0000000000000000e+00,0.0000000000000000e+00,0.0000000000000000e+00,0.0000000000000000e+00,0.0000000000000000e+00,0.0000000000000000e+00,0.0000000000000000e+00,0.0000000000000000e+00,
1.3000000000000000e+01,7.2125000000000000e+01,1.5707963267948966e+00,3.1415926535897931e+00,2.5000000000000000e-01,3.1415926535897931e+00,6.2831853071795862e+00,0.0000000000000000e+00,1.0552373462224569e+00,7.6319197975313116e+01,7.6319197975313116e+01,1.1135258596976896e+00,5.8246251793592137e+03,5.8246251793592137e+03,6.1633259539650271e+03,9.4426920145998383e-01,0.0000000000000000e+00,0.0000000000000000e+00,0.0000000000000000e+00,1.0272474607176165e+00,0.0000000000000000e+00,0.0000000000000000e+00,0.0000000000000000e+00,0.0000000000000000e+00,0.0000000000000000e+00,0.0000000000000000e+00,8.1451362749663308e+07,-9.6742647752239450e+17,0.0000000000000000e+00,0.0000000000000000e+00,4.0944704092384962e+27,0.0000000000000000e+00,7.7159634944815680e+07,-9.2962433018543583e+04,0.0000000000000000e+00,0.0000000000000000e+00,1.9709320198241849e+25,0.0000000000000000e+00,6.5697733994139464e+24,0.0000000000000000e+00,0.0000000000000000e+00,0.0000000000000000e+00,2.5543547801886973e+17,0.0000000000000000e+00,0.0000000000000000e+00,0.0000000000000000e+00,0.0000000000000000e+00,0.0000000000000000e+00,0.0000000000000000e+00,0.0000000000000000e+00,1.3333333333333330e+00,3.3687366919078163e+03,5.1332734375359876e-07,0.0000000000000000e+00,0.0000000000000000e+00,0.0000000000000000e+00,0.0000000000000000e+00,0.0000000000000000e+00,0.0000000000000000e+00,0.0000000000000000e+00,0.0000000000000000e+00,
1.4000000000000000e+01,7.6125000000000000e+01,1.5707963267948966e+00,3.1415926535897931e+00,2.5000000000000000e-01,3.1415926535897931e+00,6.2831853071795862e+00,0.0000000000000000e+00,1.0524358428328393e+00,8.0316077767954198e+01,8.0316077767954198e+01,1.1076212055815666e+00,6.4506775486686747e+03,6.4506775486686747e+03,6.8058093953860198e+03,9.4712015452568088e-01,0.0000000000000000e+00,0.0000000000000000e+00,0.0000000000000000e+00,1.0258829574010591e+00,0.0000000000000000e+00,0.0000000000000000e+00,0.0000000000000000e+00,0.0000000000000000e+00,0.0000000000000000e+00,0.0000000000000000e+00,7.5512609385995358e+07,-8.6574347914867981e+17,0.0000000000000000e+00,0.0000000000000000e+00,3.6006078969431796e+27,0.0000000000000000e+00,7.1728767253552392e+07,-9.0876383034980056e+04,0.0000000000000000e+00,0.0000000000000000e+00,1.7881717623500311e+25,0.0000000000000000e+00,5.9605725411667694e+24,0.0000000000000000e+00,0.0000000000000000e+00,0.0000000000000000e+00,2.4929618146019008e+17,0.0000000000000000e+00,0.0000000000000000e+00,0.0000000000000000e+00,0.0000000000000000e+00,0.0000000000000000e+00,0.0000000000000000e+00,0.0000000000000000e+00,1.3333333333333330e+00,3.3280224665328788e+03,4.4002110260092394e-07,0.0000000000000000e+00,0.0000000000000000e+00,0.0000000000000000e+00,0.0000000000000000e+00,0.0000000000000000e+00,0.0000000000000000e+00,0.0000000000000000e+00,0.0000000000000000e+00,
3.0000000000000000e+00,8.0125000000000000e+01,1.5707963267948966e+00,3.1415926535897931e+00,2.5000000000000000e-01,3.1415926535897931e+00,6.2831853071795862e+00,0.0000000000000000e+00,1.0499047544198099e+00,8.4313269039896397e+01,8.4313269039896397e+01,1.1022999952423091e+00,7.1087325375831178e+03,7.1087325375831178e+03,7.4803064945882734e+03,9.4969361745167735e-01,0.0000000000000000e+00,0.0000000000000000e+00,0.0000000000000000e+00,1.0246486002381554e+00,0.0000000000000000e+00,0.0000000000000000e+00,0.0000000000000000e+00,0.0000000000000000e+00,0.0000000000000000e+00,0.0000000000000000e+00,7.0262753724457785e+07,-7.7928824126680307e+17,0.0000000000000000e+00,0.0000000000000000e+00,3.1863128388208348e+27,0.0000000000000000e+00,6.6906484611963958e+07,-8.8921755821277286e+04,0.0000000000000000e+00,0.0000000000000000e+00,1.6297050506720379e+25,0.0000000000000000e+00,5.4323501689067908e+24,0.0000000000000000e+00,0.0000000000000000e+00,0.0000000000000000e+00,2.4357941421017498e+17,0.0000000000000000e+00,0.0000000000000000e+00,0.0000000000000000e+00,0.0000000000000000e+00,0.0000000000000000e+00,0.0000000000000000e+00,0.0000000000000000e+00,1.3333333333333333e+00,3.2896566277909678e+03,3.8004093583825351e-07,0.0000000000000000e+00,0.0000000000000000e+00,0.0000000000000000e+00,0.0000000000000000e+00,0.0000000000000000e+00,0.0000000000000000e+00,0.0000000000000000e+00,0.0000000000000000e+00,
3.0000000000000000e+00,8.4125000000000000e+01,1.5707963267948966e+00,3.1415926535897931e+00,2.5000000000000000e-01,3.1415926535897931e+00,6.2831853071795862e+00,0.0000000000000000e+00,1.0476067357003009e+00,8.8310727367477725e+01,8.8310727367477725e+01,1.0974798742490344e+00,7.7987897702065329e+03,7.7987897702065329e+03,8.1868152681727324e+03,9.5202822327583403e-01,0.0000000000000000e+00,0.0000000000000000e+00,0.0000000000000000e+00,1.0235266168141286e+00,0.0000000000000000e+00,0.0000000000000000e+00,0.0000000000000000e+00,0.0000000000000000e+00,0.0000000000000000e+00,0.0000000000000000e+00,6.5594828575379387e+07,-7.0516525212307571e+17,0.0000000000000000e+00,0.0000000000000000e+00,2.8358277359399356e+27,0.0000000000000000e+00,6.2601439265480354e+07,-8.7085605180605242e+04,0.0000000000000000e+00,0.0000000000000000e+00,1.4914103095690746e+25,0.0000000000000000e+00,4.9713676985635806e+24,0.0000000000000000e+00,0.0000000000000000e+00,0.0000000000000000e+00,2.3823887153617990e+17,0.0000000000000000e+00,0.0000000000000000e+00,0.0000000000000000e+00,0.0000000000000000e+00,0.0000000000000000e+00,0.0000000000000000e+00,0.0000000000000000e+00,1.3333333333333330e+00,3.2534063525470133e+03,3.3048990001644752e-07,0.0000000000000000e+00,0.0000000000000000e+00,0.0000000000000000e+00,0.0000000000000000e+00,0.0000000000000000e+00,0.0000000000000000e+00,0.0000000000000000e+00,0.0000000000000000e+00,
1.5000000000000000e+01,8.8125000000000000e+01,1.5707963267948966e+00,3.1415926535897931e+00,2.5000000000000000e-01,3.1415926535897931e+00,6.2831853071795862e+00,0.0000000000000000e+00,1.0460174564670803e+00,9.2308416391376781e+01,9.2308416391376781e+01,1.0941525205996081e+00,8.5208489392760475e+03,8.5208489392760475e+03,8.9253340990016713e+03,9.5415575160812649e-01,0.0000000000000000e+00,0.0000000000000000e+00,0.0000000000000000e+00,1.0227499480032574e+00,0.0000000000000000e+00,0.0000000000000000e+00,0.0000000000000000e+00,0.0000000000000000e+00,0.0000000000000000e+00,0.0000000000000000e+00,6.2423101775622338e+07,-6.4113587300812813e+17,0.0000000000000000e+00,0.0000000000000000e+00,2.6074493846990899e+27,0.0000000000000000e+00,5.9666779088938698e+07,-8.5356653999545131e+04,0.0000000000000000e+00,0.0000000000000000e+00,1.3989262981728678e+25,0.0000000000000000e+00,4.6630876605762245e+24,0.0000000000000000e+00,0.0000000000000000e+00,0.0000000000000000e+00,2.3445637874481155e+17,0.0000000000000000e+00,0.0000000000000000e+00,0.0000000000000000e+00,0.0000000000000000e+00,0.0000000000000000e+00,0.0000000000000000e+00,0.0000000000000000e+00,1.3333333333333333e+00,3.2274850832377083e+03,2.9884261886070444e-07,0.0000000000000000e+00,0.0000000000000000e+00,0.0000000000000000e+00,0.0000000000000000e+00,0.0000000000000000e+00,0.0000000000000000e+00,0.0000000000000000e+00,0.0000000000000000e+00,
4.0000000000000000e+00,9.1125000000000000e+01,1.5707963267948966e+00,3.1415926535897931e+00,2.5000000000000000e-01,3.1415926535897931e+00,6.2831853071795862e+00,0.0000000000000000e+00,1.0440564276396223e+00,9.5306816281216413e+01,9.5306816281216413e+01,1.0900538252430396e+00,9.0833944326254350e+03,9.0833944326254350e+03,9.5002290121645838e+03,9.5563154359281444e-01,0.0000000000000000e+00,0.0000000000000000e+00,0.0000000000000000e+00,1.0217907943238040e+00,0.0000000000000000e+00,0.0000000000000000e+00,0.0000000000000000e+00,0.0000000000000000e+00,0.0000000000000000e+00,0.0000000000000000e+00,5.8575066799656793e+07,-5.9866872660744704e+17,0.0000000000000000e+00,0.0000000000000000e+00,2.3411537218136537e+27,0.0000000000000000e+00,5.6095819063513577e+07,-8.4124309174666458e+04,0.0000000000000000e+00,0.0000000000000000e+00,1.2884236559370177e+25,0.0000000000000000e+00,4.2947455197900582e+24,0.0000000000000000e+00,0.0000000000000000e+00,0.0000000000000000e+00,2.2968256215878461e+17,0.0000000000000000e+00,0.0000000000000000e+00,0.0000000000000000e+00,0.0000000000000000e+00,0.0000000000000000e+00,0.0000000000000000e+00,0.0000000000000000e+00,1.3333333333333330e+00,3.1944696571376548e+03,2.6263416891819255e-07,0.0000000000000000e+00,0.0000000000000000e+00,0.0000000000000000e+00,0.0000000000000000e+00,0.0000000000000000e+00,0.0000000000000000e+00,0.0000000000000000e+00,0.0000000000000000e+00,
4.0000000000000000e+00,9.5125000000000000e+01,1.5707963267948966e+00,3.1415926535897931e+00,2.5000000000000000e-01,3.1415926535897931e+00,6.2831853071795862e+00,0.0000000000000000e+00,1.0426919319228172e+00,9.9304839774745489e+01,9.9304839774745489e+01,1.0872064659086982e+00,9.8614564060936937e+03,9.8614564060936937e+03,1.0294762376080689e+04,9.5745754693997620e-01,0.0000000000000000e+00,0.0000000000000000e+00,0.0000000000000000e+00,1.0211228778556642e+00,0.0000000000000000e+00,0.0000000000000000e+00,0.0000000000000000e+00,0.0000000000000000e+00,0.0000000000000000e+00,0.0000000000000000e+00,5.5941412300510220e+07,-5.4830835266449344e+17,0.0000000000000000e+00,0.0000000000000000e+00,2.1658055266059472e+27,0.0000000000000000e+00,5.3645012957527861e+07,-8.2559948723334208e+04,0.0000000000000000e+00,0.0000000000000000e+00,1.2139212053449472e+25,0.0000000000000000e+00,4.0464040178164894e+24,0.0000000000000000e+00,0.0000000000000000e+00,0.0000000000000000e+00,2.2628771712347827e+17,0.0000000000000000e+00,0.0000000000000000e+00,0.0000000000000000e+00,0.0000000000000000e+00,0.0000000000000000e+00,0.0000000000000000e+00,0.0000000000000000e+00,1.3333333333333330e+00,3.1707816741278680e+03,2.3922969865093335e-07,0.0000000000000000e+00,0.0000000000000000e+00,0.0000000000000000e+00,0.0000000000000000e+00,0.0000000000000000e+00,0.0000000000000000e+00,0.0000000000000000e+00,0.0000000000000000e+00,
5.0000000000000000e+00,9.8125000000000000e+01,1.5707963267948966e+00,3.1415926535897931e+00,2.5000000000000000e-01,3.1415926535897931e+00,6.2831853071795862e+00,0.0000000000000000e+00,1.0409988549614526e+00,1.0230346312891433e+02,1.0230346312891433e+02,1.0836786168916310e+00,1.0466003771871554e+04,1.0466003771871554e+04,1.0911666979960582e+04,9.5873136849442664e-01,0.0000000000000000e+00,0.0000000000000000e+00,0.0000000000000000e+00,1.0202935140217164e+00,0.0000000000000000e+00,0.0000000000000000e+00,0.0000000000000000e+00,0.0000000000000000e+00,0.0000000000000000e+00,0.0000000000000000e+00,5.2724886092837222e+07,-5.1459445407216736e+17,0.0000000000000000e+00,0.0000000000000000e+00,1.9593807310011714e+27,0.0000000000000000e+00,5.0644174349372923e+07,-8.1441444785461033e+04,0.0000000000000000e+00,0.0000000000000000e+00,1.1242356276836895e+25,0.0000000000000000e+00,3.7474520922789640e+24,0.0000000000000000e+00,0.0000000000000000e+00,0.0000000000000000e+00,2.2198708007236237e+17,0.0000000000000000e+00,0.0000000000000000e+00,0.0000000000000000e+00,0.0000000000000000e+00,0.0000000000000000e+00,0.0000000000000000e+00,0.0000000000000000e+00,1.3333333333333330e+00,3.1405165306647805e+03,2.1215832665083077e-07,0.0000000000000000e+00,0.0000000000000000e+00,0.0000000000000000e+00,0.0000000000000000e+00,0.0000000000000000e+00,0.0000000000000000e+00,0.0000000000000000e+00,0.0000000000000000e+00,
5.0000000000000000e+00,1.0212500000000000e+02,1.5707963267948966e+00,3.1415926535897931e+00,2.5000000000000000e-01,3.1415926535897931e+00,6.2831853071795862e+00,0.0000000000000000e+00,1.0398146203309826e+00,1.0630175339694262e+02,1.0630175339694262e+02,1.0812144454194454e+00,1.1300067979322366e+04,1.1300067979322366e+04,1.1762211892007510e+04,9.6031569115543347e-01,0.0000000000000000e+00,0.0000000000000000e+00,0.0000000000000000e+00,1.0197130087171411e+00,0.0000000000000000e+00,0.0000000000000000e+00,0.0000000000000000e+00,0.0000000000000000e+00,0.0000000000000000e+00,0.0000000000000000e+00,5.0509630993715592e+07,-4.7427301006736979e+17,0.0000000000000000e+00,0.0000000000000000e+00,1.8222235148397112e+27,0.0000000000000000e+00,4.8572503409185834e+07,-8.0017453116836914e+04,0.0000000000000000e+00,0.0000000000000000e+00,1.0633396177200012e+25,0.0000000000000000e+00,3.5444653924000034e+24,0.0000000000000000e+00,0.0000000000000000e+00,0.0000000000000000e+00,2.1891794638576346e+17,0.0000000000000000e+00,0.0000000000000000e+00,0.0000000000000000e+00,0.0000000000000000e+00,0.0000000000000000e+00,0.0000000000000000e+00,0.0000000000000000e+00,1.3333333333333330e+00,3.1187380999246930e+03,1.9447840636919987e-07,0.0000000000000000e+00,0.0000000000000000e+00,0.0000000000000000e+00,0.0000000000000000e+00,0.0000000000000000e+00,0.0000000000000000e+00,0.0000000000000000e+00,0.0000000000000000e+00,

22,61
6.0000000000000000e+00,2.3875000000000000e+01,1.5707963267948966e+00,3.1415926535897931e+00,2.5000000000000000e-01,3.1415926535897931e+00,6.2831853071795862e+00,0.0000000000000000e+00,1.2160080740307218e+00,2.8189158590600879e+01,2.8189158590600879e+01,1.4786762962253626e+00,7.9463379247813668e+02,7.9463379247813668e+02,9.3820834766175597e+02,8.4061675207779651e-01,0.0000000000000000e+00,0.0000000000000000e+00,0.0000000000000000e+00,1.1027274995762446e+00,0.0000000000000000e+00,0.0000000000000000e+00,0.0000000000000000e+00,0.0000000000000000e+00,0.0000000000000000e+00,0.0000000000000000e+00,3.5149565481015503e+10,-9.9842193087740559e+18,0.0000000000000000e+00,0.0000000000000000e+00,5.4259517499388423e+30,0.0000000000000000e+00,3.5148062738452492e+10,-2.2798198972219629e+03,0.0000000000000000e+00,0.0000000000000000e+00,5.4239827070632312e+30,0.0000000000000000e+00,1.8079942356877435e+30,0.0000000000000000e+00,0.0000000000000000e+00,0.0000000000000000e+00,1.5431070607603574e+20,0.0000000000000000e+00,0.0000000000000000e+00,0.0000000000000000e+00,0.0000000000000000e+00,0.0000000000000000e+00,0.0000000000000000e+00,0.0000000000000000e+00,1.3333333333333335e+00,7.4703846364824945e+04,1.3638028832911754e-04,0.0000000000000000e+00,0.0000000000000000e+00,0.0000000000000000e+00,0.0000000000000000e+00,0.0000000000000000e+00,0.0000000000000000e+00,0.0000000000000000e+00,0.0000000000000000e+00,
7.0000000000000000e+00,2.7875000000000000e+01,1.5707963267948966e+00,3.1415926535897931e+00,2.5000000000000000e-01,3.1415926535897931e+00,6.2831853071795862e+00,0.0000000000000000e+00,1.1787337924075527e+00,3.2163433861475575e+01,3.2163433861475575e+01,1.3894136632246723e+00,1.0344916288838349e+03,1.0344916288838349e+03,1.1936296731748400e+03,8.6190859622534077e-01,0.0000000000000000e+00,0.0000000000000000e+00,0.0000000000000000e+00,1.0856950431360690e+00,0.0000000000000000e+00,0.0000000000000000e+00,0.0000000000000000e+00,0.0000000000000000e+00,0.0000000000000000e+00,0.0000000000000000e+00,1.9272136999348724e+10,-7.1290846896136243e+18,0.0000000000000000e+00,0.0000000000000000e+00,2.4356722015971567e+30,0.0000000000000000e+00,1.9270733607746483e+10,-3.0693881879652067e+03,0.0000000000000000e+00,0.0000000000000000e+00,2.4339381293705209e+30,0.0000000000000000e+00,8.1131270979017322e+29,0.0000000000000000e+00,0.0000000000000000e+00,0.0000000000000000e+00,1.2629823877816723e+20,0.0000000000000000e+00,0.0000000000000000e+00,0.0000000000000000e+00,0.0000000000000000e+00,0.0000000000000000e+00,0.0000000000000000e+00,0.0000000000000000e+00,1.3333333333333335e+00,6.8756546893464561e+04,6.1389174273190190e-05,0.0000000000000000e+00,0.0000000000000000e+00,0.0000000000000000e+00,0.0000000000000000e+00,0.0000000000000000e+00,0.0000000000000000e+00,0.0000000000000000e+00,0.0000000000000000e+00,
8.0000000000000000e+00,3.1875000000000000e+01,1.5707963267948966e+00,3.1415926535897931e+00,2.5000000000000000e-01,3.1415926535897931e+00,6.2831853071795862e+00,0.0000000000000000e+00,1.1524180978398972e+00,3.6144163052187245e+01,3.6144163052187245e+01,1.3280676362337467e+00,1.3064056872914889e+03,1.3064056872914889e+03,1.4813654031752005e+03,8.7818212197928813e-01,0.0000000000000000e+00,0.0000000000000000e+00,0.0000000000000000e+00,1.0735073647917863e+00,0.0000000000000000e+00,0.0000000000000000e+00,0.0000000000000000e+00,0.0000000000000000e+00,0.0000000000000000e+00,0.0000000000000000e+00,1.1677539089052479e+10,-5.3441005210064445e+18,0.0000000000000000e+00,0.0000000000000000e+00,1.2494462871036405e+30,0.0000000000000000e+00,1.1676232383394810e+10,-3.8916819960937632e+03,0.0000000000000000e+00,0.0000000000000000e+00,1.2478993219245349e+30,0.0000000000000000e+00,4.1596644064151156e+29,0.0000000000000000e+00,0.0000000000000000e+00,0.0000000000000000e+00,1.0687269696686535e+20,0.0000000000000000e+00,0.0000000000000000e+00,0.0000000000000000e+00,0.0000000000000000e+00,0.0000000000000000e+00,0.0000000000000000e+00,0.0000000000000000e+00,1.3333333333333335e+00,6.4030128260672784e+04,3.7511309745299417e-05,0.0000000000000000e+00,0.0000000000000000e+00,0.0000000000000000e+00,0.0000000000000000e+00,0.0000000000000000e+00,0.0000000000000000e+00,0.0000000000000000e+00,0.0000000000000000e+00,
0.0000000000000000e+00,3.5875000000000000e+01,1.5707963267948966e+00,3.1415926535897931e+00,2.5000000000000000e-01,3.1415926535897931e+00,6.2831853071795862e+00,0.0000000000000000e+00,1.1328510323767822e+00,4.0129188054527155e+01,4.0129188054527155e+01,1.2833515562712228e+00,1.6103569076660144e+03,1.6103569076660144e+03,1.8013060729084800e+03,8.9102446051948392e-01,0.0000000000000000e+00,0.0000000000000000e+00,0.0000000000000000e+00,1.0643547394902726e+00,0.0000000000000000e+00,0.0000000000000000e+00,0.0000000000000000e+00,0.0000000000000000e+00,0.0000000000000000e+00,0.0000000000000000e+00,7.5970918962773609e+09,-4.1543184825369032e+18,0.0000000000000000e+00,0.0000000000000000e+00,7.0481010360180533e+29,0.0000000000000000e+00,7.5958738554863062e+09,-4.7387146779408367e+03,0.0000000000000000e+00,0.0000000000000000e+00,7.0341439733548101e+29,0.0000000000000000e+00,2.3447146577849363e+29,0.0000000000000000e+00,0.0000000000000000e+00,0.0000000000000000e+00,9.2603186441753821e+19,0.0000000000000000e+00,0.0000000000000000e+00,0.0000000000000000e+00,0.0000000000000000e+00,0.0000000000000000e+00,0.0000000000000000e+00,0.0000000000000000e+00,1.3333333333333335e+00,6.0154559329027034e+04,2.4588852546221529e-05,0.0000000000000000e+00,0.0000000000000000e+00,0.0000000000000000e+00,0.0000000000000000e+00,0.0000000000000000e+00,0.0000000000000000e+00,0.0000000000000000e+00,0.0000000000000000e+00,
0.0000000000000000e+00,3.9875000000000000e+01,1.5707963267948966e+00,3.1415926535897931e+00,2.5000000000000000e-01,3.1415926535897931e+00,6.2831853071795862e+00,0.0000000000000000e+00,1.1177331398142416e+00,4.4117216473207840e+01,4.4117216473207840e+01,1.2493274302802557e+00,1.9463339696742137e+03,1.9463339696742137e+03,2.1533877230907738e+03,9.0141729265480297e-01,0.0000000000000000e+00,0.0000000000000000e+00,0.0000000000000000e+00,1.0572289850089380e+00,0.0000000000000000e+00,0.0000000000000000e+00,0.0000000000000000e+00,0.0000000000000000e+00,0.0000000000000000e+00,0.0000000000000000e+00,5.2118154524193802e+09,-3.3217747594535219e+18,0.0000000000000000e+00,0.0000000000000000e+00,4.2683604805431786e+29,0.0000000000000000e+00,5.2106768102659760e+09,-5.6063344300506506e+03,0.0000000000000000e+00,0.0000000000000000e+00,4.2556445352410609e+29,0.0000000000000000e+00,1.4185481784136865e+29,0.0000000000000000e+00,0.0000000000000000e+00,0.0000000000000000e+00,8.1670511982371521e+19,0.0000000000000000e+00,0.0000000000000000e+00,0.0000000000000000e+00,0.0000000000000000e+00,0.0000000000000000e+00,0.0000000000000000e+00,0.0000000000000000e+00,1.3333333333333335e+00,5.6899324433599002e+04,1.6994806388751157e-05,0.0000000000000000e+00,0.0000000000000000e+00,0.0000000000000000e+00,0.0000000000000000e+00,0.0000000000000000e+00,0.0000000000000000e+00,0.0000000000000000e+00,0.0000000000000000e+00,
9.0000000000000000e+00,4.3875000000000000e+01,1.5707963267948966e+00,3.1415926535897931e+00,2.5000000000000000e-01,3.1415926535897931e+00,6.2831853071795862e+00,0.0000000000000000e+00,1.1057025966171459e+00,4.8107427091514012e+01,4.8107427091514012e+01,1.2225782701489614e+00,2.3143297265624424e+03,2.3143297265624424e+03,2.5375704895013146e+03,9.1000041812185140e-01,0.0000000000000000e+00,0.0000000000000000e+00,0.0000000000000000e+00,1.0515239360229718e+00,0.0000000000000000e+00,0.0000000000000000e+00,0.0000000000000000e+00,0.0000000000000000e+00,0.0000000000000000e+00,0.0000000000000000e+00,3.7252013399127345e+09,-2.7165512452129377e+18,0.0000000000000000e+00,0.0000000000000000e+00,2.7310813039438899e+29,0.0000000000000000e+00,3.7241330938585577e+09,-6.4927966869877855e+03,0.0000000000000000e+00,0.0000000000000000e+00,2.7193972376586433e+29,0.0000000000000000e+00,9.0646574588621414e+28,0.0000000000000000e+00,0.0000000000000000e+00,0.0000000000000000e+00,7.3020143327079227e+19,0.0000000000000000e+00,0.0000000000000000e+00,0.0000000000000000e+00,0.0000000000000000e+00,0.0000000000000000e+00,0.0000000000000000e+00,0.0000000000000000e+00,1.3333333333333335e+00,5.4112267338299971e+04,1.2243268812353766e-05,0.0000000000000000e+00,0.0000000000000000e+00,0.0000000000000000e+00,0.0000000000000000e+00,0.0000000000000000e+00,0.0000000000000000e+00,0.0000000000000000e+00,0.0000000000000000e+00,
1.0000000000000000e+01,4.7875000000000000e+01,1.5707963267948966e+00,3.1415926535897931e+00,2.5000000000000000e-01,3.1415926535897931e+00,6.2831853071795862e+00,0.0000000000000000e+00,1.0959016832349158e+00,5.2099273078878888e+01,5.2099273078878888e+01,1.2010005250592166e+00,2.7143394442451108e+03,2.7143394442451108e+03,2.9538282371858600e+03,9.1720866544568502e-01,0.0000000000000000e+00,0.0000000000000000e+00,0.0000000000000000e+00,1.0468532262751127e+00,0.0000000000000000e+00,0.0000000000000000e+00,0.0000000000000000e+00,0.0000000000000000e+00,0.0000000000000000e+00,0.0000000000000000e+00,2.7507934592247076e+09,-2.2628371484186954e+18,0.0000000000000000e+00,0.0000000000000000e+00,1.8256522810572250e+29,0.0000000000000000e+00,2.7497873742113547e+09,-7.3980397672120280e+03,0.0000000000000000e+00,0.0000000000000000e+00,1.8148357341859889e+29,0.0000000000000000e+00,6.0494524472866286e+28,0.0000000000000000e+00,0.0000000000000000e+00,0.0000000000000000e+00,6.5998530556206146e+19,0.0000000000000000e+00,0.0000000000000000e+00,0.0000000000000000e+00,0.0000000000000000e+00,0.0000000000000000e+00,0.0000000000000000e+00,0.0000000000000000e+00,1.3333333333333335e+00,5.1688283647870187e+04,9.1199198201756848e-06,0.0000000000000000e+00,0.0000000000000000e+00,0.0000000000000000e+00,0.0000000000000000e+00,0.0000000000000000e+00,0.0000000000000000e+00,0.0000000000000000e+00,0.0000000000000000e+00,
1.0000000000000000e+00,5.1875000000000000e+01,1.5707963267948966e+00,3.1415926535897931e+00,2.5000000000000000e-01,3.1415926535897931e+00,6.2831853071795862e+00,0.0000000000000000e+00,1.0877633619103619e+00,5.6092376226440813e+01,5.6092376226440813e+01,1.1832291495722211e+00,3.1463598625050449e+03,3.1463598625050449e+03,3.4021431204054452e+03,9.2334788803251400e-01,0.0000000000000000e+00,0.0000000000000000e+00,0.0000000000000000e+00,1.0429589434681523e+00,0.0000000000000000e+00,0.0000000000000000e+00,0.0000000000000000e+00,0.0000000000000000e+00,0.0000000000000000e+00,0.0000000000000000e+00,2.0855802355855689e+09,-1.9139789494600136e+18,0.0000000000000000e+00,0.0000000000000000e+00,1.2645972641416371e+29,0.0000000000000000e+00,2.0846289496413908e+09,-8.3233299934025272e+03,0.0000000000000000e+00,0.0000000000000000e+00,1.2545166840552270e+29,0.0000000000000000e+00,4.1817222801840891e+28,0.0000000000000000e+00,0.0000000000000000e+00,0.0000000000000000e+00,6.0178915574248792e+19,0.0000000000000000e+00,0.0000000000000000e+00,0.0000000000000000e+00,0.0000000000000000e+00,0.0000000000000000e+00,0.0000000000000000e+00,0.0000000000000000e+00,1.3333333333333335e+00,4.9552036579607498e+04,6.9834679860791610e-06,0.0000000000000000e+00,0.0000000000000000e+00,0.0000000000000000e+00,0.0000000000000000e+00,0.0000000000000000e+00,0.0000000000000000e+00,0.0000000000000000e+00,0.0000000000000000e+00,
1.0000000000000000e+00,5.5875000000000000e+01,1.5707963267948966e+00,3.1415926535897931e+00,2.5000000000000000e-01,3.1415926535897931e+00,6.2831853071795862e+00,0.0000000000000000e+00,1.0808977892643890e+00,6.0086466602834214e+01,6.0086466602834214e+01,1.1683400438746352e+00,3.6103886628737141e+03,3.6103886628737141e+03,3.8825025386292496e+03,9.2863948240420202e-01,0.0000000000000000e+00,0.0000000000000000e+00,0.0000000000000000e+00,1.0396623424212599e+00,0.0000000000000000e+00,0.0000000000000000e+00,0.0000000000000000e+00,0.0000000000000000e+00,0.0000000000000000e+00,0.0000000000000000e+00,1.6159256976850429e+09,-1.6399898568865375e+18,0.0000000000000000e+00,0.0000000000000000e+00,9.0209101983690741e+28,0.0000000000000000e+00,1.6150226719471619e+09,-9.2711276977943908e+03,0.0000000000000000e+00,0.0000000000000000e+00,8.9263916244988584e+28,0.0000000000000000e+00,2.9754638748329525e+28,0.0000000000000000e+00,0.0000000000000000e+00,0.0000000000000000e+00,5.5270636849380803e+19,0.0000000000000000e+00,0.0000000000000000e+00,0.0000000000000000e+00,0.0000000000000000e+00,0.0000000000000000e+00,0.0000000000000000e+00,0.0000000000000000e+00,1.3333333333333335e+00,4.7647821170828793e+04,5.4734485898575446e-06,0.0000000000000000e+00,0.0000000000000000e+00,0.0000000000000000e+00,0.0000000000000000e+00,0.0000000000000000e+00,0.0000000000000000e+00,0.0000000000000000e+00,0.0000000000000000e+00,
1.1000000000000000e+01,5.9875000000000000e+01,1.5707963267948966e+00,3.1415926535897931e+00,2.5000000000000000e-01,3.1415926535897931e+00,6.2831853071795862e+00,0.0000000000000000e+00,1.0750281344248380e+00,6.4081346393535966e+01,6.4081346393535966e+01,1.1556854994522188e+00,4.1064241515104968e+03,4.1064241515104968e+03,4.3948973418345458e+03,9.3324765758959138e-01,0.0000000000000000e+00,0.0000000000000000e+00,0.0000000000000000e+00,1.0368356341201617e+00,0.0000000000000000e+00,0.0000000000000000e+00,0.0000000000000000e+00,0.0000000000000000e+00,0.0000000000000000e+00,0.0000000000000000e+00,1.2748286026075647e+09,-1.4208837438911549e+18,0.0000000000000000e+00,0.0000000000000000e+00,6.5951442386006288e+28,0.0000000000000000e+00,1.2739680146224823e+09,-1.0245112737358560e+04,0.0000000000000000e+00,0.0000000000000000e+00,6.5060224712256934e+28,0.0000000000000000e+00,2.1686741570752308e+28,0.0000000000000000e+00,0.0000000000000000e+00,0.0000000000000000e+00,5.1068671288257782e+19,0.0000000000000000e+00,0.0000000000000000e+00,0.0000000000000000e+00,0.0000000000000000e+00,0.0000000000000000e+00,0.0000000000000000e+00,0.0000000000000000e+00,1.3333333333333335e+00,4.5933314863928594e+04,4.3766526218197923e-06,0.0000000000000000e+00,0.0000000000000000e+00,0.0000000000000000e+00,0.0000000000000000e+00,0.0000000000000000e+00,0.0000000000000000e+00,0.0000000000000000e+00,0.0000000000000000e+00,
1.2000000000000000e+01,6.3875000000000000e+01,1.5707963267948966e+00,3.1415926535897931e+00,2.5000000000000000e-01,3.1415926535897931e+00,6.2831853071795862e+00,0.0000000000000000e+00,1.0699524037376349e+00,6.8076867324546100e+01,6.8076867324546100e+01,1.1447981535543867e+00,4.6344650621331648e+03,4.6344650621331648e+03,4.9393207253426863e+03,9.3729677974229464e-01,0.0000000000000000e+00,0.0000000000000000e+00,0.0000000000000000e+00,1.0343850356778139e+00,0.0000000000000000e+00,0.0000000000000000e+00,0.0000000000000000e+00,0.0000000000000000e+00,0.0000000000000000e+00,0.0000000000000000e+00,1.0210318574547085e+09,-1.2429243108884462e+18,0.0000000000000000e+00,0.0000000000000000e+00,4.9227388209220392e+28,0.0000000000000000e+00,1.0202084774637402e+09,-1.1250357855891303e+04,0.0000000000000000e+00,0.0000000000000000e+00,4.8382603890104274e+28,0.0000000000000000e+00,1.6127534630034757e+28,0.0000000000000000e+00,0.0000000000000000e+00,0.0000000000000000e+00,4.7423993526513009e+19,0.0000000000000000e+00,0.0000000000000000e+00,0.0000000000000000e+00,0.0000000000000000e+00,0.0000000000000000e+00,0.0000000000000000e+00,0.0000000000000000e+00,1.3333333333333335e+00,4.4375551478889698e+04,3.5615291305512254e-06,0.0000000000000000e+00,0.0000000000000000e+00,0.0000000000000000e+00,0.0000000000000000e+00,0.0000000000000000e+00,0.0000000000000000e+00,0.0000000000000000e+00,0.0000000000000000e+00,
2.0000000000000000e+00,6.7875000000000000e+01,1.5707963267948966e+00,3.1415926535897931e+00,2.5000000000000000e-01,3.1415926535897931e+00,6.2831853071795862e+00,0.0000000000000000e+00,1.0655197578220270e+00,7.2072916067470786e+01,7.2072916067470786e+01,1.1353323599203884e+00,5.1945104291268426e+03,5.1945104291268426e+03,5.5157675237700278e+03,9.4088276515416880e-01,0.0000000000000000e+00,0.0000000000000000e+00,0.0000000000000000e+00,1.0322401641601988e+00,0.0000000000000000e+00,0.0000000000000000e+00,0.0000000000000000e+00,0.0000000000000000e+00,0.0000000000000000e+00,0.0000000000000000e+00,8.2817623360638893e+08,-1.0964185050297940e+18,0.0000000000000000e+00,0.0000000000000000e+00,3.7396420028037343e+28,0.0000000000000000e+00,8.2738529712040651e+08,-1.2293678397302547e+04,0.0000000000000000e+00,0.0000000000000000e+00,3.6591559061277085e+28,0.0000000000000000e+00,1.2197186353759022e+28,0.0000000000000000e+00,0.0000000000000000e+00,0.0000000000000000e+00,4.4225337486546657e+19,0.0000000000000000e+00,0.0000000000000000e+00,0.0000000000000000e+00,0.0000000000000000e+00,0.0000000000000000e+00,0.0000000000000000e+00,0.0000000000000000e+00,1.3333333333333335e+00,4.2948216342936081e+04,2.9440252820854069e-06,0.0000000000000000e+00,0.0000000000000000e+00,0.0000000000000000e+00,0.0000000000000000e+00,0.0000000000000000e+00,0.0000000000000000e+00,0.0000000000000000e+00,0.0000000000000000e+00,
2.0000000000000000e+00,7.1875000000000000e+01,1.5707963267948966e+00,3.1415926535897931e+00,2.5000000000000000e-01,3.1415926535897931e+00,6.2831853071795862e+00,0.0000000000000000e+00,1.0616152853565461e+00,7.6069404517224584e+01,7.6069404517224584e+01,1.1270270184915110e+00,5.7865595033096433e+03,5.7865595033096433e+03,6.1242337455111165e+03,9.4408077537097301e-01,0.0000000000000000e+00,0.0000000000000000e+00,0.0000000000000000e+00,1.0303471668923145e+00,0.0000000000000000e+00,0.0000000000000000e+00,0.0000000000000000e+00,0.0000000000000000e+00,0.0000000000000000e+00,0.0000000000000000e+00,6.7887488645297933e+08,-9.7436811751045427e+17,0.0000000000000000e+00,0.0000000000000000e+00,2.8836167520285631e+28,0.0000000000000000e+00,6.7811196391373754e+08,-1.3384237177248833e+04,0.0000000000000000e+00,0.0000000000000000e+00,2.8065466868739116e+28,0.0000000000000000e+00,9.3551556229130356e+27,0.0000000000000000e+00,0.0000000000000000e+00,0.0000000000000000e+00,4.1387489610608976e+19,0.0000000000000000e+00,0.0000000000000000e+00,0.0000000000000000e+00,0.0000000000000000e+00,0.0000000000000000e+00,0.0000000000000000e+00,0.0000000000000000e+00,1.3333333333333335e+00,4.1629741701613675e+04,8.4255549950114916e-01,0.0000000000000000e+00,0.0000000000000000e+00,0.0000000000000000e+00,0.0000000000000000e+00,0.0000000000000000e+00,0.0000000000000000e+00,0.0000000000000000e+00,0.0000000000000000e+00,
1.3000000000000000e+01,7.5875000000000000e+01,1.5707963267948966e+00,3.1415926535897931e+00,2.5000000000000000e-01,3.1415926535897931e+00,6.2831853071795862e+00,0.0000000000000000e+00,1.0581499089898001e+00,8.0066263144495394e+01,8.0066263144495394e+01,1.1196812333769990e+00,6.4106116945134381e+03,6.4106116945134381e+03,6.7647162573050455e+03,9.4695054283789604e-01,0.0000000000000000e+00,0.0000000000000000e+00,0.0000000000000000e+00,1.0286641376888619e+00,0.0000000000000000e+00,0.0000000000000000e+00,0.0000000000000000e+00,0.0000000000000000e+00,0.0000000000000000e+00,0.0000000000000000e+00,8.7763008599563494e+07,-8.7161827663743142e+17,0.0000000000000000e+00,0.0000000000000000e+00,4.6481275830997001e+27,0.0000000000000000e+00,8.2904063882663444e+07,-9.1002766707572795e+04,0.0000000000000000e+00,0.0000000000000000e+00,2.1689649643156841e+25,0.0000000000000000e+00,7.2298832143856133e+24,0.0000000000000000e+00,0.0000000000000000e+00,0.0000000000000000e+00,2.6162330457769248e+17,0.0000000000000000e+00,0.0000000000000000e+00,0.0000000000000000e+00,0.0000000000000000e+00,0.0000000000000000e+00,0.0000000000000000e+00,0.0000000000000000e+00,1.3333333333333335e+00,3.4092800566859723e+03,5.9762171400441600e-07,0.0000000000000000e+00,0.0000000000000000e+00,0.0000000000000000e+00,0.0000000000000000e+00,0.0000000000000000e+00,0.0000000000000000e+00,0.0000000000000000e+00,0.0000000000000000e+00,
1.4000000000000000e+01,7.9875000000000000e+01,1.5707963267948966e+00,3.1415926535897931e+00,2.5000000000000000e-01,3.1415926535897931e+00,6.2831853071795862e+00,0.0000000000000000e+00,1.0550535128655052e+00,8.4063436345281275e+01,8.4063436345281275e+01,1.1131379178073719e+00,7.0666665315228020e+03,7.0666665315228020e+03,7.4372125653199801e+03,9.4954013672869164e-01,0.0000000000000000e+00,0.0000000000000000e+00,0.0000000000000000e+00,1.0271579782110534e+00,0.0000000000000000e+00,0.0000000000000000e+00,0.0000000000000000e+00,0.0000000000000000e+00,0.0000000000000000e+00,0.0000000000000000e+00,8.1057635769506723e+07,-7.8430407478592717e+17,0.0000000000000000e+00,0.0000000000000000e+00,4.0609099971407893e+27,0.0000000000000000e+00,7.6800362035413399e+07,-8.9040323652159728e+04,0.0000000000000000e+00,0.0000000000000000e+00,1.9587053733936029e+25,0.0000000000000000e+00,6.5290179113120088e+24,0.0000000000000000e+00,0.0000000000000000e+00,0.0000000000000000e+00,2.5503840607587843e+17,0.0000000000000000e+00,0.0000000000000000e+00,0.0000000000000000e+00,0.0000000000000000e+00,0.0000000000000000e+00,0.0000000000000000e+00,0.0000000000000000e+00,1.3333333333333333e+00,3.3661183311061623e+03,5.0828728373250488e-07,0.0000000000000000e+00,0.0000000000000000e+00,0.0000000000000000e+00,0.0000000000000000e+00,0.0000000000000000e+00,0.0000000000000000e+00,0.0000000000000000e+00,0.0000000000000000e+00,
3.0000000000000000e+00,8.3875000000000000e+01,1.5707963267948966e+00,3.1415926535897931e+00,2.5000000000000000e-01,3.1415926535897931e+00,6.2831853071795862e+00,0.0000000000000000e+00,1.0522701529270777e+00,8.8060879120912560e+01,8.8060879120912560e+01,1.1072724770145159e+00,7.7547236335439329e+03,7.7547236335439329e+03,8.1417206599767997e+03,9.5188867714451952e-01,0.0000000000000000e+00,0.0000000000000000e+00,0.0000000000000000e+00,1.0258021994453783e+00,0.0000000000000000e+00,0.0000000000000000e+00,0.0000000000000000e+00,0.0000000000000000e+00,0.0000000000000000e+00,0.0000000000000000e+00,7.5165539949735507e+07,-7.0948173682185178e+17,0.0000000000000000e+00,0.0000000000000000e+00,3.5725687834866552e+27,0.0000000000000000e+00,7.1410590722980484e+07,-8.7197114601542635e+04,0.0000000000000000e+00,0.0000000000000000e+00,1.7776035534196851e+25,0.0000000000000000e+00,5.9253451780656155e+24,0.0000000000000000e+00,0.0000000000000000e+00,0.0000000000000000e+00,2.4892702362428515e+17,0.0000000000000000e+00,0.0000000000000000e+00,0.0000000000000000e+00,0.0000000000000000e+00,0.0000000000000000e+00,0.0000000000000000e+00,0.0000000000000000e+00,1.3333333333333335e+00,3.3255583962374085e+03,4.3591638657199946e-07,0.0000000000000000e+00,0.0000000000000000e+00,0.0000000000000000e+00,0.0000000000000000e+00,0.0000000000000000e+00,0.0000000000000000e+00,0.0000000000000000e+00,0.0000000000000000e+00,
3.0000000000000000e+00,8.7875000000000000e+01,1.5707963267948966e+00,3.1415926535897931e+00,2.5000000000000000e-01,3.1415926535897931e+00,6.2831853071795862e+00,0.0000000000000000e+00,1.0497546490847149e+00,9.2058554664679320e+01,9.2058554664679320e+01,1.1019848251413393e+00,8.4747826895093003e+03,8.4747826895093003e+03,8.8782389038651727e+03,9.5402832506496227e-01,0.0000000000000000e+00,0.0000000000000000e+00,0.0000000000000000e+00,1.0245753503965627e+00,0.0000000000000000e+00,0.0000000000000000e+00,0.0000000000000000e+00,0.0000000000000000e+00,0.0000000000000000e+00,0.0000000000000000e+00,6.9954949180653021e+07,-6.4487720625994240e+17,0.0000000000000000e+00,0.0000000000000000e+00,3.1626797000563069e+27,0.0000000000000000e+00,6.6623114535311073e+07,-8.5461765945235267e+04,0.0000000000000000e+00,0.0000000000000000e+00,1.6205084631434333e+25,0.0000000000000000e+00,5.4016948771447763e+24,0.0000000000000000e+00,0.0000000000000000e+00,0.0000000000000000e+00,2.4323504925365142e+17,0.0000000000000000e+00,0.0000000000000000e+00,0.0000000000000000e+00,0.0000000000000000e+00,0.0000000000000000e+00,0.0000000000000000e+00,0.0000000000000000e+00,1.3333333333333335e+00,3.2873312382895760e+03,3.7666416841903458e-07,0.0000000000000000e+00,0.0000000000000000e+00,0.0000000000000000e+00,0.0000000000000000e+00,0.0000000000000000e+00,0.0000000000000000e+00,0.0000000000000000e+00,0.0000000000000000e+00,
1.5000000000000000e+01,9.0875000000000000e+01,1.5707963267948966e+00,3.1415926535897931e+00,2.5000000000000000e-01,3.1415926535897931e+00,6.2831853071795862e+00,0.0000000000000000e+00,1.0474701155105981e+00,9.5056945589236875e+01,9.5056945589236875e+01,1.0971936444343018e+00,9.0358281076894709e+03,9.0358281076894709e+03,9.4516334274952660e+03,9.5551219975983948e-01,0.0000000000000000e+00,0.0000000000000000e+00,0.0000000000000000e+00,1.0234598747100405e+00,0.0000000000000000e+00,0.0000000000000000e+00,0.0000000000000000e+00,0.0000000000000000e+00,0.0000000000000000e+00,0.0000000000000000e+00,6.5320337337561086e+07,-6.0204406386432922e+17,0.0000000000000000e+00,0.0000000000000000e+00,2.8157487507378658e+27,0.0000000000000000e+00,6.2347771003041081e+07,-8.4225007220506319e+04,0.0000000000000000e+00,0.0000000000000000e+00,1.4833579314507135e+25,0.0000000000000000e+00,4.9445264381690443e+24,0.0000000000000000e+00,0.0000000000000000e+00,0.0000000000000000e+00,2.3791664563317712e+17,0.0000000000000000e+00,0.0000000000000000e+00,0.0000000000000000e+00,0.0000000000000000e+00,0.0000000000000000e+00,0.0000000000000000e+00,0.0000000000000000e+00,1.3333333333333335e+00,3.2512062157425221e+03,3.2768644994468200e-07,0.0000000000000000e+00,0.0000000000000000e+00,0.0000000000000000e+00,0.0000000000000000e+00,0.0000000000000000e+00,0.0000000000000000e+00,0.0000000000000000e+00,0.0000000000000000e+00,
4.0000000000000000e+00,9.4875000000000000e+01,1.5707963267948966e+00,3.1415926535897931e+00,2.5000000000000000e-01,3.1415926535897931e+00,6.2831853071795862e+00,0.0000000000000000e+00,1.0458897924045178e+00,9.9054958424459272e+01,9.9054958424459272e+01,1.0938854592066221e+00,9.8118899918511852e+03,9.8118899918511852e+03,1.0244166329211384e+04,9.5734783640311383e-01,0.0000000000000000e+00,0.0000000000000000e+00,0.0000000000000000e+00,1.0226875339426358e+00,0.0000000000000000e+00,0.0000000000000000e+00,0.0000000000000000e+00,0.0000000000000000e+00,0.0000000000000000e+00,0.0000000000000000e+00,6.2170368493359476e+07,-5.5126633618460384e+17,0.0000000000000000e+00,0.0000000000000000e+00,2.5895951067534546e+27,0.0000000000000000e+00,5.9432600540484302e+07,-8.2655217050859588e+04,0.0000000000000000e+00,0.0000000000000000e+00,1.3916104651482543e+25,0.0000000000000000e+00,4.6387015504941802e+24,0.0000000000000000e+00,0.0000000000000000e+00,0.0000000000000000e+00,2.3414924742720934e+17,0.0000000000000000e+00,0.0000000000000000e+00,0.0000000000000000e+00,0.0000000000000000e+00,0.0000000000000000e+00,0.0000000000000000e+00,0.0000000000000000e+00,1.3333333333333335e+00,3.2253711676034382e+03,2.9639101054935093e-07,0.0000000000000000e+00,0.0000000000000000e+00,0.0000000000000000e+00,0.0000000000000000e+00,0.0000000000000000e+00,0.0000000000000000e+00,0.0000000000000000e+00,0.0000000000000000e+00,
4.0000000000000000e+00,9.7875000000000000e+01,1.5707963267948966e+00,3.1415926535897931e+00,2.5000000000000000e-01,3.1415926535897931e+00,6.2831853071795862e+00,0.0000000000000000e+00,1.0439393974748796e+00,1.0205357462656190e+02,1.0205357462656190e+02,1.0898094667355021e+00,1.0414937297737975e+04,1.0414937297737975e+04,1.0859570623503336e+04,9.5862813755114251e-01,0.0000000000000000e+00,0.0000000000000000e+00,0.0000000000000000e+00,1.0217335255354032e+00,0.0000000000000000e+00,0.0000000000000000e+00,0.0000000000000000e+00,0.0000000000000000e+00,0.0000000000000000e+00,0.0000000000000000e+00,5.8347757995278813e+07,-5.1728351896579526e+17,0.0000000000000000e+00,0.0000000000000000e+00,2.3257968159521695e+27,0.0000000000000000e+00,5.5884510962838568e+07,-8.1532948760825369e+04,0.0000000000000000e+00,0.0000000000000000e+00,1.2819565463369315e+25,0.0000000000000000e+00,4.2731884877897701e+24,0.0000000000000000e+00,0.0000000000000000e+00,0.0000000000000000e+00,2.2939380130978979e+17,0.0000000000000000e+00,0.0000000000000000e+00,0.0000000000000000e+00,0.0000000000000000e+00,0.0000000000000000e+00,0.0000000000000000e+00,0.0000000000000000e+00,1.3333333333333335e+00,3.1924616384623787e+03,2.6057000609388744e-07,0.0000000000000000e+00,0.0000000000000000e+00,0.0000000000000000e+00,0.0000000000000000e+00,0.0000000000000000e+00,0.0000000000000000e+00,0.0000000000000000e+00,0.0000000000000000e+00,
5.0000000000000000e+00,1.0187500000000000e+02,1.5707963267948966e+00,3.1415926535897931e+00,2.5000000000000000e-01,3.1415926535897931e+00,6.2831853071795862e+00,0.0000000000000000e+00,1.0425820289068581e+00,1.0605185632231091e+02,1.0605185632231091e+02,1.0869772880009250e+00,1.1247001433445039e+04,1.1247001433445039e+04,1.1708115165104453e+04,9.6022024340193191e-01,0.0000000000000000e+00,0.0000000000000000e+00,0.0000000000000000e+00,1.0210690616538811e+00,0.0000000000000000e+00,0.0000000000000000e+00,0.0000000000000000e+00,0.0000000000000000e+00,0.0000000000000000e+00,0.0000000000000000e+00,5.5730878486353457e+07,-4.7665192146166221e+17,0.0000000000000000e+00,0.0000000000000000e+00,2.1520330517514372e+27,0.0000000000000000e+00,5.3448854758578174e+07,-8.0104305131024550e+04,0.0000000000000000e+00,0.0000000000000000e+00,1.2080063860139059e+25,0.0000000000000000e+00,4.0266879533796848e+24,0.0000000000000000e+00,0.0000000000000000e+00,0.0000000000000000e+00,2.2601156605872294e+17,0.0000000000000000e+00,0.0000000000000000e+00,0.0000000000000000e+00,0.0000000000000000e+00,0.0000000000000000e+00,0.0000000000000000e+00,0.0000000000000000e+00,1.3333333333333335e+00,3.1688469949726900e+03,2.3740688957498888e-07,0.0000000000000000e+00,0.0000000000000000e+00,0.0000000000000000e+00,0.0000000000000000e+00,0.0000000000000000e+00,0.0000000000000000e+00,0.0000000000000000e+00,0.0000000000000000e+00,
5.0000000000000000e+00,1.0487500000000000e+02,1.5707963267948966e+00,3.1415926535897931e+00,2.5000000000000000e-01,3.1415926535897931e+00,6.2831853071795862e+00,0.0000000000000000e+00,1.0408974849734669e+00,1.0905065359999594e+02,1.0905065359999594e+02,1.0834675750761851e+00,1.1892050254865480e+04,1.1892050254865480e+04,1.2365527285431863e+04,9.6133616346628881e-01,0.0000000000000000e+00,0.0000000000000000e+00,0.0000000000000000e+00,1.0202438359376709e+00,0.0000000000000000e+00,0.0000000000000000e+00,0.0000000000000000e+00,0.0000000000000000e+00,0.0000000000000000e+00,0.0000000000000000e+00,5.2534136712303348e+07,-4.4923970965467738e+17,0.0000000000000000e+00,0.0000000000000000e+00,1.9474087982312227e+27,0.0000000000000000e+00,5.0465949045276895e+07,-7.9080098272188596e+04,0.0000000000000000e+00,0.0000000000000000e+00,1.1189635591201190e+25,0.0000000000000000e+00,3.7298785304003948e+24,0.0000000000000000e+00,0.0000000000000000e+00,0.0000000000000000e+00,2.2172637092877254e+17,0.0000000000000000e+00,0.0000000000000000e+00,0.0000000000000000e+00,0.0000000000000000e+00,0.0000000000000000e+00,0.0000000000000000e+00,0.0000000000000000e+00,1.3333333333333333e+00,3.1386724313928707e+03,2.1060498876132098e-07,0.0000000000000000e+00,0.0000000000000000e+00,0.0000000000000000e+00,0.0000000000000000e+00,0.0000000000000000e+00,0.0000000000000000e+00,0.0000000000000000e+00,0.0000000000000000e+00,

