1
1
61
0
(18 0
((0) (15) (0))
((16) (31) (0))
((32) (47) (0))
((48) (63) (0))
((64) (79) (0))
((80) (95) (0))
((96) (111) (0))
((112) (127) (0))
((128) (143) (0))
((144) (159) (0))
((160) (175) (0))
((176) (191) (0))
((192) (207) (0))
((208) (223) (0))
((224) (239) (0))
((240) (255) (0))
((256) (271) (0))
((272) (279) (0))
)
18
FabOnDisk: Cell_D_00002 0
FabOnDisk: Cell_D_00003 0
FabOnDisk: Cell_D_00004 0
FabOnDisk: Cell_D_00005 0
FabOnDisk: Cell_D_00006 0
FabOnDisk: Cell_D_00007 0
FabOnDisk: Cell_D_00008 0
FabOnDisk: Cell_D_00009 0
FabOnDisk: Cell_D_00010 0
FabOnDisk: Cell_D_00011 0
FabOnDisk: Cell_D_00000 0
FabOnDisk: Cell_D_00000 7887
FabOnDisk: Cell_D_00012 0
FabOnDisk: Cell_D_00013 0
FabOnDisk: Cell_D_00014 0
FabOnDisk: Cell_D_00015 0
FabOnDisk: Cell_D_00001 0
FabOnDisk: Cell_D_00001 7887

18,61
2.0000000000000000e+00,4.0250000000000000e+01,1.5707963267948966e+00,3.1415926535897931e+00,5.0000000000000000e-01,3.1415926535897931e+00,6.2831853071795862e+00,-4.6163104300246852e+19,1.0000000000000000e+00,4.0251035183375336e+01,4.0251035183375336e+01,1.0000000000000000e+00,1.6201666658093720e+03,1.6201666658093720e+03,1.6201666658093720e+03,1.0000000000000000e+00,0.0000000000000000e+00,0.0000000000000000e+00,0.0000000000000000e+00,1.0000000000000000e+00,0.0000000000000000e+00,0.0000000000000000e+00,0.0000000000000000e+00,0.0000000000000000e+00,0.0000000000000000e+00,0.0000000000000000e+00,6.9216518127298183e+09,-2.9308348796142095e+18,0.0000000000000000e+00,0.0000000000000000e+00,2.0208795562879284e+29,0.0000000000000000e+00,6.9216518127298183e+09,-3.0087098607079947e+03,0.0000000000000000e+00,0.0000000000000000e+00,2.0177468456688527e+29,0.0000000000000000e+00,6.7258228188961730e+28,0.0000000000000000e+00,0.0000000000000000e+00,0.0000000000000000e+00,2.9150428267801948e+19,0.0000000000000000e+00,0.0000000000000000e+00,0.0000000000000000e+00,0.0000000000000000e+00,0.0000000000000000e+00,0.0000000000000000e+00,0.0000000000000000e+00,1.3333333333333330e+00,3.5994049638777455e+04,4.8651550823122017e-05,0.0000000000000000e+00,0.0000000000000000e+00,0.0000000000000000e+00,0.0000000000000000e+00,0.0000000000000000e+00,0.0000000000000000e+00,0.0000000000000000e+00,0.0000000000000000e+00,
3.0000000000000000e+00,4.8250000000000000e+01,1.5707963267948966e+00,3.1415926535897931e+00,5.0000000000000000e-01,3.1415926535897931e+00,6.2831853071795862e+00,-3.8509268699080516e+19,1.0000000000000000e+00,4.8250863550130646e+01,4.8250863550130646e+01,1.0000000000000000e+00,2.3281666660700866e+03,2.3281666660700866e+03,2.3281666660700866e+03,1.0000000000000000e+00,0.0000000000000000e+00,0.0000000000000000e+00,0.0000000000000000e+00,1.0000000000000000e+00,0.0000000000000000e+00,0.0000000000000000e+00,0.0000000000000000e+00,0.0000000000000000e+00,0.0000000000000000e+00,0.0000000000000000e+00,4.3399765436029549e+09,-2.0395304039295501e+18,0.0000000000000000e+00,0.0000000000000000e+00,1.0855382548932244e+29,0.0000000000000000e+00,4.3399765436029549e+09,-3.5201210658740279e+03,0.0000000000000000e+00,0.0000000000000000e+00,1.0828494596266899e+29,0.0000000000000000e+00,3.6094981987556320e+28,0.0000000000000000e+00,0.0000000000000000e+00,0.0000000000000000e+00,2.4950075814255493e+19,0.0000000000000000e+00,0.0000000000000000e+00,0.0000000000000000e+00,0.0000000000000000e+00,0.0000000000000000e+00,0.0000000000000000e+00,0.0000000000000000e+00,1.3333333333333328e+00,3.3300005692969964e+04,3.0795208918785455e-05,0.0000000000000000e+00,0.0000000000000000e+00,0.0000000000000000e+00,0.0000000000000000e+00,0.0000000000000000e+00,0.0000000000000000e+00,0.0000000000000000e+00,0.0000000000000000e+00,
4.0000000000000000e+00,5.6250000000000000e+01,1.5707963267948966e+00,3.1415926535897931e+00,5.0000000000000000e-01,3.1415926535897931e+00,6.2831853071795862e+00,-3.3032473032072176e+19,1.0000000000000000e+00,5.6250740735863467e+01,5.6250740735863467e+01,1.0000000000000000e+00,3.1641666662277121e+03,3.1641666662277121e+03,3.1641666662277121e+03,1.0000000000000000e+00,0.0000000000000000e+00,0.0000000000000000e+00,0.0000000000000000e+00,1.0000000000000000e+00,0.0000000000000000e+00,0.0000000000000000e+00,0.0000000000000000e+00,0.0000000000000000e+00,0.0000000000000000e+00,0.0000000000000000e+00,2.8944013571175017e+09,-1.5006547682209129e+18,0.0000000000000000e+00,0.0000000000000000e+00,6.3330841018216084e+28,0.0000000000000000e+00,2.8944013571175017e+09,-4.0365864383477810e+03,0.0000000000000000e+00,0.0000000000000000e+00,6.3095039935199576e+28,0.0000000000000000e+00,2.1031679978399857e+28,0.0000000000000000e+00,0.0000000000000000e+00,0.0000000000000000e+00,2.1798653733628068e+19,0.0000000000000000e+00,0.0000000000000000e+00,0.0000000000000000e+00,0.0000000000000000e+00,0.0000000000000000e+00,0.0000000000000000e+00,0.0000000000000000e+00,1.3333333333333330e+00,3.1125998649036726e+04,2.0732132677189558e-05,0.0000000000000000e+00,0.0000000000000000e+00,0.0000000000000000e+00,0.0000000000000000e+00,0.0000000000000000e+00,0.0000000000000000e+00,0.0000000000000000e+00,0.0000000000000000e+00,
5.0000000000000000e+00,6.4250000000000000e+01,1.5707963267948966e+00,3.1415926535897931e+00,5.0000000000000000e-01,3.1415926535897931e+00,6.2831853071795862e+00,-2.8919524748099678e+19,1.0000000000000000e+00,6.4250648505157756e+01,6.4250648505157756e+01,1.0000000000000000e+00,4.1281666663302176e+03,4.1281666663302176e+03,4.1281666663302176e+03,1.0000000000000000e+00,0.0000000000000000e+00,0.0000000000000000e+00,0.0000000000000000e+00,1.0000000000000000e+00,0.0000000000000000e+00,0.0000000000000000e+00,0.0000000000000000e+00,0.0000000000000000e+00,0.0000000000000000e+00,0.0000000000000000e+00,2.0227381864423888e+09,-1.1502182387827251e+18,0.0000000000000000e+00,0.0000000000000000e+00,3.9339589999253271e+28,0.0000000000000000e+00,2.0227381864423888e+09,-4.5598336602778381e+03,0.0000000000000000e+00,0.0000000000000000e+00,3.9129309743703208e+28,0.0000000000000000e+00,1.3043103247901066e+28,0.0000000000000000e+00,0.0000000000000000e+00,0.0000000000000000e+00,1.9344482203591983e+19,0.0000000000000000e+00,0.0000000000000000e+00,0.0000000000000000e+00,0.0000000000000000e+00,0.0000000000000000e+00,0.0000000000000000e+00,0.0000000000000000e+00,1.3333333333333328e+00,2.9321559868133601e+04,1.4635093986331756e-05,0.0000000000000000e+00,0.0000000000000000e+00,0.0000000000000000e+00,0.0000000000000000e+00,0.0000000000000000e+00,0.0000000000000000e+00,0.0000000000000000e+00,0.0000000000000000e+00,
6.0000000000000000e+00,7.2250000000000000e+01,1.5707963267948966e+00,3.1415926535897931e+00,5.0000000000000000e-01,3.1415926535897931e+00,6.2831853071795862e+00,-2.5717389989463888e+19,1.0000000000000000e+00,7.2250576698967123e+01,7.2250576698967123e+01,1.0000000000000000e+00,5.2201666664005988e+03,5.2201666664005988e+03,5.2201666664005988e+03,1.0000000000000000e+00,0.0000000000000000e+00,0.0000000000000000e+00,0.0000000000000000e+00,1.0000000000000000e+00,0.0000000000000000e+00,0.0000000000000000e+00,0.0000000000000000e+00,0.0000000000000000e+00,0.0000000000000000e+00,0.0000000000000000e+00,1.4661701451724720e+09,-9.0960171284908992e+17,0.0000000000000000e+00,0.0000000000000000e+00,2.5667825622350053e+28,0.0000000000000000e+00,1.4661701451724720e+09,-5.0919730422030261e+03,0.0000000000000000e+00,0.0000000000000000e+00,2.5477753245220107e+28,0.0000000000000000e+00,8.4925844150733647e+27,0.0000000000000000e+00,0.0000000000000000e+00,0.0000000000000000e+00,1.7376901438285179e+19,0.0000000000000000e+00,0.0000000000000000e+00,0.0000000000000000e+00,0.0000000000000000e+00,0.0000000000000000e+00,0.0000000000000000e+00,0.0000000000000000e+00,1.3333333333333330e+00,2.7790395390889964e+04,1.0728291275921771e-05,0.0000000000000000e+00,0.0000000000000000e+00,0.0000000000000000e+00,0.0000000000000000e+00,0.0000000000000000e+00,0.0000000000000000e+00,0.0000000000000000e+00,0.0000000000000000e+00,
7.0000000000000000e+00,8.0250000000000000e+01,1.5707963267948966e+00,3.1415926535897931e+00,5.0000000000000000e-01,3.1415926535897931e+00,6.2831853071795862e+00,-2.3153680144003420e+19,1.0000000000000000e+00,8.0250519209119958e+01,8.0250519209119958e+01,1.0000000000000000e+00,6.4401666664510030e+03,6.4401666664510030e+03,6.4401666664510030e+03,1.0000000000000000e+00,0.0000000000000000e+00,0.0000000000000000e+00,0.0000000000000000e+00,1.0000000000000000e+00,0.0000000000000000e+00,0.0000000000000000e+00,0.0000000000000000e+00,0.0000000000000000e+00,0.0000000000000000e+00,0.0000000000000000e+00,1.0942010675551434e+09,-7.3728809014608794e+17,0.0000000000000000e+00,0.0000000000000000e+00,1.7420654383657739e+28,0.0000000000000000e+00,1.0942010675551434e+09,-5.6355980736282709e+03,0.0000000000000000e+00,0.0000000000000000e+00,1.7246897995979026e+28,0.0000000000000000e+00,5.7489659986596732e+27,0.0000000000000000e+00,0.0000000000000000e+00,0.0000000000000000e+00,1.5761958008259535e+19,0.0000000000000000e+00,0.0000000000000000e+00,0.0000000000000000e+00,0.0000000000000000e+00,0.0000000000000000e+00,0.0000000000000000e+00,0.0000000000000000e+00,1.3333333333333330e+00,2.6467545606387372e+04,8.1109354565774431e-06,0.0000000000000000e+00,0.0000000000000000e+00,0.0000000000000000e+00,0.0000000000000000e+00,0.0000000000000000e+00,0.0000000000000000e+00,0.0000000000000000e+00,0.0000000000000000e+00,
8.0000000000000000e+00,8.8250000000000000e+01,1.5707963267948966e+00,3.1415926535897931e+00,5.0000000000000000e-01,3.1415926535897931e+00,6.2831853071795862e+00,-2.1054774752931320e+19,1.0000000000000000e+00,8.8250472142268620e+01,8.8250472142268620e+01,1.0000000000000000e+00,7.7881666664883323e+03,7.7881666664883323e+03,7.7881666664883323e+03,1.0000000000000000e+00,0.0000000000000000e+00,0.0000000000000000e+00,0.0000000000000000e+00,1.0000000000000000e+00,0.0000000000000000e+00,0.0000000000000000e+00,0.0000000000000000e+00,0.0000000000000000e+00,0.0000000000000000e+00,0.0000000000000000e+00,8.3615519179728520e+08,-6.0967461928565901e+17,0.0000000000000000e+00,0.0000000000000000e+00,1.2209743325844642e+28,0.0000000000000000e+00,8.3615519179728520e+08,-6.1939345180504706e+03,0.0000000000000000e+00,0.0000000000000000e+00,1.2049350623307663e+28,0.0000000000000000e+00,4.0164502077692201e+27,0.0000000000000000e+00,0.0000000000000000e+00,0.0000000000000000e+00,1.4410319139538493e+19,0.0000000000000000e+00,0.0000000000000000e+00,0.0000000000000000e+00,0.0000000000000000e+00,0.0000000000000000e+00,0.0000000000000000e+00,0.0000000000000000e+00,1.3333333333333330e+00,2.5307276444361378e+04,6.2928917160611333e-06,0.0000000000000000e+00,0.0000000000000000e+00,0.0000000000000000e+00,0.0000000000000000e+00,0.0000000000000000e+00,0.0000000000000000e+00,0.0000000000000000e+00,0.0000000000000000e+00,
9.0000000000000000e+00,9.6250000000000000e+01,1.5707963267948966e+00,3.1415926535897931e+00,5.0000000000000000e-01,3.1415926535897931e+00,6.2831853071795862e+00,-1.9304775728476246e+19,1.0000000000000000e+00,9.6250432899459383e+01,9.6250432899459383e+01,1.0000000000000000e+00,9.2641666665167431e+03,9.2641666665167431e+03,9.2641666665167431e+03,1.0000000000000000e+00,0.0000000000000000e+00,0.0000000000000000e+00,0.0000000000000000e+00,1.0000000000000000e+00,0.0000000000000000e+00,0.0000000000000000e+00,0.0000000000000000e+00,0.0000000000000000e+00,0.0000000000000000e+00,0.0000000000000000e+00,6.5147475537764931e+08,-5.1253821564086963e+17,0.0000000000000000e+00,0.0000000000000000e+00,8.7879588354176661e+27,0.0000000000000000e+00,6.5147475537764931e+08,-6.7710656310590057e+03,0.0000000000000000e+00,0.0000000000000000e+00,8.6386186149327216e+27,0.0000000000000000e+00,2.8795395383109066e+27,0.0000000000000000e+00,0.0000000000000000e+00,0.0000000000000000e+00,1.3260013629568285e+19,0.0000000000000000e+00,0.0000000000000000e+00,0.0000000000000000e+00,0.0000000000000000e+00,0.0000000000000000e+00,0.0000000000000000e+00,0.0000000000000000e+00,1.3333333333333330e+00,2.4276194705384467e+04,4.9919710527458949e-06,0.0000000000000000e+00,0.0000000000000000e+00,0.0000000000000000e+00,0.0000000000000000e+00,0.0000000000000000e+00,0.0000000000000000e+00,0.0000000000000000e+00,0.0000000000000000e+00,
1.0000000000000000e+01,1.0425000000000000e+02,1.5707963267948966e+00,3.1415926535897931e+00,5.0000000000000000e-01,3.1415926535897931e+00,6.2831853071795862e+00,-1.7823360005460560e+19,1.0000000000000000e+00,1.0425039967948965e+02,1.0425039967948965e+02,1.0000000000000000e+00,1.0868166666538873e+04,1.0868166666538873e+04,1.0868166666538873e+04,1.0000000000000000e+00,0.0000000000000000e+00,0.0000000000000000e+00,0.0000000000000000e+00,1.0000000000000000e+00,0.0000000000000000e+00,0.0000000000000000e+00,0.0000000000000000e+00,0.0000000000000000e+00,0.0000000000000000e+00,0.0000000000000000e+00,5.1574333972543693e+08,-4.3689366336121702e+17,0.0000000000000000e+00,0.0000000000000000e+00,6.4665846768798086e+27,0.0000000000000000e+00,5.1574333972543693e+08,-7.3722824230774868e+03,0.0000000000000000e+00,0.0000000000000000e+00,6.3264314193756138e+27,0.0000000000000000e+00,2.1088104731252042e+27,0.0000000000000000e+00,0.0000000000000000e+00,0.0000000000000000e+00,1.2266559093798887e+19,0.0000000000000000e+00,0.0000000000000000e+00,0.0000000000000000e+00,0.0000000000000000e+00,0.0000000000000000e+00,0.0000000000000000e+00,0.0000000000000000e+00,1.3333333333333330e+00,2.3349093149829630e+04,4.0380880754084456e-06,0.0000000000000000e+00,0.0000000000000000e+00,0.0000000000000000e+00,0.0000000000000000e+00,0.0000000000000000e+00,0.0000000000000000e+00,0.0000000000000000e+00,0.0000000000000000e+00,
1.1000000000000000e+01,1.1225000000000000e+02,1.5707963267948966e+00,3.1415926535897931e+00,5.0000000000000000e-01,3.1415926535897931e+00,6.2831853071795862e+00,-1.6553102629642584e+19,1.0000000000000000e+00,1.1225037119463495e+02,1.1225037119463495e+02,1.0000000000000000e+00,1.2600166666556439e+04,1.2600166666556439e+04,1.2600166666556439e+04,1.0000000000000000e+00,0.0000000000000000e+00,0.0000000000000000e+00,0.0000000000000000e+00,1.0000000000000000e+00,0.0000000000000000e+00,0.0000000000000000e+00,0.0000000000000000e+00,0.0000000000000000e+00,0.0000000000000000e+00,0.0000000000000000e+00,4.1365389348477274e+08,-3.7683851888929203e+17,0.0000000000000000e+00,0.0000000000000000e+00,4.8469603042282189e+27,0.0000000000000000e+00,4.1365389348477274e+08,-8.0046506921166483e+03,0.0000000000000000e+00,0.0000000000000000e+00,4.7144383340845034e+27,0.0000000000000000e+00,1.5714794446948338e+27,0.0000000000000000e+00,0.0000000000000000e+00,0.0000000000000000e+00,1.1397003092695794e+19,0.0000000000000000e+00,0.0000000000000000e+00,0.0000000000000000e+00,0.0000000000000000e+00,0.0000000000000000e+00,0.0000000000000000e+00,0.0000000000000000e+00,1.3333333333333330e+00,2.2506293768785716e+04,3.3639459944048062e-06,0.0000000000000000e+00,0.0000000000000000e+00,0.0000000000000000e+00,0.0000000000000000e+00,0.0000000000000000e+00,0.0000000000000000e+00,0.0000000000000000e+00,0.0000000000000000e+00,
0.0000000000000000e+00,1.2025000000000000e+02,1.5707963267948966e+00,3.1415926535897931e+00,5.0000000000000000e-01,3.1415926535897931e+00,6.2831853071795862e+00,-1.5451860002976700e+19,1.0000000000000000e+00,1.2025034649984730e+02,1.2025034649984730e+02,1.0000000000000000e+00,1.4460166666570616e+04,1.4460166666570616e+04,1.4460166666570616e+04,1.0000000000000000e+00,0.0000000000000000e+00,0.0000000000000000e+00,0.0000000000000000e+00,1.0000000000000000e+00,0.0000000000000000e+00,0.0000000000000000e+00,0.0000000000000000e+00,0.0000000000000000e+00,0.0000000000000000e+00,0.0000000000000000e+00,5.4514886852875404e+07,-3.2836579373435974e+17,0.0000000000000000e+00,0.0000000000000000e+00,7.8877050733791576e+26,0.0000000000000000e+00,5.4514886852875404e+07,-5.5025811570207188e+04,0.0000000000000000e+00,0.0000000000000000e+00,1.2402379389894795e+25,0.0000000000000000e+00,4.1341264632982653e+24,0.0000000000000000e+00,0.0000000000000000e+00,0.0000000000000000e+00,2.2750423446106701e+17,0.0000000000000000e+00,0.0000000000000000e+00,0.0000000000000000e+00,0.0000000000000000e+00,0.0000000000000000e+00,0.0000000000000000e+00,0.0000000000000000e+00,1.3333333333333330e+00,3.1798268047802835e+03,8.5549020609471485e-07,0.0000000000000000e+00,0.0000000000000000e+00,0.0000000000000000e+00,0.0000000000000000e+00,0.0000000000000000e+00,0.0000000000000000e+00,0.0000000000000000e+00,0.0000000000000000e+00,
0.0000000000000000e+00,1.2825000000000000e+02,1.5707963267948966e+00,3.1415926535897931e+00,5.0000000000000000e-01,3.1415926535897931e+00,6.2831853071795862e+00,-1.4488003812237971e+19,1.0000000000000000e+00,1.2825032488587831e+02,1.2825032488587831e+02,1.0000000000000000e+00,1.6448166666582227e+04,1.6448166666582227e+04,1.6448166666582227e+04,1.0000000000000000e+00,0.0000000000000000e+00,0.0000000000000000e+00,0.0000000000000000e+00,1.0000000000000000e+00,0.0000000000000000e+00,0.0000000000000000e+00,0.0000000000000000e+00,0.0000000000000000e+00,0.0000000000000000e+00,0.0000000000000000e+00,4.9784022564660534e+07,-2.8867781400355584e+17,0.0000000000000000e+00,0.0000000000000000e+00,6.7776028917513746e+26,0.0000000000000000e+00,4.9784022564660534e+07,-5.3263965333747190e+04,0.0000000000000000e+00,0.0000000000000000e+00,1.0988493117462344e+25,0.0000000000000000e+00,3.6628310391541140e+24,0.0000000000000000e+00,0.0000000000000000e+00,0.0000000000000000e+00,2.2072310156368205e+17,0.0000000000000000e+00,0.0000000000000000e+00,0.0000000000000000e+00,0.0000000000000000e+00,0.0000000000000000e+00,0.0000000000000000e+00,0.0000000000000000e+00,1.3333333333333328e+00,3.1320783733801009e+03,7.1333397431508208e-07,0.0000000000000000e+00,0.0000000000000000e+00,0.0000000000000000e+00,0.0000000000000000e+00,0.0000000000000000e+00,0.0000000000000000e+00,0.0000000000000000e+00,0.0000000000000000e+00,
1.2000000000000000e+01,1.3625000000000000e+02,1.5707963267948966e+00,3.1415926535897931e+00,5.0000000000000000e-01,3.1415926535897931e+00,6.2831853071795862e+00,-1.3637333997636151e+19,1.0000000000000000e+00,1.3625030581005436e+02,1.3625030581005436e+02,1.0000000000000000e+00,1.8564166666591849e+04,1.8564166666591849e+04,1.8564166666591849e+04,1.0000000000000000e+00,0.0000000000000000e+00,0.0000000000000000e+00,0.0000000000000000e+00,1.0000000000000000e+00,0.0000000000000000e+00,0.0000000000000000e+00,0.0000000000000000e+00,0.0000000000000000e+00,0.0000000000000000e+00,0.0000000000000000e+00,4.5701154866180398e+07,-2.5577329383612550e+17,0.0000000000000000e+00,0.0000000000000000e+00,5.8745801835065713e+26,0.0000000000000000e+00,4.5701154866180398e+07,-5.1659599699313258e+04,0.0000000000000000e+00,0.0000000000000000e+00,9.8036478018204543e+24,0.0000000000000000e+00,3.2678826006068177e+24,0.0000000000000000e+00,0.0000000000000000e+00,0.0000000000000000e+00,2.1451625180125082e+17,0.0000000000000000e+00,0.0000000000000000e+00,0.0000000000000000e+00,0.0000000000000000e+00,0.0000000000000000e+00,0.0000000000000000e+00,0.0000000000000000e+00,1.3333333333333330e+00,3.0877265162888125e+03,6.0100414276085056e-07,0.0000000000000000e+00,0.0000000000000000e+00,0.0000000000000000e+00,0.0000000000000000e+00,0.0000000000000000e+00,0.0000000000000000e+00,0.0000000000000000e+00,0.0000000000000000e+00,
1.3000000000000000e+01,1.4425000000000000e+02,1.5707963267948966e+00,3.1415926535897931e+00,5.0000000000000000e-01,3.1415926535897931e+00,6.2831853071795862e+00,-1.2881018939717057e+19,1.0000000000000000e+00,1.4425028885008629e+02,1.4425028885008629e+02,1.0000000000000000e+00,2.0808166666599922e+04,2.0808166666599922e+04,2.0808166666599922e+04,1.0000000000000000e+00,0.0000000000000000e+00,0.0000000000000000e+00,0.0000000000000000e+00,1.0000000000000000e+00,0.0000000000000000e+00,0.0000000000000000e+00,0.0000000000000000e+00,0.0000000000000000e+00,0.0000000000000000e+00,0.0000000000000000e+00,4.2148429996879719e+07,-2.2819000987028218e+17,0.0000000000000000e+00,0.0000000000000000e+00,5.1314915390389981e+26,0.0000000000000000e+00,4.2148429996879719e+07,-5.0190613268616609e+04,0.0000000000000000e+00,0.0000000000000000e+00,8.8008911178220991e+24,0.0000000000000000e+00,2.9336303726073653e+24,0.0000000000000000e+00,0.0000000000000000e+00,0.0000000000000000e+00,2.0880695184378170e+17,0.0000000000000000e+00,0.0000000000000000e+00,0.0000000000000000e+00,0.0000000000000000e+00,0.0000000000000000e+00,0.0000000000000000e+00,0.0000000000000000e+00,1.3333333333333330e+00,3.0463598687899516e+03,5.1107144075677716e-07,0.0000000000000000e+00,0.0000000000000000e+00,0.0000000000000000e+00,0.0000000000000000e+00,0.0000000000000000e+00,0.0000000000000000e+00,0.0000000000000000e+00,0.0000000000000000e+00,
1.4000000000000000e+01,1.5225000000000000e+02,1.5707963267948966e+00,3.1415926535897931e+00,5.0000000000000000e-01,3.1415926535897931e+00,6.2831853071795862e+00,-1.2204185040539505e+19,1.0000000000000000e+00,1.5225027367244152e+02,1.5225027367244152e+02,1.0000000000000000e+00,2.3180166666606754e+04,2.3180166666606754e+04,2.3180166666606754e+04,1.0000000000000000e+00,0.0000000000000000e+00,0.0000000000000000e+00,0.0000000000000000e+00,1.0000000000000000e+00,0.0000000000000000e+00,0.0000000000000000e+00,0.0000000000000000e+00,0.0000000000000000e+00,0.0000000000000000e+00,0.0000000000000000e+00,3.9034194696537353e+07,-2.0483950264264160e+17,0.0000000000000000e+00,0.0000000000000000e+00,4.5136760404495857e+26,0.0000000000000000e+00,3.9034194696537353e+07,-4.8838977836324644e+04,0.0000000000000000e+00,0.0000000000000000e+00,7.9447162646947982e+24,0.0000000000000000e+00,2.6482387548982657e+24,0.0000000000000000e+00,0.0000000000000000e+00,0.0000000000000000e+00,2.0353209541057859e+17,0.0000000000000000e+00,0.0000000000000000e+00,0.0000000000000000e+00,0.0000000000000000e+00,0.0000000000000000e+00,0.0000000000000000e+00,0.0000000000000000e+00,1.3333333333333330e+00,3.0076353584306685e+03,4.3822099959894101e-07,0.0000000000000000e+00,0.0000000000000000e+00,0.0000000000000000e+00,0.0000000000000000e+00,0.0000000000000000e+00,0.0000000000000000e+00,0.0000000000000000e+00,0.0000000000000000e+00,
1.5000000000000000e+01,1.6025000000000000e+02,1.5707963267948966e+00,3.1415926535897931e+00,5.0000000000000000e-01,3.1415926535897931e+00,6.2831853071795862e+00,-1.1594928767535077e+19,1.0000000000000000e+00,1.6025026001018949e+02,1.6025026001018949e+02,1.0000000000000000e+00,2.5680166666612582e+04,2.5680166666612582e+04,2.5680166666612582e+04,1.0000000000000000e+00,0.0000000000000000e+00,0.0000000000000000e+00,0.0000000000000000e+00,1.0000000000000000e+00,0.0000000000000000e+00,0.0000000000000000e+00,0.0000000000000000e+00,0.0000000000000000e+00,0.0000000000000000e+00,0.0000000000000000e+00,3.6286212076520555e+07,-1.8489802698777539e+17,0.0000000000000000e+00,0.0000000000000000e+00,3.9952304262542102e+26,0.0000000000000000e+00,3.6286212076520555e+07,-4.7589856667140150e+04,0.0000000000000000e+00,0.0000000000000000e+00,7.2078696235599333e+24,0.0000000000000000e+00,2.4026232078533104e+24,0.0000000000000000e+00,0.0000000000000000e+00,0.0000000000000000e+00,1.9863924178366733e+17,0.0000000000000000e+00,0.0000000000000000e+00,0.0000000000000000e+00,0.0000000000000000e+00,0.0000000000000000e+00,0.0000000000000000e+00,0.0000000000000000e+00,1.3333333333333330e+00,2.9712640981205450e+03,3.7858233966742052e-07,0.0000000000000000e+00,0.0000000000000000e+00,0.0000000000000000e+00,0.0000000000000000e+00,0.0000000000000000e+00,0.0000000000000000e+00,0.0000000000000000e+00,0.0000000000000000e+00,
1.0000000000000000e+00,1.6825000000000000e+02,1.5707963267948966e+00,3.1415926535897931e+00,5.0000000000000000e-01,3.1415926535897931e+00,6.2831853071795862e+00,-1.1043610549410683e+19,1.0000000000000000e+00,1.6825024764716792e+02,1.6825024764716792e+02,1.0000000000000000e+00,2.8308166666617606e+04,2.8308166666617606e+04,2.8308166666617606e+04,1.0000000000000000e+00,0.0000000000000000e+00,0.0000000000000000e+00,0.0000000000000000e+00,1.0000000000000000e+00,0.0000000000000000e+00,0.0000000000000000e+00,0.0000000000000000e+00,0.0000000000000000e+00,0.0000000000000000e+00,0.0000000000000000e+00,3.3846860130271569e+07,-1.6773289400430339e+17,0.0000000000000000e+00,0.0000000000000000e+00,3.5565093222026677e+26,0.0000000000000000e+00,3.3846860130271569e+07,-4.6430913004196475e+04,0.0000000000000000e+00,0.0000000000000000e+00,6.5691509969894209e+24,0.0000000000000000e+00,2.1897169989964734e+24,0.0000000000000000e+00,0.0000000000000000e+00,0.0000000000000000e+00,1.9408440477184070e+17,0.0000000000000000e+00,0.0000000000000000e+00,0.0000000000000000e+00,0.0000000000000000e+00,0.0000000000000000e+00,0.0000000000000000e+00,0.0000000000000000e+00,1.3333333333333333e+00,2.9370007124337421e+03,3.2929137254977828e-07,0.0000000000000000e+00,0.0000000000000000e+00,0.0000000000000000e+00,0.0000000000000000e+00,0.0000000000000000e+00,0.0000000000000000e+00,0.0000000000000000e+00,0.0000000000000000e+00,
1.0000000000000000e+00,1.7625000000000000e+02,1.5707963267948966e+00,3.1415926535897931e+00,5.0000000000000000e-01,3.1415926535897931e+00,6.2831853071795862e+00,-1.0542340971684549e+19,1.0000000000000000e+00,1.7625023640646083e+02,1.7625023640646083e+02,1.0000000000000000e+00,3.1064166666621961e+04,3.1064166666621961e+04,3.1064166666621961e+04,1.0000000000000000e+00,0.0000000000000000e+00,0.0000000000000000e+00,0.0000000000000000e+00,1.0000000000000000e+00,0.0000000000000000e+00,0.0000000000000000e+00,0.0000000000000000e+00,0.0000000000000000e+00,0.0000000000000000e+00,0.0000000000000000e+00,3.2728038520838760e+07,-1.5285166120192352e+17,0.0000000000000000e+00,0.0000000000000000e+00,3.3621848235715503e+26,0.0000000000000000e+00,3.2728038520838760e+07,-4.5351793299710676e+04,0.0000000000000000e+00,0.0000000000000000e+00,6.2812299490997143e+24,0.0000000000000000e+00,2.0937433163665710e+24,0.0000000000000000e+00,0.0000000000000000e+00,0.0000000000000000e+00,1.9192188781137942e+17,0.0000000000000000e+00,0.0000000000000000e+00,0.0000000000000000e+00,0.0000000000000000e+00,0.0000000000000000e+00,0.0000000000000000e+00,0.0000000000000000e+00,1.3333333333333330e+00,2.9205926350093387e+03,3.0783237228720410e-07,0.0000000000000000e+00,0.0000000000000000e+00,0.0000000000000000e+00,0.0000000000000000e+00,0.0000000000000000e+00,0.0000000000000000e+00,0.0000000000000000e+00,0.0000000000000000e+00,

18,61
2.0000000000000000e+00,4.7750000000000000e+01,1.5707963267948966e+00,3.1415926535897931e+00,5.0000000000000000e-01,3.1415926535897931e+00,6.2831853071795862e+00,-3.8912499783945421e+19,1.0000000000000000e+00,4.7750872592376005e+01,4.7750872592376005e+01,1.0000000000000000e+00,2.2801666660575274e+03,2.2801666660575274e+03,2.2801666660575274e+03,1.0000000000000000e+00,0.0000000000000000e+00,0.0000000000000000e+00,0.0000000000000000e+00,1.0000000000000000e+00,0.0000000000000000e+00,0.0000000000000000e+00,0.0000000000000000e+00,0.0000000000000000e+00,0.0000000000000000e+00,0.0000000000000000e+00,1.1572924448776224e+10,-2.0824663168224786e+18,0.0000000000000000e+00,0.0000000000000000e+00,4.0078985970725597e+29,0.0000000000000000e+00,1.1572924448776224e+10,-2.5325914034001858e+03,0.0000000000000000e+00,0.0000000000000000e+00,4.0041873895097378e+29,0.0000000000000000e+00,1.3347291298365789e+29,0.0000000000000000e+00,0.0000000000000000e+00,0.0000000000000000e+00,3.4598275346817901e+19,0.0000000000000000e+00,0.0000000000000000e+00,0.0000000000000000e+00,0.0000000000000000e+00,0.0000000000000000e+00,0.0000000000000000e+00,0.0000000000000000e+00,1.3333333333333335e+00,3.9213469144784533e+04,1.0571190097098895e-04,0.0000000000000000e+00,0.0000000000000000e+00,0.0000000000000000e+00,0.0000000000000000e+00,0.0000000000000000e+00,0.0000000000000000e+00,0.0000000000000000e+00,0.0000000000000000e+00,
3.0000000000000000e+00,5.5750000000000000e+01,1.5707963267948966e+00,3.1415926535897931e+00,5.0000000000000000e-01,3.1415926535897931e+00,6.2831853071795862e+00,-3.3328724441605943e+19,1.0000000000000000e+00,5.5750747379145771e+01,5.5750747379145771e+01,1.0000000000000000e+00,3.1081666662198031e+03,3.1081666662198031e+03,3.1081666662198031e+03,1.0000000000000000e+00,0.0000000000000000e+00,0.0000000000000000e+00,0.0000000000000000e+00,1.0000000000000000e+00,0.0000000000000000e+00,0.0000000000000000e+00,0.0000000000000000e+00,0.0000000000000000e+00,0.0000000000000000e+00,0.0000000000000000e+00,6.7079437540617380e+09,-1.5276928679137695e+18,0.0000000000000000e+00,0.0000000000000000e+00,1.9382124137949449e+29,0.0000000000000000e+00,6.7079437540617380e+09,-3.0405531568060851e+03,0.0000000000000000e+00,0.0000000000000000e+00,1.9351118195880792e+29,0.0000000000000000e+00,6.4503727319602633e+28,0.0000000000000000e+00,0.0000000000000000e+00,0.0000000000000000e+00,2.8847282596945113e+19,0.0000000000000000e+00,0.0000000000000000e+00,0.0000000000000000e+00,0.0000000000000000e+00,0.0000000000000000e+00,0.0000000000000000e+00,0.0000000000000000e+00,1.3333333333333335e+00,3.5806403891191636e+04,4.7178159231321821e-05,0.0000000000000000e+00,0.0000000000000000e+00,0.0000000000000000e+00,0.0000000000000000e+00,0.0000000000000000e+00,0.0000000000000000e+00,0.0000000000000000e+00,0.0000000000000000e+00,
4.0000000000000000e+00,6.3750000000000000e+01,1.5707963267948966e+00,3.1415926535897931e+00,5.0000000000000000e-01,3.1415926535897931e+00,6.2831853071795862e+00,-2.9146342233615114e+19,1.0000000000000000e+00,6.3750653591420779e+01,6.3750653591420779e+01,1.0000000000000000e+00,4.0641666663249198e+03,4.0641666663249198e+03,4.0641666663249198e+03,1.0000000000000000e+00,0.0000000000000000e+00,0.0000000000000000e+00,0.0000000000000000e+00,1.0000000000000000e+00,0.0000000000000000e+00,0.0000000000000000e+00,0.0000000000000000e+00,0.0000000000000000e+00,0.0000000000000000e+00,0.0000000000000000e+00,4.2246212418217373e+09,-1.1683315404166551e+18,0.0000000000000000e+00,0.0000000000000000e+00,1.0473097748135920e+29,0.0000000000000000e+00,4.2246212418217373e+09,-3.5522358493244510e+03,0.0000000000000000e+00,0.0000000000000000e+00,1.0446444706909501e+29,0.0000000000000000e+00,3.4821482356364995e+28,0.0000000000000000e+00,0.0000000000000000e+00,0.0000000000000000e+00,2.4727035529607733e+19,0.0000000000000000e+00,0.0000000000000000e+00,0.0000000000000000e+00,0.0000000000000000e+00,0.0000000000000000e+00,0.0000000000000000e+00,0.0000000000000000e+00,1.3333333333333335e+00,3.3150829956458918e+04,2.9994118899224773e-05,0.0000000000000000e+00,0.0000000000000000e+00,0.0000000000000000e+00,0.0000000000000000e+00,0.0000000000000000e+00,0.0000000000000000e+00,0.0000000000000000e+00,0.0000000000000000e+00,
5.0000000000000000e+00,7.1750000000000000e+01,1.5707963267948966e+00,3.1415926535897931e+00,5.0000000000000000e-01,3.1415926535897931e+00,6.2831853071795862e+00,-2.5896603805218111e+19,1.0000000000000000e+00,7.1750580717742849e+01,7.1750580717742849e+01,1.0000000000000000e+00,5.1481666663968790e+03,5.1481666663968790e+03,5.1481666663968790e+03,1.0000000000000000e+00,0.0000000000000000e+00,0.0000000000000000e+00,0.0000000000000000e+00,1.0000000000000000e+00,0.0000000000000000e+00,0.0000000000000000e+00,0.0000000000000000e+00,0.0000000000000000e+00,0.0000000000000000e+00,0.0000000000000000e+00,2.8267786341135268e+09,-9.2232320919727142e+17,0.0000000000000000e+00,0.0000000000000000e+00,6.1371260814349672e+28,0.0000000000000000e+00,2.8267786341135268e+09,-4.0690708994201750e+03,0.0000000000000000e+00,0.0000000000000000e+00,6.1137247260284499e+28,0.0000000000000000e+00,2.0379082420094826e+28,0.0000000000000000e+00,0.0000000000000000e+00,0.0000000000000000e+00,2.1627553214261580e+19,0.0000000000000000e+00,0.0000000000000000e+00,0.0000000000000000e+00,0.0000000000000000e+00,0.0000000000000000e+00,0.0000000000000000e+00,0.0000000000000000e+00,1.3333333333333337e+00,3.1003602261611562e+04,2.0259992153403712e-05,0.0000000000000000e+00,0.0000000000000000e+00,0.0000000000000000e+00,0.0000000000000000e+00,0.0000000000000000e+00,0.0000000000000000e+00,0.0000000000000000e+00,0.0000000000000000e+00,
6.0000000000000000e+00,7.9750000000000000e+01,1.5707963267948966e+00,3.1415926535897931e+00,5.0000000000000000e-01,3.1415926535897931e+00,6.2831853071795862e+00,-2.3298843334782087e+19,1.0000000000000000e+00,7.9750522464328299e+01,7.9750522464328299e+01,1.0000000000000000e+00,6.3601666664482909e+03,6.3601666664482909e+03,6.3601666664482909e+03,1.0000000000000000e+00,0.0000000000000000e+00,0.0000000000000000e+00,0.0000000000000000e+00,1.0000000000000000e+00,0.0000000000000000e+00,0.0000000000000000e+00,0.0000000000000000e+00,0.0000000000000000e+00,0.0000000000000000e+00,0.0000000000000000e+00,1.9805165690239093e+09,-7.4656203265916134e+17,0.0000000000000000e+00,0.0000000000000000e+00,3.8252970800050146e+28,0.0000000000000000e+00,1.9805165690239093e+09,-4.5928076282672637e+03,0.0000000000000000e+00,0.0000000000000000e+00,3.8044091246409023e+28,0.0000000000000000e+00,1.2681363748803005e+28,0.0000000000000000e+00,0.0000000000000000e+00,0.0000000000000000e+00,1.9208940095166546e+19,0.0000000000000000e+00,0.0000000000000000e+00,0.0000000000000000e+00,0.0000000000000000e+00,0.0000000000000000e+00,0.0000000000000000e+00,0.0000000000000000e+00,1.3333333333333335e+00,2.9218654954916932e+04,1.4339118192567383e-05,0.0000000000000000e+00,0.0000000000000000e+00,0.0000000000000000e+00,0.0000000000000000e+00,0.0000000000000000e+00,0.0000000000000000e+00,0.0000000000000000e+00,0.0000000000000000e+00,
7.0000000000000000e+00,8.7750000000000000e+01,1.5707963267948966e+00,3.1415926535897931e+00,5.0000000000000000e-01,3.1415926535897931e+00,6.2831853071795862e+00,-2.1174744332096106e+19,1.0000000000000000e+00,8.7750474832523466e+01,8.7750474832523466e+01,1.0000000000000000e+00,7.7001666664862951e+03,7.7001666664862951e+03,7.7001666664862951e+03,1.0000000000000000e+00,0.0000000000000000e+00,0.0000000000000000e+00,0.0000000000000000e+00,1.0000000000000000e+00,0.0000000000000000e+00,0.0000000000000000e+00,0.0000000000000000e+00,0.0000000000000000e+00,0.0000000000000000e+00,0.0000000000000000e+00,1.4384621837569602e+09,-6.1664225381305242e+17,0.0000000000000000e+00,0.0000000000000000e+00,2.5026754267100645e+28,0.0000000000000000e+00,1.4384621837569602e+09,-5.1255831942494087e+03,0.0000000000000000e+00,0.0000000000000000e+00,2.4837803982381223e+28,0.0000000000000000e+00,8.2792679941270719e+27,0.0000000000000000e+00,0.0000000000000000e+00,0.0000000000000000e+00,1.7266741243178750e+19,0.0000000000000000e+00,0.0000000000000000e+00,0.0000000000000000e+00,0.0000000000000000e+00,0.0000000000000000e+00,0.0000000000000000e+00,0.0000000000000000e+00,1.3333333333333333e+00,2.7702167407855650e+04,1.0533495594236579e-05,0.0000000000000000e+00,0.0000000000000000e+00,0.0000000000000000e+00,0.0000000000000000e+00,0.0000000000000000e+00,0.0000000000000000e+00,0.0000000000000000e+00,0.0000000000000000e+00,
8.0000000000000000e+00,9.5750000000000000e+01,1.5707963267948966e+00,3.1415926535897931e+00,5.0000000000000000e-01,3.1415926535897931e+00,6.2831853071795862e+00,-1.9405583499862483e+19,1.0000000000000000e+00,9.5750435160020729e+01,9.5750435160020729e+01,1.0000000000000000e+00,9.1681666665151752e+03,9.1681666665151752e+03,9.1681666665151752e+03,1.0000000000000000e+00,0.0000000000000000e+00,0.0000000000000000e+00,0.0000000000000000e+00,1.0000000000000000e+00,0.0000000000000000e+00,0.0000000000000000e+00,0.0000000000000000e+00,0.0000000000000000e+00,0.0000000000000000e+00,0.0000000000000000e+00,1.0752685004757342e+09,-5.1790505916885434e+17,0.0000000000000000e+00,0.0000000000000000e+00,1.7023002254849919e+28,0.0000000000000000e+00,1.0752685004757342e+09,-5.6700256156746054e+03,0.0000000000000000e+00,0.0000000000000000e+00,1.6850159711263830e+28,0.0000000000000000e+00,5.6167199037546087e+27,0.0000000000000000e+00,0.0000000000000000e+00,0.0000000000000000e+00,1.5670521229511006e+19,0.0000000000000000e+00,0.0000000000000000e+00,0.0000000000000000e+00,0.0000000000000000e+00,0.0000000000000000e+00,0.0000000000000000e+00,0.0000000000000000e+00,1.3333333333333335e+00,2.6390663531281334e+04,7.9775943000442826e-06,0.0000000000000000e+00,0.0000000000000000e+00,0.0000000000000000e+00,0.0000000000000000e+00,0.0000000000000000e+00,0.0000000000000000e+00,0.0000000000000000e+00,0.0000000000000000e+00,
9.0000000000000000e+00,1.0375000000000000e+02,1.5707963267948966e+00,3.1415926535897931e+00,5.0000000000000000e-01,3.1415926535897931e+00,6.2831853071795862e+00,-1.7909255384632539e+19,1.0000000000000000e+00,1.0375040160564841e+02,1.0375040160564841e+02,1.0000000000000000e+00,1.0764166666537636e+04,1.0764166666537636e+04,1.0764166666537636e+04,1.0000000000000000e+00,0.0000000000000000e+00,0.0000000000000000e+00,0.0000000000000000e+00,1.0000000000000000e+00,0.0000000000000000e+00,0.0000000000000000e+00,0.0000000000000000e+00,0.0000000000000000e+00,0.0000000000000000e+00,0.0000000000000000e+00,8.2277841381246579e+08,-4.4111482549667360e+17,0.0000000000000000e+00,0.0000000000000000e+00,1.1952657455839947e+28,0.0000000000000000e+00,8.2277841381246579e+08,-6.2294066591790261e+03,0.0000000000000000e+00,0.0000000000000000e+00,1.1793017795027529e+28,0.0000000000000000e+00,3.9310059316758422e+27,0.0000000000000000e+00,0.0000000000000000e+00,0.0000000000000000e+00,1.4333060749946692e+19,0.0000000000000000e+00,0.0000000000000000e+00,0.0000000000000000e+00,0.0000000000000000e+00,0.0000000000000000e+00,0.0000000000000000e+00,0.0000000000000000e+00,1.3333333333333333e+00,2.5239345088020749e+04,6.1986294352442686e-06,0.0000000000000000e+00,0.0000000000000000e+00,0.0000000000000000e+00,0.0000000000000000e+00,0.0000000000000000e+00,0.0000000000000000e+00,0.0000000000000000e+00,0.0000000000000000e+00,
1.0000000000000000e+01,1.1175000000000000e+02,1.5707963267948966e+00,3.1415926535897931e+00,5.0000000000000000e-01,3.1415926535897931e+00,6.2831853071795862e+00,-1.6627165482093445e+19,1.0000000000000000e+00,1.1175037285545552e+02,1.1175037285545552e+02,1.0000000000000000e+00,1.2488166666555449e+04,1.2488166666555449e+04,1.2488166666555449e+04,1.0000000000000000e+00,0.0000000000000000e+00,0.0000000000000000e+00,0.0000000000000000e+00,1.0000000000000000e+00,0.0000000000000000e+00,0.0000000000000000e+00,0.0000000000000000e+00,0.0000000000000000e+00,0.0000000000000000e+00,0.0000000000000000e+00,6.4175200113628423e+08,-3.8021821399454042e+17,0.0000000000000000e+00,0.0000000000000000e+00,8.6158629610755964e+27,0.0000000000000000e+00,6.4175200113628423e+08,-6.8078731379769570e+03,0.0000000000000000e+00,0.0000000000000000e+00,8.4671477728773500e+27,0.0000000000000000e+00,2.8223825909591163e+27,0.0000000000000000e+00,0.0000000000000000e+00,0.0000000000000000e+00,1.3193717817209416e+19,0.0000000000000000e+00,0.0000000000000000e+00,0.0000000000000000e+00,0.0000000000000000e+00,0.0000000000000000e+00,0.0000000000000000e+00,0.0000000000000000e+00,1.3333333333333335e+00,2.4215432122781778e+04,4.9235403826655160e-06,0.0000000000000000e+00,0.0000000000000000e+00,0.0000000000000000e+00,0.0000000000000000e+00,0.0000000000000000e+00,0.0000000000000000e+00,0.0000000000000000e+00,0.0000000000000000e+00,
1.1000000000000000e+01,1.1975000000000000e+02,1.5707963267948966e+00,3.1415926535897931e+00,5.0000000000000000e-01,3.1415926535897931e+00,6.2831853071795862e+00,-1.5516376976668170e+19,1.0000000000000000e+00,1.1975034794660654e+02,1.1975034794660654e+02,1.0000000000000000e+00,1.4340166666569812e+04,1.4340166666569812e+04,1.4340166666569812e+04,1.0000000000000000e+00,0.0000000000000000e+00,0.0000000000000000e+00,0.0000000000000000e+00,1.0000000000000000e+00,0.0000000000000000e+00,0.0000000000000000e+00,0.0000000000000000e+00,0.0000000000000000e+00,0.0000000000000000e+00,0.0000000000000000e+00,5.0850171362444329e+08,-3.3111360867602950e+17,0.0000000000000000e+00,0.0000000000000000e+00,6.3479022033387835e+27,0.0000000000000000e+00,5.0850171362444329e+08,-7.4108074130701107e+03,0.0000000000000000e+00,0.0000000000000000e+00,6.2082688586168043e+27,0.0000000000000000e+00,2.0694229528722673e+27,0.0000000000000000e+00,0.0000000000000000e+00,0.0000000000000000e+00,1.2208876257571586e+19,0.0000000000000000e+00,0.0000000000000000e+00,0.0000000000000000e+00,0.0000000000000000e+00,0.0000000000000000e+00,0.0000000000000000e+00,0.0000000000000000e+00,1.3333333333333335e+00,2.3294129567247066e+04,8.4341411240851449e-01,0.0000000000000000e+00,0.0000000000000000e+00,0.0000000000000000e+00,0.0000000000000000e+00,0.0000000000000000e+00,0.0000000000000000e+00,0.0000000000000000e+00,0.0000000000000000e+00,
0.0000000000000000e+00,1.2775000000000000e+02,1.5707963267948966e+00,3.1415926535897931e+00,5.0000000000000000e-01,3.1415926535897931e+00,6.2831853071795862e+00,-1.4544708183647087e+19,1.0000000000000000e+00,1.2775032615744405e+02,1.2775032615744405e+02,1.0000000000000000e+00,1.6320166666581566e+04,1.6320166666581566e+04,1.6320166666581566e+04,1.0000000000000000e+00,0.0000000000000000e+00,0.0000000000000000e+00,0.0000000000000000e+00,1.0000000000000000e+00,0.0000000000000000e+00,0.0000000000000000e+00,0.0000000000000000e+00,0.0000000000000000e+00,0.0000000000000000e+00,0.0000000000000000e+00,5.9674737304039434e+07,-2.9094194216011891e+17,0.0000000000000000e+00,0.0000000000000000e+00,9.1742375345577126e+26,0.0000000000000000e+00,5.9674737304039434e+07,-5.3369213151008633e+04,0.0000000000000000e+00,0.0000000000000000e+00,1.3991974627405744e+25,0.0000000000000000e+00,4.6639915424685807e+24,0.0000000000000000e+00,0.0000000000000000e+00,0.0000000000000000e+00,2.3446777749919219e+17,0.0000000000000000e+00,0.0000000000000000e+00,0.0000000000000000e+00,0.0000000000000000e+00,0.0000000000000000e+00,0.0000000000000000e+00,0.0000000000000000e+00,1.3333333333333335e+00,3.2281232098119849e+03,8.4241587787904892e-01,0.0000000000000000e+00,0.0000000000000000e+00,0.0000000000000000e+00,0.0000000000000000e+00,0.0000000000000000e+00,0.0000000000000000e+00,0.0000000000000000e+00,0.0000000000000000e+00,
0.0000000000000000e+00,1.3575000000000000e+02,1.5707963267948966e+00,3.1415926535897931e+00,5.0000000000000000e-01,3.1415926535897931e+00,6.2831853071795862e+00,-1.3687563475424541e+19,1.0000000000000000e+00,1.3575030693642401e+02,1.3575030693642401e+02,1.0000000000000000e+00,1.8428166666591300e+04,1.8428166666591300e+04,1.8428166666591300e+04,1.0000000000000000e+00,0.0000000000000000e+00,0.0000000000000000e+00,0.0000000000000000e+00,1.0000000000000000e+00,0.0000000000000000e+00,0.0000000000000000e+00,0.0000000000000000e+00,0.0000000000000000e+00,0.0000000000000000e+00,0.0000000000000000e+00,5.4197530359461084e+07,-2.5766091108489242e+17,0.0000000000000000e+00,0.0000000000000000e+00,7.8111344426076484e+26,0.0000000000000000e+00,5.4197530359461084e+07,-5.1755699468585539e+04,0.0000000000000000e+00,0.0000000000000000e+00,1.2306206166112235e+25,0.0000000000000000e+00,4.1020687220374112e+24,0.0000000000000000e+00,0.0000000000000000e+00,0.0000000000000000e+00,2.2706190627909642e+17,0.0000000000000000e+00,0.0000000000000000e+00,0.0000000000000000e+00,0.0000000000000000e+00,0.0000000000000000e+00,0.0000000000000000e+00,0.0000000000000000e+00,1.3333333333333335e+00,3.1767340911507313e+03,8.4555122223132542e-07,0.0000000000000000e+00,0.0000000000000000e+00,0.0000000000000000e+00,0.0000000000000000e+00,0.0000000000000000e+00,0.0000000000000000e+00,0.0000000000000000e+00,0.0000000000000000e+00,
1.2000000000000000e+01,1.4375000000000000e+02,1.5707963267948966e+00,3.1415926535897931e+00,5.0000000000000000e-01,3.1415926535897931e+00,6.2831853071795862e+00,-1.2925822393670541e+19,1.0000000000000000e+00,1.4375028985478025e+02,1.4375028985478025e+02,1.0000000000000000e+00,2.0664166666599456e+04,2.0664166666599456e+04,2.0664166666599456e+04,1.0000000000000000e+00,0.0000000000000000e+00,0.0000000000000000e+00,0.0000000000000000e+00,1.0000000000000000e+00,0.0000000000000000e+00,0.0000000000000000e+00,0.0000000000000000e+00,0.0000000000000000e+00,0.0000000000000000e+00,0.0000000000000000e+00,4.9511238660184845e+07,-2.2978017774229779e+17,0.0000000000000000e+00,0.0000000000000000e+00,6.7156633507027194e+26,0.0000000000000000e+00,4.9511238660184845e+07,-5.0278817539823118e+04,0.0000000000000000e+00,0.0000000000000000e+00,1.0908286795200239e+25,0.0000000000000000e+00,3.6360955984000789e+24,0.0000000000000000e+00,0.0000000000000000e+00,0.0000000000000000e+00,2.2031922401072365e+17,0.0000000000000000e+00,0.0000000000000000e+00,0.0000000000000000e+00,0.0000000000000000e+00,0.0000000000000000e+00,0.0000000000000000e+00,0.0000000000000000e+00,1.3333333333333335e+00,3.1292115348487559e+03,7.0552985046028239e-07,0.0000000000000000e+00,0.0000000000000000e+00,0.0000000000000000e+00,0.0000000000000000e+00,0.0000000000000000e+00,0.0000000000000000e+00,0.0000000000000000e+00,0.0000000000000000e+00,
1.3000000000000000e+01,1.5175000000000000e+02,1.5707963267948966e+00,3.1415926535897931e+00,5.0000000000000000e-01,3.1415926535897931e+00,6.2831853071795862e+00,-1.2244396450736151e+19,1.0000000000000000e+00,1.5175027457416124e+02,1.5175027457416124e+02,1.0000000000000000e+00,2.3028166666606354e+04,2.3028166666606354e+04,2.3028166666606354e+04,1.0000000000000000e+00,0.0000000000000000e+00,0.0000000000000000e+00,0.0000000000000000e+00,1.0000000000000000e+00,0.0000000000000000e+00,0.0000000000000000e+00,0.0000000000000000e+00,0.0000000000000000e+00,0.0000000000000000e+00,0.0000000000000000e+00,4.5464644156972058e+07,-2.0619157367482406e+17,0.0000000000000000e+00,0.0000000000000000e+00,5.8238646567110379e+26,0.0000000000000000e+00,4.5464644156972058e+07,-4.8920311551865350e+04,0.0000000000000000e+00,0.0000000000000000e+00,9.7360589442563849e+24,0.0000000000000000e+00,3.2453529814187946e+24,0.0000000000000000e+00,0.0000000000000000e+00,0.0000000000000000e+00,2.1414556012104256e+17,0.0000000000000000e+00,0.0000000000000000e+00,0.0000000000000000e+00,0.0000000000000000e+00,0.0000000000000000e+00,0.0000000000000000e+00,0.0000000000000000e+00,1.3333333333333335e+00,3.0850575130397924e+03,5.9479126218252339e-07,0.0000000000000000e+00,0.0000000000000000e+00,0.0000000000000000e+00,0.0000000000000000e+00,0.0000000000000000e+00,0.0000000000000000e+00,0.0000000000000000e+00,0.0000000000000000e+00,
1.4000000000000000e+01,1.5975000000000000e+02,1.5707963267948966e+00,3.1415926535897931e+00,5.0000000000000000e-01,3.1415926535897931e+00,6.2831853071795862e+00,-1.1631219565237674e+19,1.0000000000000000e+00,1.5975026082399160e+02,1.5975026082399160e+02,1.0000000000000000e+00,2.5520166666612247e+04,2.5520166666612247e+04,2.5520166666612247e+04,1.0000000000000000e+00,0.0000000000000000e+00,0.0000000000000000e+00,0.0000000000000000e+00,1.0000000000000000e+00,0.0000000000000000e+00,0.0000000000000000e+00,0.0000000000000000e+00,0.0000000000000000e+00,0.0000000000000000e+00,0.0000000000000000e+00,4.1941779408730544e+07,-1.8605725848132630e+17,0.0000000000000000e+00,0.0000000000000000e+00,5.0895145598397938e+26,0.0000000000000000e+00,4.1941779408730544e+07,-4.7665167709118068e+04,0.0000000000000000e+00,0.0000000000000000e+00,8.7434046791409345e+24,0.0000000000000000e+00,2.9144682263803115e+24,0.0000000000000000e+00,0.0000000000000000e+00,0.0000000000000000e+00,2.0846513797476416e+17,0.0000000000000000e+00,0.0000000000000000e+00,0.0000000000000000e+00,0.0000000000000000e+00,0.0000000000000000e+00,0.0000000000000000e+00,0.0000000000000000e+00,1.3333333333333335e+00,3.0438654252331476e+03,5.0606415507270349e-07,0.0000000000000000e+00,0.0000000000000000e+00,0.0000000000000000e+00,0.0000000000000000e+00,0.0000000000000000e+00,0.0000000000000000e+00,0.0000000000000000e+00,0.0000000000000000e+00,
1.5000000000000000e+01,1.6775000000000000e+02,1.5707963267948966e+00,3.1415926535897931e+00,5.0000000000000000e-01,3.1415926535897931e+00,6.2831853071795862e+00,-1.1076527372723778e+19,1.0000000000000000e+00,1.6775024838531036e+02,1.6775024838531036e+02,1.0000000000000000e+00,2.8140166666617315e+04,2.8140166666617315e+04,2.8140166666617315e+04,1.0000000000000000e+00,0.0000000000000000e+00,0.0000000000000000e+00,0.0000000000000000e+00,1.0000000000000000e+00,0.0000000000000000e+00,0.0000000000000000e+00,0.0000000000000000e+00,0.0000000000000000e+00,0.0000000000000000e+00,0.0000000000000000e+00,3.8852378750511684e+07,-1.6873428145077702e+17,0.0000000000000000e+00,0.0000000000000000e+00,4.4785930538441500e+26,0.0000000000000000e+00,3.8852378750511684e+07,-4.6500909667965119e+04,0.0000000000000000e+00,0.0000000000000000e+00,7.8954140507728789e+24,0.0000000000000000e+00,2.6318046835909587e+24,0.0000000000000000e+00,0.0000000000000000e+00,0.0000000000000000e+00,2.0321559552154970e+17,0.0000000000000000e+00,0.0000000000000000e+00,0.0000000000000000e+00,0.0000000000000000e+00,0.0000000000000000e+00,0.0000000000000000e+00,0.0000000000000000e+00,1.3333333333333335e+00,3.0052959573249773e+03,4.3414057602991145e-07,0.0000000000000000e+00,0.0000000000000000e+00,0.0000000000000000e+00,0.0000000000000000e+00,0.0000000000000000e+00,0.0000000000000000e+00,0.0000000000000000e+00,0.0000000000000000e+00,
1.0000000000000000e+00,1.7575000000000000e+02,1.5707963267948966e+00,3.1415926535897931e+00,5.0000000000000000e-01,3.1415926535897931e+00,6.2831853071795862e+00,-1.0572333366480220e+19,1.0000000000000000e+00,1.7575023707902454e+02,1.7575023707902454e+02,1.0000000000000000e+00,3.0888166666621706e+04,3.0888166666621706e+04,3.0888166666621706e+04,1.0000000000000000e+00,0.0000000000000000e+00,0.0000000000000000e+00,0.0000000000000000e+00,1.0000000000000000e+00,0.0000000000000000e+00,0.0000000000000000e+00,0.0000000000000000e+00,0.0000000000000000e+00,0.0000000000000000e+00,0.0000000000000000e+00,3.6125242820724934e+07,-1.5372260848865622e+17,0.0000000000000000e+00,0.0000000000000000e+00,3.9656512863678650e+26,0.0000000000000000e+00,3.6125242820724934e+07,-4.5417072510155791e+04,0.0000000000000000e+00,0.0000000000000000e+00,7.1652680551217525e+24,0.0000000000000000e+00,2.3884226850405836e+24,0.0000000000000000e+00,0.0000000000000000e+00,0.0000000000000000e+00,1.9834507876198806e+17,0.0000000000000000e+00,0.0000000000000000e+00,0.0000000000000000e+00,0.0000000000000000e+00,0.0000000000000000e+00,0.0000000000000000e+00,0.0000000000000000e+00,1.3333333333333335e+00,2.9690632246066266e+03,3.7522390854567565e-07,0.0000000000000000e+00,0.0000000000000000e+00,0.0000000000000000e+00,0.0000000000000000e+00,0.0000000000000000e+00,0.0000000000000000e+00,0.0000000000000000e+00,0.0000000000000000e+00,
1.0000000000000000e+00,1.7975000000000000e+02,1.5707963267948966e+00,3.1415926535897931e+00,5.0000000000000000e-01,3.1415926535897931e+00,6.2831853071795862e+00,-1.0337066171434613e+19,1.0000000000000000e+00,1.7975023180328122e+02,1.7975023180328122e+02,1.0000000000000000e+00,3.2310166666623689e+04,3.2310166666623689e+04,3.2310166666623689e+04,1.0000000000000000e+00,0.0000000000000000e+00,0.0000000000000000e+00,0.0000000000000000e+00,1.0000000000000000e+00,0.0000000000000000e+00,0.0000000000000000e+00,0.0000000000000000e+00,0.0000000000000000e+00,0.0000000000000000e+00,0.0000000000000000e+00,3.3703536851553634e+07,-1.4695711837785382e+17,0.0000000000000000e+00,0.0000000000000000e+00,3.5313717068496868e+26,0.0000000000000000e+00,3.3703536851553634e+07,-4.4902491365775939e+04,0.0000000000000000e+00,0.0000000000000000e+00,6.5320880817421141e+24,0.0000000000000000e+00,2.1773626939140372e+24,0.0000000000000000e+00,0.0000000000000000e+00,0.0000000000000000e+00,1.9381006962262733e+17,0.0000000000000000e+00,0.0000000000000000e+00,0.0000000000000000e+00,0.0000000000000000e+00,0.0000000000000000e+00,0.0000000000000000e+00,0.0000000000000000e+00,1.3333333333333335e+00,2.9349242774034378e+03,3.2650208736185662e-07,0.0000000000000000e+00,0.0000000000000000e+00,0.0000000000000000e+00,0.0000000000000000e+00,0.0000000000000000e+00,0.0000000000000000e+00,0.0000000000000000e+00,0.0000000000000000e+00,

