1
1
61
0
(28 0
((0) (15) (0))
((16) (31) (0))
((32) (47) (0))
((48) (63) (0))
((64) (79) (0))
((80) (95) (0))
((96) (111) (0))
((112) (127) (0))
((128) (143) (0))
((144) (159) (0))
((160) (175) (0))
((176) (191) (0))
((192) (207) (0))
((208) (223) (0))
((224) (239) (0))
((240) (255) (0))
((256) (271) (0))
((272) (287) (0))
((288) (303) (0))
((304) (319) (0))
((320) (335) (0))
((336) (351) (0))
((352) (367) (0))
((368) (382) (0))
((383) (398) (0))
((399) (413) (0))
((414) (429) (0))
((430) (444) (0))
)
28
FabOnDisk: Cell_D_00012 0
FabOnDisk: Cell_D_00000 0
FabOnDisk: Cell_D_00000 7885
FabOnDisk: Cell_D_00001 0
FabOnDisk: Cell_D_00001 7885
FabOnDisk: Cell_D_00013 0
FabOnDisk: Cell_D_00002 0
FabOnDisk: Cell_D_00002 7886
FabOnDisk: Cell_D_00003 0
FabOnDisk: Cell_D_00003 7887
FabOnDisk: Cell_D_00004 0
FabOnDisk: Cell_D_00004 7887
FabOnDisk: Cell_D_00014 0
FabOnDisk: Cell_D_00005 0
FabOnDisk: Cell_D_00005 7887
FabOnDisk: Cell_D_00006 0
FabOnDisk: Cell_D_00006 7887
FabOnDisk: Cell_D_00007 0
FabOnDisk: Cell_D_00007 7887
FabOnDisk: Cell_D_00015 0
FabOnDisk: Cell_D_00008 0
FabOnDisk: Cell_D_00008 7887
FabOnDisk: Cell_D_00009 0
FabOnDisk: Cell_D_00009 7887
FabOnDisk: Cell_D_00010 0
FabOnDisk: Cell_D_00010 7887
FabOnDisk: Cell_D_00011 0
FabOnDisk: Cell_D_00011 7887

28,61
1.2000000000000000e+01,4.0250000000000000e+01,1.5707963267948966e+00,3.1415926535897931e+00,5.0000000000000000e-01,3.1415926535897931e+00,6.2831853071795862e+00,0.0000000000000000e+00,1.0437646865299470e+00,4.2344907328193159e+01,4.2344907328193159e+01,1.0894447387251076e+00,1.7931119817616463e+03,1.7931119817616463e+03,1.8863928104488125e+03,9.4992261078954821e-01,0.0000000000000000e+00,0.0000000000000000e+00,0.0000000000000000e+00,1.0216480226809774e+00,0.0000000000000000e+00,0.0000000000000000e+00,0.0000000000000000e+00,0.0000000000000000e+00,0.0000000000000000e+00,0.0000000000000000e+00,1.2673848506232533e+10,-3.0873932204631055e+18,0.0000000000000000e+00,0.0000000000000000e+00,3.7811678538756647e+29,0.0000000000000000e+00,1.2673673607250229e+10,-1.5089757608351370e+03,0.0000000000000000e+00,0.0000000000000000e+00,3.7794568346310671e+29,0.0000000000000000e+00,1.2598189448770221e+29,0.0000000000000000e+00,0.0000000000000000e+00,0.0000000000000000e+00,2.9820464807580439e+19,0.0000000000000000e+00,0.0000000000000000e+00,0.0000000000000000e+00,0.0000000000000000e+00,0.0000000000000000e+00,0.0000000000000000e+00,0.0000000000000000e+00,1.3333333333333330e+00,3.5625854820709159e+04,5.1801567289671592e-05,0.0000000000000000e+00,0.0000000000000000e+00,0.0000000000000000e+00,0.0000000000000000e+00,0.0000000000000000e+00,0.0000000000000000e+00,0.0000000000000000e+00,0.0000000000000000e+00,
0.0000000000000000e+00,4.8250000000000000e+01,1.5707963267948966e+00,3.1415926535897931e+00,5.0000000000000000e-01,3.1415926535897931e+00,6.2831853071795862e+00,0.0000000000000000e+00,1.0374270281386189e+00,5.0340357568868235e+01,5.0340357568868235e+01,1.0762548482754355e+00,2.5341724138517457e+03,2.5341724138517457e+03,2.6439163128123087e+03,9.5805131542954824e-01,0.0000000000000000e+00,0.0000000000000000e+00,0.0000000000000000e+00,1.0185416171341233e+00,0.0000000000000000e+00,0.0000000000000000e+00,0.0000000000000000e+00,0.0000000000000000e+00,0.0000000000000000e+00,0.0000000000000000e+00,7.8830497813431730e+09,-2.1298161500875479e+18,0.0000000000000000e+00,0.0000000000000000e+00,2.0081300647441300e+29,0.0000000000000000e+00,7.8828966378423071e+09,-1.8013011724357609e+03,0.0000000000000000e+00,0.0000000000000000e+00,2.0066496965822034e+29,0.0000000000000000e+00,6.6888323219406753e+28,0.0000000000000000e+00,0.0000000000000000e+00,0.0000000000000000e+00,2.5455207121975181e+19,0.0000000000000000e+00,0.0000000000000000e+00,0.0000000000000000e+00,0.0000000000000000e+00,0.0000000000000000e+00,0.0000000000000000e+00,0.0000000000000000e+00,1.3333333333333330e+00,3.3017746294599965e+04,3.2446608404367922e-05,0.0000000000000000e+00,0.0000000000000000e+00,0.0000000000000000e+00,0.0000000000000000e+00,0.0000000000000000e+00,0.0000000000000000e+00,0.0000000000000000e+00,0.0000000000000000e+00,
0.0000000000000000e+00,5.6250000000000000e+01,1.5707963267948966e+00,3.1415926535897931e+00,5.0000000000000000e-01,3.1415926535897931e+00,6.2831853071795862e+00,0.0000000000000000e+00,1.0326926178666642e+00,5.8337099417779221e+01,5.8337099417779221e+01,1.0664540485638192e+00,3.4032379873519080e+03,3.4032379873519080e+03,3.5294669540960899e+03,9.6390962095866228e-01,0.0000000000000000e+00,0.0000000000000000e+00,0.0000000000000000e+00,1.0162148476178021e+00,0.0000000000000000e+00,0.0000000000000000e+00,0.0000000000000000e+00,0.0000000000000000e+00,0.0000000000000000e+00,0.0000000000000000e+00,5.2304288785344191e+09,-1.5573707179854525e+18,0.0000000000000000e+00,0.0000000000000000e+00,1.1625493957357241e+29,0.0000000000000000e+00,5.2302926655131464e+09,-2.0951186980997404e+03,0.0000000000000000e+00,0.0000000000000000e+00,1.1612444957242640e+29,0.0000000000000000e+00,3.8708149857475453e+28,0.0000000000000000e+00,0.0000000000000000e+00,0.0000000000000000e+00,2.2201930641395839e+19,0.0000000000000000e+00,0.0000000000000000e+00,0.0000000000000000e+00,0.0000000000000000e+00,0.0000000000000000e+00,0.0000000000000000e+00,0.0000000000000000e+00,1.3333333333333330e+00,3.0907709650376531e+04,2.1657009193791181e-05,0.0000000000000000e+00,0.0000000000000000e+00,0.0000000000000000e+00,0.0000000000000000e+00,0.0000000000000000e+00,0.0000000000000000e+00,0.0000000000000000e+00,0.0000000000000000e+00,
1.0000000000000000e+00,6.4250000000000000e+01,1.5707963267948966e+00,3.1415926535897931e+00,5.0000000000000000e-01,3.1415926535897931e+00,6.2831853071795862e+00,0.0000000000000000e+00,1.0290214281935397e+00,6.6334651227190875e+01,6.6334651227190875e+01,1.0588851031388535e+00,4.4003067756774381e+03,4.4003067756774381e+03,4.5430344798401411e+03,9.6833216933039035e-01,0.0000000000000000e+00,0.0000000000000000e+00,0.0000000000000000e+00,1.0144069338059474e+00,0.0000000000000000e+00,0.0000000000000000e+00,0.0000000000000000e+00,0.0000000000000000e+00,0.0000000000000000e+00,0.0000000000000000e+00,3.6445316098704309e+09,-1.1881434607934369e+18,0.0000000000000000e+00,0.0000000000000000e+00,7.1850562886925608e+28,0.0000000000000000e+00,3.6444089240427737e+09,-2.3905003051309568e+03,0.0000000000000000e+00,0.0000000000000000e+00,7.1733854982278902e+28,0.0000000000000000e+00,2.3911284994092961e+28,0.0000000000000000e+00,0.0000000000000000e+00,0.0000000000000000e+00,1.9683013988621939e+19,0.0000000000000000e+00,0.0000000000000000e+00,0.0000000000000000e+00,0.0000000000000000e+00,0.0000000000000000e+00,0.0000000000000000e+00,0.0000000000000000e+00,1.3333333333333330e+00,2.9154414650904040e+04,1.5173063886560572e-05,0.0000000000000000e+00,0.0000000000000000e+00,0.0000000000000000e+00,0.0000000000000000e+00,0.0000000000000000e+00,0.0000000000000000e+00,0.0000000000000000e+00,0.0000000000000000e+00,
1.0000000000000000e+00,7.2250000000000000e+01,1.5707963267948966e+00,3.1415926535897931e+00,5.0000000000000000e-01,3.1415926535897931e+00,6.2831853071795862e+00,0.0000000000000000e+00,1.0260914729328283e+00,7.4332744355185554e+01,7.4332744355185554e+01,1.0528637130842384e+00,5.5253777079345818e+03,5.5253777079345818e+03,5.6846132236980493e+03,9.7178915562030532e-01,0.0000000000000000e+00,0.0000000000000000e+00,0.0000000000000000e+00,1.0129617329309628e+00,0.0000000000000000e+00,0.0000000000000000e+00,0.0000000000000000e+00,0.0000000000000000e+00,0.0000000000000000e+00,0.0000000000000000e+00,2.6387549105608740e+09,-9.3619975849751552e+17,0.0000000000000000e+00,0.0000000000000000e+00,4.6742356149140938e+28,0.0000000000000000e+00,2.6386432637633243e+09,-2.6876489415067422e+03,0.0000000000000000e+00,0.0000000000000000e+00,4.6636746550431138e+28,0.0000000000000000e+00,1.5545582183477045e+28,0.0000000000000000e+00,0.0000000000000000e+00,0.0000000000000000e+00,1.7674337386207132e+19,0.0000000000000000e+00,0.0000000000000000e+00,0.0000000000000000e+00,0.0000000000000000e+00,0.0000000000000000e+00,0.0000000000000000e+00,0.0000000000000000e+00,1.3333333333333330e+00,2.7666854194605567e+04,1.1044394190216558e-05,0.0000000000000000e+00,0.0000000000000000e+00,0.0000000000000000e+00,0.0000000000000000e+00,0.0000000000000000e+00,0.0000000000000000e+00,0.0000000000000000e+00,0.0000000000000000e+00,
1.3000000000000000e+01,8.0250000000000000e+01,1.5707963267948966e+00,3.1415926535897931e+00,5.0000000000000000e-01,3.1415926535897931e+00,6.2831853071795862e+00,0.0000000000000000e+00,1.0236988546968802e+00,8.2331217136085755e+01,8.2331217136085755e+01,1.0479593466451280e+00,6.7784501413304188e+03,6.7784501413304188e+03,6.9541997996161708e+03,9.7456567014261453e-01,0.0000000000000000e+00,0.0000000000000000e+00,0.0000000000000000e+00,1.0117800424605270e+00,0.0000000000000000e+00,0.0000000000000000e+00,0.0000000000000000e+00,0.0000000000000000e+00,0.0000000000000000e+00,0.0000000000000000e+00,1.9703224524718041e+09,-7.5665596899089702e+17,0.0000000000000000e+00,0.0000000000000000e+00,3.1688201881504488e+28,0.0000000000000000e+00,1.9702199706469290e+09,-2.9868666219609217e+03,0.0000000000000000e+00,0.0000000000000000e+00,3.1591708916349462e+28,0.0000000000000000e+00,1.0530569638783155e+28,0.0000000000000000e+00,0.0000000000000000e+00,0.0000000000000000e+00,1.6034474902985021e+19,0.0000000000000000e+00,0.0000000000000000e+00,0.0000000000000000e+00,0.0000000000000000e+00,0.0000000000000000e+00,0.0000000000000000e+00,0.0000000000000000e+00,1.3333333333333330e+00,2.6383414669929098e+04,8.2917269042924372e-06,0.0000000000000000e+00,0.0000000000000000e+00,0.0000000000000000e+00,0.0000000000000000e+00,0.0000000000000000e+00,0.0000000000000000e+00,0.0000000000000000e+00,0.0000000000000000e+00,
2.0000000000000000e+00,8.8250000000000000e+01,1.5707963267948966e+00,3.1415926535897931e+00,5.0000000000000000e-01,3.1415926535897931e+00,6.2831853071795862e+00,0.0000000000000000e+00,1.0217081765639571e+00,9.0329966452094368e+01,9.0329966452094368e+01,1.0438875991400305e+00,8.1595236666873634e+03,8.1595236666873634e+03,8.3517920596515105e+03,9.7684462590588650e-01,0.0000000000000000e+00,0.0000000000000000e+00,0.0000000000000000e+00,1.0107958133565418e+00,0.0000000000000000e+00,0.0000000000000000e+00,0.0000000000000000e+00,0.0000000000000000e+00,0.0000000000000000e+00,0.0000000000000000e+00,1.5088534403350775e+09,-6.2421245701099891e+17,0.0000000000000000e+00,0.0000000000000000e+00,2.2222181445630708e+28,0.0000000000000000e+00,1.5087586761330750e+09,-3.2885417004381479e+03,0.0000000000000000e+00,0.0000000000000000e+00,2.2133299036658511e+28,0.0000000000000000e+00,7.3777663455528347e+27,0.0000000000000000e+00,0.0000000000000000e+00,0.0000000000000000e+00,1.4669769487028695e+19,0.0000000000000000e+00,0.0000000000000000e+00,0.0000000000000000e+00,0.0000000000000000e+00,0.0000000000000000e+00,0.0000000000000000e+00,0.0000000000000000e+00,1.3333333333333330e+00,2.5260686339626769e+04,6.3864767266448125e-06,0.0000000000000000e+00,0.0000000000000000e+00,0.0000000000000000e+00,0.0000000000000000e+00,0.0000000000000000e+00,0.0000000000000000e+00,0.0000000000000000e+00,0.0000000000000000e+00,
2.0000000000000000e+00,9.6250000000000000e+01,1.5707963267948966e+00,3.1415926535897931e+00,5.0000000000000000e-01,3.1415926535897931e+00,6.2831853071795862e+00,0.0000000000000000e+00,1.0200260051873375e+00,9.8328923429298712e+01,9.8328923429298712e+01,1.0404530520423521e+00,9.6685980111520967e+03,9.6685980111520967e+03,9.8773885754873518e+03,9.7874877013335237e-01,0.0000000000000000e+00,0.0000000000000000e+00,0.0000000000000000e+00,1.0099633681452054e+00,0.0000000000000000e+00,0.0000000000000000e+00,0.0000000000000000e+00,0.0000000000000000e+00,0.0000000000000000e+00,0.0000000000000000e+00,1.1800495561548028e+09,-5.2372738838857798e+17,0.0000000000000000e+00,0.0000000000000000e+00,1.6030578119837656e+28,0.0000000000000000e+00,1.1799613674918761e+09,-3.5931464411884444e+03,0.0000000000000000e+00,0.0000000000000000e+00,1.5948133564179100e+28,0.0000000000000000e+00,5.3160445213930313e+27,0.0000000000000000e+00,0.0000000000000000e+00,0.0000000000000000e+00,1.3515727944942322e+19,0.0000000000000000e+00,0.0000000000000000e+00,0.0000000000000000e+00,0.0000000000000000e+00,0.0000000000000000e+00,0.0000000000000000e+00,0.0000000000000000e+00,1.3333333333333330e+00,2.4267073050671519e+04,5.0261701164638097e-06,0.0000000000000000e+00,0.0000000000000000e+00,0.0000000000000000e+00,0.0000000000000000e+00,0.0000000000000000e+00,0.0000000000000000e+00,0.0000000000000000e+00,0.0000000000000000e+00,
3.0000000000000000e+00,1.0425000000000000e+02,1.5707963267948966e+00,3.1415926535897931e+00,5.0000000000000000e-01,3.1415926535897931e+00,6.2831853071795862e+00,0.0000000000000000e+00,1.0185857829649525e+00,1.0632804031237842e+02,1.0632804031237842e+02,1.0375169978399157e+00,1.1305672985787327e+04,1.1305672985787327e+04,1.1530988360359346e+04,9.8036354253254676e-01,0.0000000000000000e+00,0.0000000000000000e+00,0.0000000000000000e+00,1.0092501091514476e+00,0.0000000000000000e+00,0.0000000000000000e+00,0.0000000000000000e+00,0.0000000000000000e+00,0.0000000000000000e+00,0.0000000000000000e+00,9.3945188746954334e+08,-4.4568849832632205e+17,0.0000000000000000e+00,0.0000000000000000e+00,1.1843993450435942e+28,0.0000000000000000e+00,9.3936935610172844e+08,-3.9012413210650361e+03,0.0000000000000000e+00,0.0000000000000000e+00,1.1767054440466242e+28,0.0000000000000000e+00,3.9223514801554136e+27,0.0000000000000000e+00,0.0000000000000000e+00,0.0000000000000000e+00,1.2526481236111047e+19,0.0000000000000000e+00,0.0000000000000000e+00,0.0000000000000000e+00,0.0000000000000000e+00,0.0000000000000000e+00,0.0000000000000000e+00,0.0000000000000000e+00,1.3333333333333330e+00,2.3378943431965261e+04,4.0291887666296991e-06,0.0000000000000000e+00,0.0000000000000000e+00,0.0000000000000000e+00,0.0000000000000000e+00,0.0000000000000000e+00,0.0000000000000000e+00,0.0000000000000000e+00,0.0000000000000000e+00,
3.0000000000000000e+00,1.1225000000000000e+02,1.5707963267948966e+00,3.1415926535897931e+00,5.0000000000000000e-01,3.1415926535897931e+00,6.2831853071795862e+00,0.0000000000000000e+00,1.0173388131140286e+00,1.1432728294645558e+02,1.1432728294645558e+02,1.0349782611087879e+00,1.3070748455614637e+04,1.3070748455614637e+04,1.3312590710671511e+04,9.8175024828952484e-01,0.0000000000000000e+00,0.0000000000000000e+00,0.0000000000000000e+00,1.0086321495003887e+00,0.0000000000000000e+00,0.0000000000000000e+00,0.0000000000000000e+00,0.0000000000000000e+00,0.0000000000000000e+00,0.0000000000000000e+00,7.5934463000732374e+08,-3.8387621629520608e+17,0.0000000000000000e+00,0.0000000000000000e+00,8.9317402573627812e+27,0.0000000000000000e+00,7.5926700524514258e+08,-4.2134848384344250e+03,0.0000000000000000e+00,0.0000000000000000e+00,8.8595519682195742e+27,0.0000000000000000e+00,2.9531839894065251e+27,0.0000000000000000e+00,0.0000000000000000e+00,0.0000000000000000e+00,1.1668505426526822e+19,0.0000000000000000e+00,0.0000000000000000e+00,0.0000000000000000e+00,0.0000000000000000e+00,0.0000000000000000e+00,0.0000000000000000e+00,0.0000000000000000e+00,1.3333333333333330e+00,2.2578208669006282e+04,3.2819863985545212e-06,0.0000000000000000e+00,0.0000000000000000e+00,0.0000000000000000e+00,0.0000000000000000e+00,0.0000000000000000e+00,0.0000000000000000e+00,0.0000000000000000e+00,0.0000000000000000e+00,
4.0000000000000000e+00,1.2025000000000000e+02,1.5707963267948966e+00,3.1415926535897931e+00,5.0000000000000000e-01,3.1415926535897931e+00,6.2831853071795862e+00,0.0000000000000000e+00,1.0162486452132184e+00,1.2232662625721414e+02,1.2232662625721414e+02,1.0327613092374566e+00,1.4963824321635428e+04,1.4963824321635428e+04,1.5222195111222267e+04,9.8295401769033430e-01,0.0000000000000000e+00,0.0000000000000000e+00,0.0000000000000000e+00,1.0080915856853672e+00,0.0000000000000000e+00,0.0000000000000000e+00,0.0000000000000000e+00,0.0000000000000000e+00,0.0000000000000000e+00,0.0000000000000000e+00,6.2183671322017682e+08,-3.3408493112802355e+17,0.0000000000000000e+00,0.0000000000000000e+00,6.8557031874338479e+27,0.0000000000000000e+00,6.2176337198999822e+08,-4.5306488626982818e+03,0.0000000000000000e+00,0.0000000000000000e+00,6.7876444186043531e+27,0.0000000000000000e+00,2.2625481395347843e+27,0.0000000000000000e+00,0.0000000000000000e+00,0.0000000000000000e+00,1.0916720158134589e+19,0.0000000000000000e+00,0.0000000000000000e+00,0.0000000000000000e+00,0.0000000000000000e+00,0.0000000000000000e+00,0.0000000000000000e+00,0.0000000000000000e+00,1.3333333333333330e+00,2.1850740463050293e+04,2.7110902074838345e-06,0.0000000000000000e+00,0.0000000000000000e+00,0.0000000000000000e+00,0.0000000000000000e+00,0.0000000000000000e+00,0.0000000000000000e+00,0.0000000000000000e+00,0.0000000000000000e+00,
4.0000000000000000e+00,1.2825000000000000e+02,1.5707963267948966e+00,3.1415926535897931e+00,5.0000000000000000e-01,3.1415926535897931e+00,6.2831853071795862e+00,0.0000000000000000e+00,1.0152874532962839e+00,1.3032605142121534e+02,1.3032605142121534e+02,1.0308086130870731e+00,1.6984900509591407e+04,1.6984900509591407e+04,1.7259801176105862e+04,9.8400881054912614e-01,0.0000000000000000e+00,0.0000000000000000e+00,0.0000000000000000e+00,1.0076147345244271e+00,0.0000000000000000e+00,0.0000000000000000e+00,0.0000000000000000e+00,0.0000000000000000e+00,0.0000000000000000e+00,0.0000000000000000e+00,5.1502680995762670e+08,-2.9338824302252397e+17,0.0000000000000000e+00,0.0000000000000000e+00,5.3437966270681666e+27,0.0000000000000000e+00,5.1495722775294751e+08,-4.8536404645308430e+03,0.0000000000000000e+00,0.0000000000000000e+00,5.2793483992859487e+27,0.0000000000000000e+00,1.7597827997619828e+27,0.0000000000000000e+00,0.0000000000000000e+00,0.0000000000000000e+00,1.0251976014095950e+19,0.0000000000000000e+00,0.0000000000000000e+00,0.0000000000000000e+00,0.0000000000000000e+00,0.0000000000000000e+00,0.0000000000000000e+00,0.0000000000000000e+00,1.3333333333333330e+00,2.1185304095700405e+04,2.2675329857848637e-06,0.0000000000000000e+00,0.0000000000000000e+00,0.0000000000000000e+00,0.0000000000000000e+00,0.0000000000000000e+00,0.0000000000000000e+00,0.0000000000000000e+00,0.0000000000000000e+00,
1.4000000000000000e+01,1.3625000000000000e+02,1.5707963267948966e+00,3.1415926535897931e+00,5.0000000000000000e-01,3.1415926535897931e+00,6.2831853071795862e+00,0.0000000000000000e+00,1.0144336275728194e+00,1.3832554403228286e+02,1.3832554403228286e+02,1.0290755849620938e+00,1.9133976962690642e+04,1.9133976962690642e+04,1.9425408610547081e+04,9.8494067089757376e-01,0.0000000000000000e+00,0.0000000000000000e+00,0.0000000000000000e+00,1.0071909588159964e+00,0.0000000000000000e+00,0.0000000000000000e+00,0.0000000000000000e+00,0.0000000000000000e+00,0.0000000000000000e+00,0.0000000000000000e+00,4.3078795460152203e+08,-2.5969894349472374e+17,0.0000000000000000e+00,0.0000000000000000e+00,4.2217979096102844e+27,0.0000000000000000e+00,4.3072168385880405e+08,-5.1835320813960998e+03,0.0000000000000000e+00,0.0000000000000000e+00,4.1605204135525170e+27,0.0000000000000000e+00,1.3868401378508387e+27,0.0000000000000000e+00,0.0000000000000000e+00,0.0000000000000000e+00,9.6593853562303918e+18,0.0000000000000000e+00,0.0000000000000000e+00,0.0000000000000000e+00,0.0000000000000000e+00,0.0000000000000000e+00,0.0000000000000000e+00,0.0000000000000000e+00,1.3333333333333330e+00,2.0572818103915946e+04,1.9178287874819342e-06,0.0000000000000000e+00,0.0000000000000000e+00,0.0000000000000000e+00,0.0000000000000000e+00,0.0000000000000000e+00,0.0000000000000000e+00,0.0000000000000000e+00,0.0000000000000000e+00,
5.0000000000000000e+00,1.4425000000000000e+02,1.5707963267948966e+00,3.1415926535897931e+00,5.0000000000000000e-01,3.1415926535897931e+00,6.2831853071795862e+00,0.0000000000000000e+00,1.0136701304368443e+00,1.4632509287756361e+02,1.4632509287756361e+02,1.0275271335100611e+00,2.1411053636757410e+04,2.1411053636757410e+04,2.1719017185500757e+04,9.8576990637154438e-01,0.0000000000000000e+00,0.0000000000000000e+00,0.0000000000000000e+00,1.0068118644487980e+00,0.0000000000000000e+00,0.0000000000000000e+00,0.0000000000000000e+00,0.0000000000000000e+00,0.0000000000000000e+00,0.0000000000000000e+00,3.6344111130602425e+08,-2.3149596389779872e+17,0.0000000000000000e+00,0.0000000000000000e+00,3.3751098904028862e+27,0.0000000000000000e+00,3.6337776492590362e+08,-5.5216030627978034e+03,0.0000000000000000e+00,0.0000000000000000e+00,3.3166251452328487e+27,0.0000000000000000e+00,1.1055417150776158e+27,0.0000000000000000e+00,0.0000000000000000e+00,0.0000000000000000e+00,9.1271826114524232e+18,0.0000000000000000e+00,0.0000000000000000e+00,0.0000000000000000e+00,0.0000000000000000e+00,0.0000000000000000e+00,0.0000000000000000e+00,0.0000000000000000e+00,1.3333333333333330e+00,2.0005826854814164e+04,1.6385664163220637e-06,0.0000000000000000e+00,0.0000000000000000e+00,0.0000000000000000e+00,0.0000000000000000e+00,0.0000000000000000e+00,0.0000000000000000e+00,0.0000000000000000e+00,0.0000000000000000e+00,
5.0000000000000000e+00,1.5225000000000000e+02,1.5707963267948966e+00,3.1415926535897931e+00,5.0000000000000000e-01,3.1415926535897931e+00,6.2831853071795862e+00,0.0000000000000000e+00,1.0129833480029775e+00,1.5432468909917824e+02,1.5432468909917824e+02,1.0261352634698213e+00,2.3816130496913171e+04,2.3816130496913171e+04,2.4140626720298493e+04,9.8651258513849593e-01,0.0000000000000000e+00,0.0000000000000000e+00,0.0000000000000000e+00,1.0064707387543848e+00,0.0000000000000000e+00,0.0000000000000000e+00,0.0000000000000000e+00,0.0000000000000000e+00,0.0000000000000000e+00,0.0000000000000000e+00,3.0893565554920846e+08,-2.0764962218713322e+17,0.0000000000000000e+00,0.0000000000000000e+00,2.7265384413976558e+27,0.0000000000000000e+00,3.0887489400439382e+08,-5.8693974255267403e+03,0.0000000000000000e+00,0.0000000000000000e+00,2.6705169009221963e+27,0.0000000000000000e+00,8.9017230030739859e+26,0.0000000000000000e+00,0.0000000000000000e+00,0.0000000000000000e+00,8.6459262942948833e+18,0.0000000000000000e+00,0.0000000000000000e+00,0.0000000000000000e+00,0.0000000000000000e+00,0.0000000000000000e+00,0.0000000000000000e+00,0.0000000000000000e+00,1.3333333333333330e+00,1.9478114844165910e+04,1.4130595154021755e-06,0.0000000000000000e+00,0.0000000000000000e+00,0.0000000000000000e+00,0.0000000000000000e+00,0.0000000000000000e+00,0.0000000000000000e+00,0.0000000000000000e+00,0.0000000000000000e+00,
6.0000000000000000e+00,1.6025000000000000e+02,1.5707963267948966e+00,3.1415926535897931e+00,5.0000000000000000e-01,3.1415926535897931e+00,6.2831853071795862e+00,0.0000000000000000e+00,1.0123622712528435e+00,1.6232432560680908e+02,1.6232432560680908e+02,1.0248773683700561e+00,2.6349207515252998e+04,2.6349207515252998e+04,2.6690237070517196e+04,9.8718158732360162e-01,0.0000000000000000e+00,0.0000000000000000e+00,0.0000000000000000e+00,1.0061621495687121e+00,0.0000000000000000e+00,0.0000000000000000e+00,0.0000000000000000e+00,0.0000000000000000e+00,0.0000000000000000e+00,0.0000000000000000e+00,2.6432876094675910e+08,-1.8730671102138893e+17,0.0000000000000000e+00,0.0000000000000000e+00,2.2229667087799077e+27,0.0000000000000000e+00,2.6427028187581155e+08,-6.2288055484184670e+03,0.0000000000000000e+00,0.0000000000000000e+00,2.1691165895962887e+27,0.0000000000000000e+00,7.2303886319876271e+26,0.0000000000000000e+00,0.0000000000000000e+00,0.0000000000000000e+00,8.2079266161346079e+18,0.0000000000000000e+00,0.0000000000000000e+00,0.0000000000000000e+00,0.0000000000000000e+00,0.0000000000000000e+00,0.0000000000000000e+00,0.0000000000000000e+00,1.3333333333333333e+00,1.8984416412924649e+04,1.2292254885709849e-06,0.0000000000000000e+00,0.0000000000000000e+00,0.0000000000000000e+00,0.0000000000000000e+00,0.0000000000000000e+00,0.0000000000000000e+00,0.0000000000000000e+00,0.0000000000000000e+00,
6.0000000000000000e+00,1.6825000000000000e+02,1.5707963267948966e+00,3.1415926535897931e+00,5.0000000000000000e-01,3.1415926535897931e+00,6.2831853071795862e+00,0.0000000000000000e+00,1.0117979014658927e+00,1.7032399665775924e+02,1.7032399665775924e+02,1.0237349935052167e+00,2.9010284669185687e+04,2.9010284669185687e+04,2.9367848119323971e+04,9.8778735830801334e-01,0.0000000000000000e+00,0.0000000000000000e+00,0.0000000000000000e+00,1.0058816537955944e+00,0.0000000000000000e+00,0.0000000000000000e+00,0.0000000000000000e+00,0.0000000000000000e+00,0.0000000000000000e+00,0.0000000000000000e+00,3.3642794060713001e+07,-1.6981310433182586e+17,0.0000000000000000e+00,0.0000000000000000e+00,3.5564844085558967e+26,0.0000000000000000e+00,3.3258874946238101e+07,-4.4696927828991109e+04,0.0000000000000000e+00,0.0000000000000000e+00,6.4174347919893035e+24,0.0000000000000000e+00,2.1391449306631007e+24,0.0000000000000000e+00,0.0000000000000000e+00,0.0000000000000000e+00,1.9295396065769082e+17,0.0000000000000000e+00,0.0000000000000000e+00,0.0000000000000000e+00,0.0000000000000000e+00,0.0000000000000000e+00,0.0000000000000000e+00,0.0000000000000000e+00,1.3333333333333330e+00,2.9280158986290567e+03,3.2924066851455223e-07,0.0000000000000000e+00,0.0000000000000000e+00,0.0000000000000000e+00,0.0000000000000000e+00,0.0000000000000000e+00,0.0000000000000000e+00,0.0000000000000000e+00,0.0000000000000000e+00,
7.0000000000000000e+00,1.7625000000000000e+02,1.5707963267948966e+00,3.1415926535897931e+00,5.0000000000000000e-01,3.1415926535897931e+00,6.2831853071795862e+00,0.0000000000000000e+00,1.0112828113938874e+00,1.7832369755130529e+02,1.7832369755130529e+02,1.0226929246997145e+00,3.1799361940226361e+04,3.1799361940226361e+04,3.2173459771187951e+04,9.8833845807074694e-01,0.0000000000000000e+00,0.0000000000000000e+00,0.0000000000000000e+00,1.0056255821001969e+00,0.0000000000000000e+00,0.0000000000000000e+00,0.0000000000000000e+00,0.0000000000000000e+00,0.0000000000000000e+00,0.0000000000000000e+00,3.1486801815558068e+07,-1.5466050876931520e+17,0.0000000000000000e+00,0.0000000000000000e+00,3.1823779246757002e+26,0.0000000000000000e+00,3.1143239348371461e+07,-4.4572784761037852e+04,0.0000000000000000e+00,0.0000000000000000e+00,5.8789950103959253e+24,0.0000000000000000e+00,1.9596650034653077e+24,0.0000000000000000e+00,0.0000000000000000e+00,0.0000000000000000e+00,1.8877266772068928e+17,0.0000000000000000e+00,0.0000000000000000e+00,0.0000000000000000e+00,0.0000000000000000e+00,0.0000000000000000e+00,0.0000000000000000e+00,0.0000000000000000e+00,1.3333333333333330e+00,2.8961262217128483e+03,2.8815268674891614e-07,0.0000000000000000e+00,0.0000000000000000e+00,0.0000000000000000e+00,0.0000000000000000e+00,0.0000000000000000e+00,0.0000000000000000e+00,0.0000000000000000e+00,0.0000000000000000e+00,
7.0000000000000000e+00,1.8425000000000000e+02,1.5707963267948966e+00,3.1415926535897931e+00,5.0000000000000000e-01,3.1415926535897931e+00,6.2831853071795862e+00,0.0000000000000000e+00,1.0108108165749270e+00,1.8632342440262781e+02,1.8632342440262781e+02,1.0217385069714500e+00,3.4716439313104078e+04,3.4716439313104078e+04,3.5107071947237106e+04,9.8884196821748638e-01,0.0000000000000000e+00,0.0000000000000000e+00,0.0000000000000000e+00,1.0053908774991249e+00,0.0000000000000000e+00,0.0000000000000000e+00,0.0000000000000000e+00,0.0000000000000000e+00,0.0000000000000000e+00,0.0000000000000000e+00,2.9552164227101564e+07,-1.4144911985844982e+17,0.0000000000000000e+00,0.0000000000000000e+00,2.8611561401487278e+26,0.0000000000000000e+00,2.9243265568494316e+07,-4.3614958881799241e+04,0.0000000000000000e+00,0.0000000000000000e+00,5.4057073115756048e+24,0.0000000000000000e+00,1.8019024371918682e+24,0.0000000000000000e+00,0.0000000000000000e+00,0.0000000000000000e+00,1.8485299018759722e+17,0.0000000000000000e+00,0.0000000000000000e+00,0.0000000000000000e+00,0.0000000000000000e+00,0.0000000000000000e+00,0.0000000000000000e+00,0.0000000000000000e+00,1.3333333333333330e+00,2.8659092368788502e+03,2.5362621303309464e-07,0.0000000000000000e+00,0.0000000000000000e+00,0.0000000000000000e+00,0.0000000000000000e+00,0.0000000000000000e+00,0.0000000000000000e+00,0.0000000000000000e+00,0.0000000000000000e+00,
1.5000000000000000e+01,1.9225000000000000e+02,1.5707963267948966e+00,3.1415926535897931e+00,5.0000000000000000e-01,3.1415926535897931e+00,6.2831853071795862e+00,0.0000000000000000e+00,1.0103767258312795e+00,1.9432317397315239e+02,1.9432317397315239e+02,1.0208611281580493e+00,3.7761516775092408e+04,3.7761516775092408e+04,3.8168684581778696e+04,9.8930379792841827e-01,0.0000000000000000e+00,0.0000000000000000e+00,0.0000000000000000e+00,1.0051749727372326e+00,0.0000000000000000e+00,0.0000000000000000e+00,0.0000000000000000e+00,0.0000000000000000e+00,0.0000000000000000e+00,0.0000000000000000e+00,2.7808301309310168e+07,-1.2986097656250579e+17,0.0000000000000000e+00,0.0000000000000000e+00,2.5835799878705704e+26,0.0000000000000000e+00,2.7529365531325206e+07,-4.2715571322756507e+04,0.0000000000000000e+00,0.0000000000000000e+00,4.9874623496628302e+24,0.0000000000000000e+00,1.6624874498876092e+24,0.0000000000000000e+00,0.0000000000000000e+00,0.0000000000000000e+00,1.8116873954527606e+17,0.0000000000000000e+00,0.0000000000000000e+00,0.0000000000000000e+00,0.0000000000000000e+00,0.0000000000000000e+00,0.0000000000000000e+00,0.0000000000000000e+00,1.3333333333333330e+00,2.8372134544573905e+03,2.2440189538467553e-07,0.0000000000000000e+00,0.0000000000000000e+00,0.0000000000000000e+00,0.0000000000000000e+00,0.0000000000000000e+00,0.0000000000000000e+00,0.0000000000000000e+00,0.0000000000000000e+00,
8.0000000000000000e+00,2.0025000000000000e+02,1.5707963267948966e+00,3.1415926535897931e+00,5.0000000000000000e-01,3.1415926535897931e+00,6.2831853071795862e+00,0.0000000000000000e+00,1.0099761495547017e+00,2.0232294354153498e+02,2.0232294354153498e+02,1.0200518227176198e+00,4.0934594315500639e+04,4.0934594315500639e+04,4.1358297619656776e+04,9.8972891694715015e-01,0.0000000000000000e+00,0.0000000000000000e+00,0.0000000000000000e+00,1.0049756959960532e+00,0.0000000000000000e+00,0.0000000000000000e+00,0.0000000000000000e+00,0.0000000000000000e+00,0.0000000000000000e+00,0.0000000000000000e+00,2.6229859674886402e+07,-1.1964064963812907e+17,0.0000000000000000e+00,0.0000000000000000e+00,2.3423093450606146e+26,0.0000000000000000e+00,2.5976974458882313e+07,-4.1868914949748905e+04,0.0000000000000000e+00,0.0000000000000000e+00,4.6160387084235385e+24,0.0000000000000000e+00,1.5386795694745125e+24,0.0000000000000000e+00,0.0000000000000000e+00,0.0000000000000000e+00,1.7769725618311440e+17,0.0000000000000000e+00,0.0000000000000000e+00,0.0000000000000000e+00,0.0000000000000000e+00,0.0000000000000000e+00,0.0000000000000000e+00,0.0000000000000000e+00,1.3333333333333330e+00,2.8099064342086394e+03,1.9949970613946104e-07,0.0000000000000000e+00,0.0000000000000000e+00,0.0000000000000000e+00,0.0000000000000000e+00,0.0000000000000000e+00,0.0000000000000000e+00,0.0000000000000000e+00,0.0000000000000000e+00,
8.0000000000000000e+00,2.0825000000000000e+02,1.5707963267948966e+00,3.1415926535897931e+00,5.0000000000000000e-01,3.1415926535897931e+00,6.2831853071795862e+00,0.0000000000000000e+00,1.0096053507447691e+00,2.1032273080436838e+02,2.1032273080436838e+02,1.0193029642939597e+00,4.4235671925282470e+04,4.4235671925282470e+04,4.4675911014221296e+04,9.9012153513292933e-01,0.0000000000000000e+00,0.0000000000000000e+00,0.0000000000000000e+00,1.0047911975801216e+00,0.0000000000000000e+00,0.0000000000000000e+00,0.0000000000000000e+00,0.0000000000000000e+00,0.0000000000000000e+00,0.0000000000000000e+00,2.4795660553967480e+07,-1.1058104443019206e+17,0.0000000000000000e+00,0.0000000000000000e+00,2.1314584261343682e+26,0.0000000000000000e+00,2.4565546391481299e+07,-4.1070033189599773e+04,0.0000000000000000e+00,0.0000000000000000e+00,4.2846950305900545e+24,0.0000000000000000e+00,1.4282316768633516e+24,0.0000000000000000e+00,0.0000000000000000e+00,0.0000000000000000e+00,1.7441882075651587e+17,0.0000000000000000e+00,0.0000000000000000e+00,0.0000000000000000e+00,0.0000000000000000e+00,0.0000000000000000e+00,0.0000000000000000e+00,0.0000000000000000e+00,1.3333333333333330e+00,2.7838717702489689e+03,1.7814960680745723e-07,0.0000000000000000e+00,0.0000000000000000e+00,0.0000000000000000e+00,0.0000000000000000e+00,0.0000000000000000e+00,0.0000000000000000e+00,0.0000000000000000e+00,0.0000000000000000e+00,
9.0000000000000000e+00,2.1625000000000000e+02,1.5707963267948966e+00,3.1415926535897931e+00,5.0000000000000000e-01,3.1415926535897931e+00,6.2831853071795862e+00,0.0000000000000000e+00,1.0092611280758010e+00,2.1832253379891637e+02,2.1832253379891637e+02,1.0186080246806943e+00,4.7664749596731410e+04,4.7664749596731410e+04,4.8121524725749121e+04,9.9048524234822877e-01,0.0000000000000000e+00,0.0000000000000000e+00,0.0000000000000000e+00,1.0046198923308851e+00,0.0000000000000000e+00,0.0000000000000000e+00,0.0000000000000000e+00,0.0000000000000000e+00,0.0000000000000000e+00,0.0000000000000000e+00,2.3487889225650590e+07,-1.0251282670940312e+17,0.0000000000000000e+00,0.0000000000000000e+00,1.9462671007281354e+26,0.0000000000000000e+00,2.3277778689624172e+07,-4.0314597783904326e+04,0.0000000000000000e+00,0.0000000000000000e+00,3.9878613597778776e+24,0.0000000000000000e+00,1.3292871199259590e+24,0.0000000000000000e+00,0.0000000000000000e+00,0.0000000000000000e+00,1.7131618110061885e+17,0.0000000000000000e+00,0.0000000000000000e+00,0.0000000000000000e+00,0.0000000000000000e+00,0.0000000000000000e+00,0.0000000000000000e+00,0.0000000000000000e+00,1.3333333333333330e+00,2.7590066429894769e+03,1.5974004980280985e-07,0.0000000000000000e+00,0.0000000000000000e+00,0.0000000000000000e+00,0.0000000000000000e+00,0.0000000000000000e+00,0.0000000000000000e+00,0.0000000000000000e+00,0.0000000000000000e+00,
9.0000000000000000e+00,2.2425000000000000e+02,1.5707963267948966e+00,3.1415926535897931e+00,5.0000000000000000e-01,3.1415926535897931e+00,6.2831853071795862e+00,0.0000000000000000e+00,1.0089600976249786e+00,2.2632235084237840e+02,2.2632235084237840e+02,1.0180004786308228e+00,5.1221827323241756e+04,5.1221827323241756e+04,5.1695138720204493e+04,9.9082311854131389e-01,0.0000000000000000e+00,0.0000000000000000e+00,0.0000000000000000e+00,1.0044700580988934e+00,0.0000000000000000e+00,0.0000000000000000e+00,0.0000000000000000e+00,0.0000000000000000e+00,0.0000000000000000e+00,0.0000000000000000e+00,2.2363231608253121e+07,-9.5296452162086976e+16,0.0000000000000000e+00,0.0000000000000000e+00,1.7924935463342871e+26,0.0000000000000000e+00,2.2169733592853591e+07,-3.9598809995535776e+04,0.0000000000000000e+00,0.0000000000000000e+00,3.7367894815777480e+24,0.0000000000000000e+00,1.2455964938592492e+24,0.0000000000000000e+00,0.0000000000000000e+00,0.0000000000000000e+00,1.6855360051362186e+17,0.0000000000000000e+00,0.0000000000000000e+00,0.0000000000000000e+00,0.0000000000000000e+00,0.0000000000000000e+00,0.0000000000000000e+00,0.0000000000000000e+00,1.3333333333333330e+00,2.7366764872233643e+03,1.4471529134609862e-07,0.0000000000000000e+00,0.0000000000000000e+00,0.0000000000000000e+00,0.0000000000000000e+00,0.0000000000000000e+00,0.0000000000000000e+00,0.0000000000000000e+00,0.0000000000000000e+00,
1.0000000000000000e+01,2.3175000000000000e+02,1.5707963267948966e+00,3.1415926535897931e+00,5.0000000000000000e-01,3.1415926535897931e+00,6.2831853071795862e+00,0.0000000000000000e+00,1.0086598458534055e+00,2.3382219078671213e+02,2.3382219078671213e+02,1.0173946846644284e+00,5.4672837736776804e+04,5.4672837736776804e+04,5.5161652070821838e+04,9.9111878597082281e-01,0.0000000000000000e+00,0.0000000000000000e+00,0.0000000000000000e+00,1.0043205891778837e+00,0.0000000000000000e+00,0.0000000000000000e+00,0.0000000000000000e+00,0.0000000000000000e+00,0.0000000000000000e+00,0.0000000000000000e+00,2.1259491911094140e+07,-8.9201466848891392e+16,0.0000000000000000e+00,0.0000000000000000e+00,1.6465945390262398e+26,0.0000000000000000e+00,2.1081757699316461e+07,-3.8960782783875249e+04,0.0000000000000000e+00,0.0000000000000000e+00,3.4943018433231033e+24,0.0000000000000000e+00,1.1647672811077008e+24,0.0000000000000000e+00,0.0000000000000000e+00,0.0000000000000000e+00,1.6574997990774086e+17,0.0000000000000000e+00,0.0000000000000000e+00,0.0000000000000000e+00,0.0000000000000000e+00,0.0000000000000000e+00,0.0000000000000000e+00,0.0000000000000000e+00,1.3333333333333330e+00,2.7138265650063863e+03,1.3069491776953235e-07,0.0000000000000000e+00,0.0000000000000000e+00,0.0000000000000000e+00,0.0000000000000000e+00,0.0000000000000000e+00,0.0000000000000000e+00,0.0000000000000000e+00,0.0000000000000000e+00,
1.0000000000000000e+01,2.3975000000000000e+02,1.5707963267948966e+00,3.1415926535897931e+00,5.0000000000000000e-01,3.1415926535897931e+00,6.2831853071795862e+00,0.0000000000000000e+00,1.0083960786752666e+00,2.4182203109291842e+02,2.4182203109291842e+02,1.0168626515118764e+00,5.8477915554439620e+04,5.8477915554439620e+04,5.8983266533475660e+04,9.9141386267772380e-01,0.0000000000000000e+00,0.0000000000000000e+00,0.0000000000000000e+00,1.0041892643666639e+00,0.0000000000000000e+00,0.0000000000000000e+00,0.0000000000000000e+00,0.0000000000000000e+00,0.0000000000000000e+00,0.0000000000000000e+00,2.0304974925427210e+07,-8.3322907049505424e+16,0.0000000000000000e+00,0.0000000000000000e+00,1.5244883166338987e+26,0.0000000000000000e+00,2.0140435182212483e+07,-3.8312621683125384e+04,0.0000000000000000e+00,0.0000000000000000e+00,3.2878332998351903e+24,0.0000000000000000e+00,1.0959444332783965e+24,0.0000000000000000e+00,0.0000000000000000e+00,0.0000000000000000e+00,1.6324535436707030e+17,0.0000000000000000e+00,0.0000000000000000e+00,0.0000000000000000e+00,0.0000000000000000e+00,0.0000000000000000e+00,0.0000000000000000e+00,0.0000000000000000e+00,1.3333333333333333e+00,2.6932493863993891e+03,1.1914911049176853e-07,0.0000000000000000e+00,0.0000000000000000e+00,0.0000000000000000e+00,0.0000000000000000e+00,0.0000000000000000e+00,0.0000000000000000e+00,0.0000000000000000e+00,0.0000000000000000e+00,
1.1000000000000000e+01,2.4725000000000000e+02,1.5707963267948966e+00,3.1415926535897931e+00,5.0000000000000000e-01,3.1415926535897931e+00,6.2831853071795862e+00,0.0000000000000000e+00,1.0081318801366068e+00,2.4932189076105340e+02,2.4932189076105340e+02,1.0163298877690838e+00,6.2161426045249544e+04,6.2161426045249544e+04,6.2682280280915395e+04,9.9167322721311790e-01,0.0000000000000000e+00,0.0000000000000000e+00,0.0000000000000000e+00,1.0040577075702977e+00,0.0000000000000000e+00,0.0000000000000000e+00,0.0000000000000000e+00,0.0000000000000000e+00,0.0000000000000000e+00,0.0000000000000000e+00,1.9363306442177199e+07,-7.8324019991538528e+16,0.0000000000000000e+00,0.0000000000000000e+00,1.4077794797973375e+26,0.0000000000000000e+00,1.9211379005073141e+07,-3.7733034549456119e+04,0.0000000000000000e+00,0.0000000000000000e+00,3.0871853511955077e+24,0.0000000000000000e+00,1.0290617837318357e+24,0.0000000000000000e+00,0.0000000000000000e+00,0.0000000000000000e+00,1.6069562869601376e+17,0.0000000000000000e+00,0.0000000000000000e+00,0.0000000000000000e+00,0.0000000000000000e+00,0.0000000000000000e+00,0.0000000000000000e+00,0.0000000000000000e+00,1.3333333333333330e+00,2.6721387628360831e+03,1.0828445544961222e-07,0.0000000000000000e+00,0.0000000000000000e+00,0.0000000000000000e+00,0.0000000000000000e+00,0.0000000000000000e+00,0.0000000000000000e+00,0.0000000000000000e+00,0.0000000000000000e+00,
1.1000000000000000e+01,2.5525000000000000e+02,1.5707963267948966e+00,3.1415926535897931e+00,5.0000000000000000e-01,3.1415926535897931e+00,6.2831853071795862e+00,0.0000000000000000e+00,1.0078988619449134e+00,2.5732175015935496e+02,2.5732175015935496e+02,1.0158601159288259e+00,6.6214503937702670e+04,6.6214503937702670e+04,6.6751895127547366e+04,9.9193315064981169e-01,0.0000000000000000e+00,0.0000000000000000e+00,0.0000000000000000e+00,1.0039416626180064e+00,0.0000000000000000e+00,0.0000000000000000e+00,0.0000000000000000e+00,0.0000000000000000e+00,0.0000000000000000e+00,0.0000000000000000e+00,1.8544939531806417e+07,-7.3471988186255584e+16,0.0000000000000000e+00,0.0000000000000000e+00,1.3094246324475491e+26,0.0000000000000000e+00,1.8403641660742056e+07,-3.7142486115754029e+04,0.0000000000000000e+00,0.0000000000000000e+00,2.9153430947629983e+24,0.0000000000000000e+00,9.7178103158766600e+23,0.0000000000000000e+00,0.0000000000000000e+00,0.0000000000000000e+00,1.5841117227118557e+17,0.0000000000000000e+00,0.0000000000000000e+00,0.0000000000000000e+00,0.0000000000000000e+00,0.0000000000000000e+00,0.0000000000000000e+00,0.0000000000000000e+00,1.3333333333333330e+00,2.6530816477005555e+03,9.9266552954314488e-08,0.0000000000000000e+00,0.0000000000000000e+00,0.0000000000000000e+00,0.0000000000000000e+00,0.0000000000000000e+00,0.0000000000000000e+00,0.0000000000000000e+00,0.0000000000000000e+00,

28,61
1.2000000000000000e+01,4.7750000000000000e+01,1.5707963267948966e+00,3.1415926535897931e+00,5.0000000000000000e-01,3.1415926535897931e+00,6.2831853071795862e+00,0.0000000000000000e+00,1.0520230400660013e+00,4.9840597368150988e+01,4.9840597368150988e+01,1.1067525125222775e+00,2.4841059592916899e+03,2.4841059592916899e+03,2.5928201550930553e+03,9.5762137625105004e-01,0.0000000000000000e+00,0.0000000000000000e+00,0.0000000000000000e+00,1.0256817399098443e+00,0.0000000000000000e+00,0.0000000000000000e+00,0.0000000000000000e+00,0.0000000000000000e+00,0.0000000000000000e+00,0.0000000000000000e+00,2.1433491995117805e+10,-2.1756503327908669e+18,0.0000000000000000e+00,0.0000000000000000e+00,7.6172038423585711e+29,0.0000000000000000e+00,2.1433290273517418e+10,-1.2363896684798087e+03,0.0000000000000000e+00,0.0000000000000000e+00,7.6151997234820989e+29,0.0000000000000000e+00,2.5383999078273656e+29,0.0000000000000000e+00,0.0000000000000000e+00,0.0000000000000000e+00,3.5528328987645227e+19,0.0000000000000000e+00,0.0000000000000000e+00,0.0000000000000000e+00,0.0000000000000000e+00,0.0000000000000000e+00,0.0000000000000000e+00,0.0000000000000000e+00,1.3333333333333335e+00,3.8729463097349173e+04,9.2218472333263963e-05,0.0000000000000000e+00,0.0000000000000000e+00,0.0000000000000000e+00,0.0000000000000000e+00,0.0000000000000000e+00,0.0000000000000000e+00,0.0000000000000000e+00,0.0000000000000000e+00,
0.0000000000000000e+00,5.5750000000000000e+01,1.5707963267948966e+00,3.1415926535897931e+00,5.0000000000000000e-01,3.1415926535897931e+00,6.2831853071795862e+00,0.0000000000000000e+00,1.0433063670075349e+00,5.7837275712119343e+01,5.7837275712119343e+01,1.0884881925794521e+00,3.3451712804116551e+03,3.3451712804116551e+03,3.4703694679278765e+03,9.6359183640427415e-01,0.0000000000000000e+00,0.0000000000000000e+00,0.0000000000000000e+00,1.0214236941153703e+00,0.0000000000000000e+00,0.0000000000000000e+00,0.0000000000000000e+00,0.0000000000000000e+00,0.0000000000000000e+00,0.0000000000000000e+00,1.2275061143662813e+10,-1.5859632973849856e+18,0.0000000000000000e+00,0.0000000000000000e+00,3.6234230670978368e+29,0.0000000000000000e+00,1.2274887783412027e+10,-1.5272012591240223e+03,0.0000000000000000e+00,0.0000000000000000e+00,3.6217285619525087e+29,0.0000000000000000e+00,1.2072428539841696e+29,0.0000000000000000e+00,0.0000000000000000e+00,0.0000000000000000e+00,2.9504357822843789e+19,0.0000000000000000e+00,0.0000000000000000e+00,0.0000000000000000e+00,0.0000000000000000e+00,0.0000000000000000e+00,0.0000000000000000e+00,0.0000000000000000e+00,1.3333333333333335e+00,3.5444489444304025e+04,5.0195850131285121e-05,0.0000000000000000e+00,0.0000000000000000e+00,0.0000000000000000e+00,0.0000000000000000e+00,0.0000000000000000e+00,0.0000000000000000e+00,0.0000000000000000e+00,0.0000000000000000e+00,
0.0000000000000000e+00,6.3750000000000000e+01,1.5707963267948966e+00,3.1415926535897931e+00,5.0000000000000000e-01,3.1415926535897931e+00,6.2831853071795862e+00,0.0000000000000000e+00,1.0370913183428978e+00,6.5834786269306250e+01,6.5834786269306250e+01,1.0755584118066233e+00,4.3342399051952534e+03,4.3342399051952534e+03,4.4759361364925708e+03,9.6808775949162584e-01,0.0000000000000000e+00,0.0000000000000000e+00,0.0000000000000000e+00,1.0183768045862605e+00,0.0000000000000000e+00,0.0000000000000000e+00,0.0000000000000000e+00,0.0000000000000000e+00,0.0000000000000000e+00,0.0000000000000000e+00,7.6704819933935347e+09,-1.2071636470920138e+18,0.0000000000000000e+00,0.0000000000000000e+00,1.9362962344947224e+29,0.0000000000000000e+00,7.6703300312212753e+09,-1.8196211189124788e+03,0.0000000000000000e+00,0.0000000000000000e+00,1.9348282208082888e+29,0.0000000000000000e+00,6.4494274026942952e+28,0.0000000000000000e+00,0.0000000000000000e+00,0.0000000000000000e+00,2.5224317779074474e+19,0.0000000000000000e+00,0.0000000000000000e+00,0.0000000000000000e+00,0.0000000000000000e+00,0.0000000000000000e+00,0.0000000000000000e+00,0.0000000000000000e+00,1.3333333333333333e+00,3.2873089008858617e+04,3.1584177941899254e-05,0.0000000000000000e+00,0.0000000000000000e+00,0.0000000000000000e+00,0.0000000000000000e+00,0.0000000000000000e+00,0.0000000000000000e+00,0.0000000000000000e+00,0.0000000000000000e+00,
1.0000000000000000e+00,7.1750000000000000e+01,1.5707963267948966e+00,3.1415926535897931e+00,5.0000000000000000e-01,3.1415926535897931e+00,6.2831853071795862e+00,0.0000000000000000e+00,1.0324361726475060e+00,7.3832851096422061e+01,7.3832851096422061e+01,1.0659244559859096e+00,5.4513107254651241e+03,5.4513107254651241e+03,5.6095142952867227e+03,9.7159535782030415e-01,0.0000000000000000e+00,0.0000000000000000e+00,0.0000000000000000e+00,1.0160886631299366e+00,0.0000000000000000e+00,0.0000000000000000e+00,0.0000000000000000e+00,0.0000000000000000e+00,0.0000000000000000e+00,0.0000000000000000e+00,5.1069891757367697e+09,-9.4948533579019712e+17,0.0000000000000000e+00,0.0000000000000000e+00,1.1261424890124934e+29,0.0000000000000000e+00,5.1068538963874540e+09,-2.1135326844860506e+03,0.0000000000000000e+00,0.0000000000000000e+00,1.1248471679842203e+29,0.0000000000000000e+00,3.7494905599474001e+28,0.0000000000000000e+00,0.0000000000000000e+00,0.0000000000000000e+00,2.2025879477411701e+19,0.0000000000000000e+00,0.0000000000000000e+00,0.0000000000000000e+00,0.0000000000000000e+00,0.0000000000000000e+00,0.0000000000000000e+00,0.0000000000000000e+00,1.3333333333333335e+00,3.0788816815034148e+04,2.1153325865267850e-05,0.0000000000000000e+00,0.0000000000000000e+00,0.0000000000000000e+00,0.0000000000000000e+00,0.0000000000000000e+00,0.0000000000000000e+00,0.0000000000000000e+00,0.0000000000000000e+00,
1.0000000000000000e+00,7.9750000000000000e+01,1.5707963267948966e+00,3.1415926535897931e+00,5.0000000000000000e-01,3.1415926535897931e+00,6.2831853071795862e+00,0.0000000000000000e+00,1.0288191627983625e+00,8.1831303623381260e+01,8.1831303623381260e+01,1.0584688731031267e+00,6.6963830788337737e+03,6.6963830788337737e+03,6.8711004541793873e+03,9.7440824865688958e-01,0.0000000000000000e+00,0.0000000000000000e+00,0.0000000000000000e+00,1.0143072325392426e+00,0.0000000000000000e+00,0.0000000000000000e+00,0.0000000000000000e+00,0.0000000000000000e+00,0.0000000000000000e+00,0.0000000000000000e+00,3.5680266690186505e+09,-7.6629891852701811e+17,0.0000000000000000e+00,0.0000000000000000e+00,6.9849046503785424e+28,0.0000000000000000e+00,3.5679047384439392e+09,-2.4090176505032391e+03,0.0000000000000000e+00,0.0000000000000000e+00,6.9733102094202399e+28,0.0000000000000000e+00,2.3244367364734133e+28,0.0000000000000000e+00,0.0000000000000000e+00,0.0000000000000000e+00,1.9544310005507617e+19,0.0000000000000000e+00,0.0000000000000000e+00,0.0000000000000000e+00,0.0000000000000000e+00,0.0000000000000000e+00,0.0000000000000000e+00,0.0000000000000000e+00,1.3333333333333335e+00,2.9054413954030129e+04,1.4859510557913366e-05,0.0000000000000000e+00,0.0000000000000000e+00,0.0000000000000000e+00,0.0000000000000000e+00,0.0000000000000000e+00,0.0000000000000000e+00,0.0000000000000000e+00,0.0000000000000000e+00,
1.3000000000000000e+01,8.7750000000000000e+01,1.5707963267948966e+00,3.1415926535897931e+00,5.0000000000000000e-01,3.1415926535897931e+00,6.2831853071795862e+00,0.0000000000000000e+00,1.0259278699211147e+00,8.9830037947457527e+01,8.9830037947457527e+01,1.0525279964835317e+00,8.0694565450253758e+03,8.0694565450253758e+03,8.2606924065374606e+03,9.7671422325129698e-01,0.0000000000000000e+00,0.0000000000000000e+00,0.0000000000000000e+00,1.0128809749345544e+00,0.0000000000000000e+00,0.0000000000000000e+00,0.0000000000000000e+00,0.0000000000000000e+00,0.0000000000000000e+00,0.0000000000000000e+00,2.5888493868922701e+09,-6.3143152413332749e+17,0.0000000000000000e+00,0.0000000000000000e+00,4.5569393122586456e+28,0.0000000000000000e+00,2.5887383626125650e+09,-2.7062858212085184e+03,0.0000000000000000e+00,0.0000000000000000e+00,4.5464405520739496e+28,0.0000000000000000e+00,1.5154801840246495e+28,0.0000000000000000e+00,0.0000000000000000e+00,0.0000000000000000e+00,1.7562202730272977e+19,0.0000000000000000e+00,0.0000000000000000e+00,0.0000000000000000e+00,0.0000000000000000e+00,0.0000000000000000e+00,0.0000000000000000e+00,0.0000000000000000e+00,1.3333333333333335e+00,2.7581184274920801e+04,1.0839140589483469e-05,0.0000000000000000e+00,0.0000000000000000e+00,0.0000000000000000e+00,0.0000000000000000e+00,0.0000000000000000e+00,0.0000000000000000e+00,0.0000000000000000e+00,0.0000000000000000e+00,
2.0000000000000000e+00,9.5750000000000000e+01,1.5707963267948966e+00,3.1415926535897931e+00,5.0000000000000000e-01,3.1415926535897931e+00,6.2831853071795862e+00,0.0000000000000000e+00,1.0235638024339599e+00,9.7828983518092258e+01,9.7828983518092258e+01,1.0476828591557443e+00,9.5705308445186347e+03,9.5705308445186347e+03,9.7782886889067322e+03,9.7863898335416544e-01,0.0000000000000000e+00,0.0000000000000000e+00,0.0000000000000000e+00,1.0117133003311474e+00,0.0000000000000000e+00,0.0000000000000000e+00,0.0000000000000000e+00,0.0000000000000000e+00,0.0000000000000000e+00,0.0000000000000000e+00,1.9363960118807001e+09,-5.2927140606880550e+17,0.0000000000000000e+00,0.0000000000000000e+00,3.0964455294275174e+28,0.0000000000000000e+00,1.9362940511359236e+09,-3.0056448447870703e+03,0.0000000000000000e+00,0.0000000000000000e+00,3.0868478066597995e+28,0.0000000000000000e+00,1.0289492688865995e+28,0.0000000000000000e+00,0.0000000000000000e+00,0.0000000000000000e+00,1.5941907588584278e+19,0.0000000000000000e+00,0.0000000000000000e+00,0.0000000000000000e+00,0.0000000000000000e+00,0.0000000000000000e+00,0.0000000000000000e+00,0.0000000000000000e+00,1.3333333333333335e+00,2.6308913127894062e+04,8.1518006674930626e-06,0.0000000000000000e+00,0.0000000000000000e+00,0.0000000000000000e+00,0.0000000000000000e+00,0.0000000000000000e+00,0.0000000000000000e+00,0.0000000000000000e+00,0.0000000000000000e+00,
2.0000000000000000e+00,1.0375000000000000e+02,1.5707963267948966e+00,3.1415926535897931e+00,5.0000000000000000e-01,3.1415926535897931e+00,6.2831853071795862e+00,0.0000000000000000e+00,1.0215948049666876e+00,1.0582809152157238e+02,1.0582809152157238e+02,1.0436559465948745e+00,1.1199605784174157e+04,1.1199605784174157e+04,1.1423888292443480e+04,9.8026984290500385e-01,0.0000000000000000e+00,0.0000000000000000e+00,0.0000000000000000e+00,1.0107397314379720e+00,0.0000000000000000e+00,0.0000000000000000e+00,0.0000000000000000e+00,0.0000000000000000e+00,0.0000000000000000e+00,0.0000000000000000e+00,1.4849916758791466e+09,-4.5003807656826010e+17,0.0000000000000000e+00,0.0000000000000000e+00,2.1756257688834603e+28,0.0000000000000000e+00,1.4848973534393594e+09,-3.3074883095835212e+03,0.0000000000000000e+00,0.0000000000000000e+00,2.1667809117608995e+28,0.0000000000000000e+00,7.2226030392029982e+27,0.0000000000000000e+00,0.0000000000000000e+00,0.0000000000000000e+00,1.4592023406807359e+19,0.0000000000000000e+00,0.0000000000000000e+00,0.0000000000000000e+00,0.0000000000000000e+00,0.0000000000000000e+00,0.0000000000000000e+00,0.0000000000000000e+00,1.3333333333333335e+00,2.5195081940029027e+04,6.2878385864954535e-06,0.0000000000000000e+00,0.0000000000000000e+00,0.0000000000000000e+00,0.0000000000000000e+00,0.0000000000000000e+00,0.0000000000000000e+00,0.0000000000000000e+00,0.0000000000000000e+00,
3.0000000000000000e+00,1.1175000000000000e+02,1.5707963267948966e+00,3.1415926535897931e+00,5.0000000000000000e-01,3.1415926535897931e+00,6.2831853071795862e+00,0.0000000000000000e+00,1.0199294837108770e+00,1.1382732710819313e+02,1.1382732710819313e+02,1.0402561525116460e+00,1.2956681226258728e+04,1.2956681226258728e+04,1.3197490499112104e+04,9.8166934255952487e-01,0.0000000000000000e+00,0.0000000000000000e+00,0.0000000000000000e+00,1.0099155823742927e+00,0.0000000000000000e+00,0.0000000000000000e+00,0.0000000000000000e+00,0.0000000000000000e+00,0.0000000000000000e+00,0.0000000000000000e+00,1.1627810473357036e+09,-3.8735124671336429e+17,0.0000000000000000e+00,0.0000000000000000e+00,1.5719779376968188e+28,0.0000000000000000e+00,1.1626932371753452e+09,-3.6122938070578475e+03,0.0000000000000000e+00,0.0000000000000000e+00,1.5637704122024098e+28,0.0000000000000000e+00,5.2125680406746987e+27,0.0000000000000000e+00,0.0000000000000000e+00,0.0000000000000000e+00,1.3449472011651469e+19,0.0000000000000000e+00,0.0000000000000000e+00,0.0000000000000000e+00,0.0000000000000000e+00,0.0000000000000000e+00,0.0000000000000000e+00,0.0000000000000000e+00,1.3333333333333335e+00,2.4208686205011651e+04,4.9546590840538734e-06,0.0000000000000000e+00,0.0000000000000000e+00,0.0000000000000000e+00,0.0000000000000000e+00,0.0000000000000000e+00,0.0000000000000000e+00,0.0000000000000000e+00,0.0000000000000000e+00,
3.0000000000000000e+00,1.1975000000000000e+02,1.5707963267948966e+00,3.1415926535897931e+00,5.0000000000000000e-01,3.1415926535897931e+00,6.2831853071795862e+00,0.0000000000000000e+00,1.0185026163281008e+00,1.2182666473219264e+02,1.2182666473219264e+02,1.0373475800384369e+00,1.4841757069906831e+04,1.4841757069906831e+04,1.5099094783945451e+04,9.8288345379778908e-01,0.0000000000000000e+00,0.0000000000000000e+00,0.0000000000000000e+00,1.0092089061179970e+00,0.0000000000000000e+00,0.0000000000000000e+00,0.0000000000000000e+00,0.0000000000000000e+00,0.0000000000000000e+00,0.0000000000000000e+00,9.2664781900140750e+08,-3.3690499944743328e+17,0.0000000000000000e+00,0.0000000000000000e+00,1.1630314034490437e+28,0.0000000000000000e+00,9.2656561479091382e+08,-3.9206275977435148e+03,0.0000000000000000e+00,0.0000000000000000e+00,1.1553692482772973e+28,0.0000000000000000e+00,3.8512308275909905e+27,0.0000000000000000e+00,0.0000000000000000e+00,0.0000000000000000e+00,1.2469308282273391e+19,0.0000000000000000e+00,0.0000000000000000e+00,0.0000000000000000e+00,0.0000000000000000e+00,0.0000000000000000e+00,0.0000000000000000e+00,0.0000000000000000e+00,1.3333333333333335e+00,2.3326500983700262e+04,3.9760932091895805e-06,0.0000000000000000e+00,0.0000000000000000e+00,0.0000000000000000e+00,0.0000000000000000e+00,0.0000000000000000e+00,0.0000000000000000e+00,0.0000000000000000e+00,0.0000000000000000e+00,
4.0000000000000000e+00,1.2775000000000000e+02,1.5707963267948966e+00,3.1415926535897931e+00,5.0000000000000000e-01,3.1415926535897931e+00,6.2831853071795862e+00,0.0000000000000000e+00,1.0172664099074351e+00,1.2982608524111910e+02,1.2982608524111910e+02,1.0348309491591769e+00,1.6854833239558629e+04,1.6854833239558629e+04,1.7128700754241567e+04,9.8394672524198867e-01,0.0000000000000000e+00,0.0000000000000000e+00,0.0000000000000000e+00,1.0085962570825702e+00,0.0000000000000000e+00,0.0000000000000000e+00,0.0000000000000000e+00,0.0000000000000000e+00,0.0000000000000000e+00,0.0000000000000000e+00,7.4965014412926781e+08,-2.9570812425469376e+17,0.0000000000000000e+00,0.0000000000000000e+00,8.7809636694107921e+27,0.0000000000000000e+00,7.4957280419131327e+08,-4.2331547552605689e+03,0.0000000000000000e+00,0.0000000000000000e+00,8.7090504767092029e+27,0.0000000000000000e+00,2.9030168255697334e+27,0.0000000000000000e+00,0.0000000000000000e+00,0.0000000000000000e+00,1.1618632157891693e+19,0.0000000000000000e+00,0.0000000000000000e+00,0.0000000000000000e+00,0.0000000000000000e+00,0.0000000000000000e+00,0.0000000000000000e+00,0.0000000000000000e+00,1.3333333333333335e+00,2.2530724735240048e+04,3.2417475137760792e-06,0.0000000000000000e+00,0.0000000000000000e+00,0.0000000000000000e+00,0.0000000000000000e+00,0.0000000000000000e+00,0.0000000000000000e+00,0.0000000000000000e+00,0.0000000000000000e+00,
4.0000000000000000e+00,1.3575000000000000e+02,1.5707963267948966e+00,3.1415926535897931e+00,5.0000000000000000e-01,3.1415926535897931e+00,6.2831853071795862e+00,0.0000000000000000e+00,1.0161850435542201e+00,1.3782557399353325e+02,1.3782557399353325e+02,1.0326320430777587e+00,1.8995909677492327e+04,1.8995909677492327e+04,1.9286308110377329e+04,9.8488562304826566e-01,0.0000000000000000e+00,0.0000000000000000e+00,0.0000000000000000e+00,1.0080600396166568e+00,0.0000000000000000e+00,0.0000000000000000e+00,0.0000000000000000e+00,0.0000000000000000e+00,0.0000000000000000e+00,0.0000000000000000e+00,6.1436160304913151e+08,-2.6163026611619091e+17,0.0000000000000000e+00,0.0000000000000000e+00,6.7468799764585687e+27,0.0000000000000000e+00,6.1428851122965145e+08,-4.5506548844273220e+03,0.0000000000000000e+00,0.0000000000000000e+00,6.6790611476241037e+27,0.0000000000000000e+00,2.2263537158747004e+27,0.0000000000000000e+00,0.0000000000000000e+00,0.0000000000000000e+00,1.0872796712780765e+19,0.0000000000000000e+00,0.0000000000000000e+00,0.0000000000000000e+00,0.0000000000000000e+00,0.0000000000000000e+00,0.0000000000000000e+00,0.0000000000000000e+00,1.3333333333333337e+00,2.1807437131215196e+04,2.6800489014230201e-06,0.0000000000000000e+00,0.0000000000000000e+00,0.0000000000000000e+00,0.0000000000000000e+00,0.0000000000000000e+00,0.0000000000000000e+00,0.0000000000000000e+00,0.0000000000000000e+00,
1.4000000000000000e+01,1.4375000000000000e+02,1.5707963267948966e+00,3.1415926535897931e+00,5.0000000000000000e-01,3.1415926535897931e+00,6.2831853071795862e+00,0.0000000000000000e+00,1.0152311406624528e+00,1.4582511960474824e+02,1.4582511960474824e+02,1.0306942692331031e+00,2.1264986338853574e+04,2.1264986338853574e+04,2.1571916619774278e+04,9.8572076386972707e-01,0.0000000000000000e+00,0.0000000000000000e+00,0.0000000000000000e+00,1.0075867906031011e+00,0.0000000000000000e+00,0.0000000000000000e+00,0.0000000000000000e+00,0.0000000000000000e+00,0.0000000000000000e+00,0.0000000000000000e+00,5.0916975461635786e+08,-2.3312087490504752e+17,0.0000000000000000e+00,0.0000000000000000e+00,5.2636792017094971e+27,0.0000000000000000e+00,5.0910039178864437e+08,-4.8740444077449565e+03,0.0000000000000000e+00,0.0000000000000000e+00,5.1994413106853857e+27,0.0000000000000000e+00,1.7331471035617949e+27,0.0000000000000000e+00,0.0000000000000000e+00,0.0000000000000000e+00,1.0212961058924143e+19,0.0000000000000000e+00,0.0000000000000000e+00,0.0000000000000000e+00,0.0000000000000000e+00,0.0000000000000000e+00,0.0000000000000000e+00,0.0000000000000000e+00,1.3333333333333335e+00,2.1145557052613352e+04,2.2432117042123902e-06,0.0000000000000000e+00,0.0000000000000000e+00,0.0000000000000000e+00,0.0000000000000000e+00,0.0000000000000000e+00,0.0000000000000000e+00,0.0000000000000000e+00,0.0000000000000000e+00,
5.0000000000000000e+00,1.5175000000000000e+02,1.5707963267948966e+00,3.1415926535897931e+00,5.0000000000000000e-01,3.1415926535897931e+00,6.2831853071795862e+00,0.0000000000000000e+00,1.0143834191458405e+00,1.5382471308901285e+02,1.5382471308901285e+02,1.0289737212466219e+00,2.3662063188259213e+04,2.3662063188259213e+04,2.3985526099139643e+04,9.8646844629485053e-01,0.0000000000000000e+00,0.0000000000000000e+00,0.0000000000000000e+00,1.0071660335289441e+00,0.0000000000000000e+00,0.0000000000000000e+00,0.0000000000000000e+00,0.0000000000000000e+00,0.0000000000000000e+00,0.0000000000000000e+00,4.2613279084683186e+08,-2.0902965806782704e+17,0.0000000000000000e+00,0.0000000000000000e+00,4.1617686471009060e+27,0.0000000000000000e+00,4.2606671366531658e+08,-5.2044073381989447e+03,0.0000000000000000e+00,0.0000000000000000e+00,4.1006762084651949e+27,0.0000000000000000e+00,1.3668920694883980e+27,0.0000000000000000e+00,0.0000000000000000e+00,0.0000000000000000e+00,9.6244617771325788e+18,0.0000000000000000e+00,0.0000000000000000e+00,0.0000000000000000e+00,0.0000000000000000e+00,0.0000000000000000e+00,0.0000000000000000e+00,0.0000000000000000e+00,1.3333333333333335e+00,2.0536118339543726e+04,1.8985125144353641e-06,0.0000000000000000e+00,0.0000000000000000e+00,0.0000000000000000e+00,0.0000000000000000e+00,0.0000000000000000e+00,0.0000000000000000e+00,0.0000000000000000e+00,0.0000000000000000e+00,
5.0000000000000000e+00,1.5975000000000000e+02,1.5707963267948966e+00,3.1415926535897931e+00,5.0000000000000000e-01,3.1415926535897931e+00,6.2831853071795862e+00,0.0000000000000000e+00,1.0136250849311776e+00,1.6182434725926214e+02,1.6182434725926214e+02,1.0274358129697168e+00,2.6187140197422690e+04,2.6187140197422690e+04,2.6527136402068008e+04,9.8714172509644948e-01,0.0000000000000000e+00,0.0000000000000000e+00,0.0000000000000000e+00,1.0067894938316286e+00,0.0000000000000000e+00,0.0000000000000000e+00,0.0000000000000000e+00,0.0000000000000000e+00,0.0000000000000000e+00,0.0000000000000000e+00,3.5969356118077451e+08,-1.8848870439553914e+17,0.0000000000000000e+00,0.0000000000000000e+00,3.3294210993384929e+27,0.0000000000000000e+00,3.5963038586617661e+08,-5.5430376730295311e+03,0.0000000000000000e+00,0.0000000000000000e+00,3.2710995182553035e+27,0.0000000000000000e+00,1.0903665060851009e+27,0.0000000000000000e+00,0.0000000000000000e+00,0.0000000000000000e+00,9.0956991128906762e+18,0.0000000000000000e+00,0.0000000000000000e+00,0.0000000000000000e+00,0.0000000000000000e+00,0.0000000000000000e+00,0.0000000000000000e+00,0.0000000000000000e+00,1.3333333333333335e+00,1.9971752982713682e+04,1.6230432002565423e-06,0.0000000000000000e+00,0.0000000000000000e+00,0.0000000000000000e+00,0.0000000000000000e+00,0.0000000000000000e+00,0.0000000000000000e+00,0.0000000000000000e+00,0.0000000000000000e+00,
6.0000000000000000e+00,1.6775000000000000e+02,1.5707963267948966e+00,3.1415926535897931e+00,5.0000000000000000e-01,3.1415926535897931e+00,6.2831853071795862e+00,0.0000000000000000e+00,1.0129427081652937e+00,1.6982401629850921e+02,1.6982401629850921e+02,1.0260529301620132e+00,2.8840217343459957e+04,2.8840217343459957e+04,2.9196747410206641e+04,9.8775117997912321e-01,0.0000000000000000e+00,0.0000000000000000e+00,0.0000000000000000e+00,1.0064505492728082e+00,0.0000000000000000e+00,0.0000000000000000e+00,0.0000000000000000e+00,0.0000000000000000e+00,0.0000000000000000e+00,0.0000000000000000e+00,3.0588358917122233e+08,-1.7083320638899334e+17,0.0000000000000000e+00,0.0000000000000000e+00,2.6912702865839432e+27,0.0000000000000000e+00,3.0582297880384481e+08,-5.8914983802874995e+03,0.0000000000000000e+00,0.0000000000000000e+00,2.6353926667808025e+27,0.0000000000000000e+00,8.7846422226026727e+26,0.0000000000000000e+00,0.0000000000000000e+00,0.0000000000000000e+00,8.6173559530773053e+18,0.0000000000000000e+00,0.0000000000000000e+00,0.0000000000000000e+00,0.0000000000000000e+00,0.0000000000000000e+00,0.0000000000000000e+00,0.0000000000000000e+00,1.3333333333333335e+00,1.9446312549371003e+04,1.4004542247619954e-06,0.0000000000000000e+00,0.0000000000000000e+00,0.0000000000000000e+00,0.0000000000000000e+00,0.0000000000000000e+00,0.0000000000000000e+00,0.0000000000000000e+00,0.0000000000000000e+00,
6.0000000000000000e+00,1.7575000000000000e+02,1.5707963267948966e+00,3.1415926535897931e+00,5.0000000000000000e-01,3.1415926535897931e+00,6.2831853071795862e+00,0.0000000000000000e+00,1.0123254209904218e+00,1.7782371544822084e+02,1.7782371544822084e+02,1.0248027580959234e+00,3.1621294607658361e+04,3.1621294607658361e+04,3.1994359026843584e+04,9.8830547559876492e-01,0.0000000000000000e+00,0.0000000000000000e+00,0.0000000000000000e+00,1.0061438371140787e+00,0.0000000000000000e+00,0.0000000000000000e+00,0.0000000000000000e+00,0.0000000000000000e+00,0.0000000000000000e+00,0.0000000000000000e+00,2.6181658228700927e+08,-1.5554698428011642e+17,0.0000000000000000e+00,0.0000000000000000e+00,2.1953919614838666e+27,0.0000000000000000e+00,2.6175823652219024e+08,-6.2517049439639914e+03,0.0000000000000000e+00,0.0000000000000000e+00,2.1416685709939880e+27,0.0000000000000000e+00,7.1388952366466262e+26,0.0000000000000000e+00,0.0000000000000000e+00,0.0000000000000000e+00,8.1818367399023667e+18,0.0000000000000000e+00,0.0000000000000000e+00,0.0000000000000000e+00,0.0000000000000000e+00,0.0000000000000000e+00,0.0000000000000000e+00,0.0000000000000000e+00,1.3333333333333335e+00,1.8954582700066476e+04,8.4567408858183291e-01,0.0000000000000000e+00,0.0000000000000000e+00,0.0000000000000000e+00,0.0000000000000000e+00,0.0000000000000000e+00,0.0000000000000000e+00,0.0000000000000000e+00,0.0000000000000000e+00,
7.0000000000000000e+00,1.8375000000000000e+02,1.5707963267948966e+00,3.1415926535897931e+00,5.0000000000000000e-01,3.1415926535897931e+00,6.2831853071795862e+00,0.0000000000000000e+00,1.0117643344242231e+00,1.8582344077804800e+02,1.8582344077804800e+02,1.0236670685062537e+00,3.4530371974567657e+04,3.4530371974567657e+04,3.4919971172177749e+04,9.8881177611027149e-01,0.0000000000000000e+00,0.0000000000000000e+00,0.0000000000000000e+00,1.0058649682741487e+00,0.0000000000000000e+00,0.0000000000000000e+00,0.0000000000000000e+00,0.0000000000000000e+00,0.0000000000000000e+00,0.0000000000000000e+00,3.3500894006110530e+07,-1.4222432481170019e+17,0.0000000000000000e+00,0.0000000000000000e+00,3.5313459409503412e+26,0.0000000000000000e+00,3.3119686225176957e+07,-4.3673047241594475e+04,0.0000000000000000e+00,0.0000000000000000e+00,6.3816504097734877e+24,0.0000000000000000e+00,2.1272168032578294e+24,0.0000000000000000e+00,0.0000000000000000e+00,0.0000000000000000e+00,1.9268441305175446e+17,0.0000000000000000e+00,0.0000000000000000e+00,0.0000000000000000e+00,0.0000000000000000e+00,0.0000000000000000e+00,0.0000000000000000e+00,0.0000000000000000e+00,1.3333333333333335e+00,2.9259706188418086e+03,3.2645165402465420e-07,0.0000000000000000e+00,0.0000000000000000e+00,0.0000000000000000e+00,0.0000000000000000e+00,0.0000000000000000e+00,0.0000000000000000e+00,0.0000000000000000e+00,0.0000000000000000e+00,
7.0000000000000000e+00,1.9175000000000000e+02,1.5707963267948966e+00,3.1415926535897931e+00,5.0000000000000000e-01,3.1415926535897931e+00,6.2831853071795862e+00,0.0000000000000000e+00,1.0112521075688203e+00,1.9382318901316435e+02,1.9382318901316435e+02,1.0226308251405141e+00,3.7567449431318717e+04,3.7567449431318717e+04,3.7973583779777473e+04,9.8927605650004713e-01,0.0000000000000000e+00,0.0000000000000000e+00,0.0000000000000000e+00,1.0056103159522101e+00,0.0000000000000000e+00,0.0000000000000000e+00,0.0000000000000000e+00,0.0000000000000000e+00,0.0000000000000000e+00,0.0000000000000000e+00,3.1359749213471349e+07,-1.3054278058471346e+17,0.0000000000000000e+00,0.0000000000000000e+00,3.1608592116296558e+26,0.0000000000000000e+00,3.1018508534059055e+07,-4.2770183022818506e+04,0.0000000000000000e+00,0.0000000000000000e+00,5.8476216036229457e+24,0.0000000000000000e+00,1.9492072012076477e+24,0.0000000000000000e+00,0.0000000000000000e+00,0.0000000000000000e+00,1.8852031483798410e+17,0.0000000000000000e+00,0.0000000000000000e+00,0.0000000000000000e+00,0.0000000000000000e+00,0.0000000000000000e+00,0.0000000000000000e+00,0.0000000000000000e+00,1.3333333333333335e+00,2.8941903333407336e+03,2.8581746927484364e-07,0.0000000000000000e+00,0.0000000000000000e+00,0.0000000000000000e+00,0.0000000000000000e+00,0.0000000000000000e+00,0.0000000000000000e+00,0.0000000000000000e+00,0.0000000000000000e+00,
1.5000000000000000e+01,1.9975000000000000e+02,1.5707963267948966e+00,3.1415926535897931e+00,5.0000000000000000e-01,3.1415926535897931e+00,6.2831853071795862e+00,0.0000000000000000e+00,1.0107826246608722e+00,2.0182295740307239e+02,2.0182295740307239e+02,1.0216815143822087e+00,4.0732526967106132e+04,4.0732526967106132e+04,4.1155196793893279e+04,9.8970333949063372e-01,0.0000000000000000e+00,0.0000000000000000e+00,0.0000000000000000e+00,1.0053768570265460e+00,0.0000000000000000e+00,0.0000000000000000e+00,0.0000000000000000e+00,0.0000000000000000e+00,0.0000000000000000e+00,0.0000000000000000e+00,2.9437870558477752e+07,-1.2024347442849578e+17,0.0000000000000000e+00,0.0000000000000000e+00,2.8426135918190862e+26,0.0000000000000000e+00,2.9130973211583648e+07,-4.1920383289006415e+04,0.0000000000000000e+00,0.0000000000000000e+00,5.3780482499507006e+24,0.0000000000000000e+00,1.7926827499835667e+24,0.0000000000000000e+00,0.0000000000000000e+00,0.0000000000000000e+00,1.8461607874615616e+17,0.0000000000000000e+00,0.0000000000000000e+00,0.0000000000000000e+00,0.0000000000000000e+00,0.0000000000000000e+00,0.0000000000000000e+00,0.0000000000000000e+00,1.3333333333333335e+00,2.8640726470260383e+03,2.5165558648257404e-07,0.0000000000000000e+00,0.0000000000000000e+00,0.0000000000000000e+00,0.0000000000000000e+00,0.0000000000000000e+00,0.0000000000000000e+00,0.0000000000000000e+00,0.0000000000000000e+00,
8.0000000000000000e+00,2.0775000000000000e+02,1.5707963267948966e+00,3.1415926535897931e+00,5.0000000000000000e-01,3.1415926535897931e+00,6.2831853071795862e+00,0.0000000000000000e+00,1.0103507497288442e+00,2.0982274362070459e+02,2.0982274362070459e+02,1.0208086375335865e+00,4.4025604572790478e+04,4.4025604572790478e+04,4.4464810167393705e+04,9.9009787798044413e-01,0.0000000000000000e+00,0.0000000000000000e+00,0.0000000000000000e+00,1.0051620514698116e+00,0.0000000000000000e+00,0.0000000000000000e+00,0.0000000000000000e+00,0.0000000000000000e+00,0.0000000000000000e+00,0.0000000000000000e+00,2.7705041218485858e+07,-1.1111663225177478e+17,0.0000000000000000e+00,0.0000000000000000e+00,2.5675045331688233e+26,0.0000000000000000e+00,2.7427840949016985e+07,-4.1118648391676325e+04,0.0000000000000000e+00,0.0000000000000000e+00,4.9629533126212045e+24,0.0000000000000000e+00,1.6543177708737340e+24,0.0000000000000000e+00,0.0000000000000000e+00,0.0000000000000000e+00,1.8094575670850202e+17,0.0000000000000000e+00,0.0000000000000000e+00,0.0000000000000000e+00,0.0000000000000000e+00,0.0000000000000000e+00,0.0000000000000000e+00,0.0000000000000000e+00,1.3333333333333335e+00,2.8354673620430503e+03,2.2272743072138266e-07,0.0000000000000000e+00,0.0000000000000000e+00,0.0000000000000000e+00,0.0000000000000000e+00,0.0000000000000000e+00,0.0000000000000000e+00,0.0000000000000000e+00,0.0000000000000000e+00,
8.0000000000000000e+00,2.1575000000000000e+02,1.5707963267948966e+00,3.1415926535897931e+00,5.0000000000000000e-01,3.1415926535897931e+00,6.2831853071795862e+00,0.0000000000000000e+00,1.0099521379376388e+00,2.1782254568396087e+02,2.1782254568396087e+02,1.0200033209726231e+00,4.7446682240589114e+04,4.7446682240589114e+04,4.7902423860162038e+04,9.9046329708802328e-01,0.0000000000000000e+00,0.0000000000000000e+00,0.0000000000000000e+00,1.0049637495580637e+00,0.0000000000000000e+00,0.0000000000000000e+00,0.0000000000000000e+00,0.0000000000000000e+00,0.0000000000000000e+00,0.0000000000000000e+00,2.6136196659889400e+07,-1.0299081624579723e+17,0.0000000000000000e+00,0.0000000000000000e+00,2.3282944263878501e+26,0.0000000000000000e+00,2.5884824857216109e+07,-4.0360613931464599e+04,0.0000000000000000e+00,0.0000000000000000e+00,4.5942186388736435e+24,0.0000000000000000e+00,1.5314062129578810e+24,0.0000000000000000e+00,0.0000000000000000e+00,0.0000000000000000e+00,1.7748688880209821e+17,0.0000000000000000e+00,0.0000000000000000e+00,0.0000000000000000e+00,0.0000000000000000e+00,0.0000000000000000e+00,0.0000000000000000e+00,0.0000000000000000e+00,1.3333333333333335e+00,2.8082431222476266e+03,1.9806835921207625e-07,0.0000000000000000e+00,0.0000000000000000e+00,0.0000000000000000e+00,0.0000000000000000e+00,0.0000000000000000e+00,0.0000000000000000e+00,0.0000000000000000e+00,0.0000000000000000e+00,
9.0000000000000000e+00,2.2375000000000000e+02,1.5707963267948966e+00,3.1415926535897931e+00,5.0000000000000000e-01,3.1415926535897931e+00,6.2831853071795862e+00,0.0000000000000000e+00,1.0095830889064985e+00,2.2582236189407044e+02,2.2582236189407044e+02,1.0192580134470948e+00,5.0995759963833567e+04,5.0995759963833567e+04,5.1468037837838245e+04,9.9080270586447139e-01,0.0000000000000000e+00,0.0000000000000000e+00,0.0000000000000000e+00,1.0047801196761006e+00,0.0000000000000000e+00,0.0000000000000000e+00,0.0000000000000000e+00,0.0000000000000000e+00,0.0000000000000000e+00,0.0000000000000000e+00,2.4710389980917517e+07,-9.5724815006329936e+16,0.0000000000000000e+00,0.0000000000000000e+00,2.1191764684608449e+26,0.0000000000000000e+00,2.4481602364414889e+07,-3.9642450609243147e+04,0.0000000000000000e+00,0.0000000000000000e+00,4.2651842556648098e+24,0.0000000000000000e+00,1.4217280852216027e+24,0.0000000000000000e+00,0.0000000000000000e+00,0.0000000000000000e+00,1.7421992266574042e+17,0.0000000000000000e+00,0.0000000000000000e+00,0.0000000000000000e+00,0.0000000000000000e+00,0.0000000000000000e+00,0.0000000000000000e+00,0.0000000000000000e+00,1.3333333333333335e+00,2.7822844372265226e+03,1.7691849693366062e-07,0.0000000000000000e+00,0.0000000000000000e+00,0.0000000000000000e+00,0.0000000000000000e+00,0.0000000000000000e+00,0.0000000000000000e+00,0.0000000000000000e+00,0.0000000000000000e+00,
9.0000000000000000e+00,2.3125000000000000e+02,1.5707963267948966e+00,3.1415926535897931e+00,5.0000000000000000e-01,3.1415926535897931e+00,6.2831853071795862e+00,0.0000000000000000e+00,1.0092404314948933e+00,2.3332220113425564e+02,2.3332220113425564e+02,1.0185662485995344e+00,5.4439270374609529e+04,5.4439270374609529e+04,5.4927051174283661e+04,9.9109966881513967e-01,0.0000000000000000e+00,0.0000000000000000e+00,0.0000000000000000e+00,1.0046095915757975e+00,0.0000000000000000e+00,0.0000000000000000e+00,0.0000000000000000e+00,0.0000000000000000e+00,0.0000000000000000e+00,0.0000000000000000e+00,2.3409994168776799e+07,-8.9589355556182128e+16,0.0000000000000000e+00,0.0000000000000000e+00,1.9354519992150528e+26,0.0000000000000000e+00,2.3201051939719800e+07,-3.9002376143529182e+04,0.0000000000000000e+00,0.0000000000000000e+00,3.9703449409659311e+24,0.0000000000000000e+00,1.3234483136553096e+24,0.0000000000000000e+00,0.0000000000000000e+00,0.0000000000000000e+00,1.7112774678328803e+17,0.0000000000000000e+00,0.0000000000000000e+00,0.0000000000000000e+00,0.0000000000000000e+00,0.0000000000000000e+00,0.0000000000000000e+00,0.0000000000000000e+00,1.3333333333333335e+00,2.7574892659100046e+03,1.5867561647101479e-07,0.0000000000000000e+00,0.0000000000000000e+00,0.0000000000000000e+00,0.0000000000000000e+00,0.0000000000000000e+00,0.0000000000000000e+00,0.0000000000000000e+00,0.0000000000000000e+00,
1.0000000000000000e+01,2.3925000000000000e+02,1.5707963267948966e+00,3.1415926535897931e+00,5.0000000000000000e-01,3.1415926535897931e+00,6.2831853071795862e+00,0.0000000000000000e+00,1.0089407232360632e+00,2.4132204076105157e+02,2.4132204076105157e+02,1.0179613830352559e+00,5.8236348189610493e+04,5.8236348189610493e+04,5.8740665623268469e+04,9.9139599602416895e-01,0.0000000000000000e+00,0.0000000000000000e+00,0.0000000000000000e+00,1.0044604139677911e+00,0.0000000000000000e+00,0.0000000000000000e+00,0.0000000000000000e+00,0.0000000000000000e+00,0.0000000000000000e+00,0.0000000000000000e+00,2.2291464117317759e+07,-8.3673052378029184e+16,0.0000000000000000e+00,0.0000000000000000e+00,1.7828550351364232e+26,0.0000000000000000e+00,2.2099007444211002e+07,-3.8352201909003830e+04,0.0000000000000000e+00,0.0000000000000000e+00,3.7209030687026326e+24,0.0000000000000000e+00,1.2403010229008772e+24,0.0000000000000000e+00,0.0000000000000000e+00,0.0000000000000000e+00,1.6837416906917104e+17,0.0000000000000000e+00,0.0000000000000000e+00,0.0000000000000000e+00,0.0000000000000000e+00,0.0000000000000000e+00,0.0000000000000000e+00,0.0000000000000000e+00,1.3333333333333335e+00,2.7352198175703033e+03,1.4378187900174533e-07,0.0000000000000000e+00,0.0000000000000000e+00,0.0000000000000000e+00,0.0000000000000000e+00,0.0000000000000000e+00,0.0000000000000000e+00,0.0000000000000000e+00,0.0000000000000000e+00,
1.0000000000000000e+01,2.4675000000000000e+02,1.5707963267948966e+00,3.1415926535897931e+00,5.0000000000000000e-01,3.1415926535897931e+00,6.2831853071795862e+00,0.0000000000000000e+00,1.0086417468578286e+00,2.4882189985123208e+02,2.4882189985123208e+02,1.0173581735315957e+00,6.1912358678156423e+04,6.1912358678156423e+04,6.2432179359084526e+04,9.9165642472118853e-01,0.0000000000000000e+00,0.0000000000000000e+00,0.0000000000000000e+00,1.0043115785706600e+00,0.0000000000000000e+00,0.0000000000000000e+00,0.0000000000000000e+00,0.0000000000000000e+00,0.0000000000000000e+00,0.0000000000000000e+00,2.1193541134501297e+07,-7.8643102142523392e+16,0.0000000000000000e+00,0.0000000000000000e+00,1.6380357750477055e+26,0.0000000000000000e+00,2.1016731719470173e+07,-3.7770870615556654e+04,0.0000000000000000e+00,0.0000000000000000e+00,3.4799384899030565e+24,0.0000000000000000e+00,1.1599794966343521e+24,0.0000000000000000e+00,0.0000000000000000e+00,0.0000000000000000e+00,1.6557938768764192e+17,0.0000000000000000e+00,0.0000000000000000e+00,0.0000000000000000e+00,0.0000000000000000e+00,0.0000000000000000e+00,0.0000000000000000e+00,0.0000000000000000e+00,1.3333333333333335e+00,2.7124299944397826e+03,1.2988006429817022e-07,0.0000000000000000e+00,0.0000000000000000e+00,0.0000000000000000e+00,0.0000000000000000e+00,0.0000000000000000e+00,0.0000000000000000e+00,0.0000000000000000e+00,0.0000000000000000e+00,
1.1000000000000000e+01,2.5475000000000000e+02,1.5707963267948966e+00,3.1415926535897931e+00,5.0000000000000000e-01,3.1415926535897931e+00,6.2831853071795862e+00,0.0000000000000000e+00,1.0083790643423773e+00,2.5682175868836555e+02,2.5682175868836555e+02,1.0168283374280349e+00,6.5957436568411504e+04,6.5957436568411504e+04,6.6493794194434056e+04,9.9191738177106581e-01,0.0000000000000000e+00,0.0000000000000000e+00,0.0000000000000000e+00,1.0041807926546000e+00,0.0000000000000000e+00,0.0000000000000000e+00,0.0000000000000000e+00,0.0000000000000000e+00,0.0000000000000000e+00,0.0000000000000000e+00,2.0243894604098935e+07,-7.3761856684548320e+16,0.0000000000000000e+00,0.0000000000000000e+00,1.5168044492225402e+26,0.0000000000000000e+00,2.0080185198156770e+07,-3.7178598560353297e+04,0.0000000000000000e+00,0.0000000000000000e+00,3.2747257971507793e+24,0.0000000000000000e+00,1.0915752657169262e+24,0.0000000000000000e+00,0.0000000000000000e+00,0.0000000000000000e+00,1.6308240934972717e+17,0.0000000000000000e+00,0.0000000000000000e+00,0.0000000000000000e+00,0.0000000000000000e+00,0.0000000000000000e+00,0.0000000000000000e+00,0.0000000000000000e+00,1.3333333333333335e+00,2.6919052290224545e+03,1.1842879325391631e-07,0.0000000000000000e+00,0.0000000000000000e+00,0.0000000000000000e+00,0.0000000000000000e+00,0.0000000000000000e+00,0.0000000000000000e+00,0.0000000000000000e+00,0.0000000000000000e+00,
1.1000000000000000e+01,2.6225000000000000e+02,1.5707963267948966e+00,3.1415926535897931e+00,5.0000000000000000e-01,3.1415926535897931e+00,6.2831853071795862e+00,0.0000000000000000e+00,1.0081159187108211e+00,2.6432163416656107e+02,2.6432163416656107e+02,1.0162977055793101e+00,6.9865947121147648e+04,6.9865947121147648e+04,7.0417808259742014e+04,9.9214762618166830e-01,0.0000000000000000e+00,0.0000000000000000e+00,0.0000000000000000e+00,1.0040497590784916e+00,0.0000000000000000e+00,0.0000000000000000e+00,0.0000000000000000e+00,0.0000000000000000e+00,0.0000000000000000e+00,0.0000000000000000e+00,1.9306883366196722e+07,-6.9586987941596048e+16,0.0000000000000000e+00,0.0000000000000000e+00,1.4009061132387934e+26,0.0000000000000000e+00,1.9155698738032747e+07,-3.6647546250095533e+04,0.0000000000000000e+00,0.0000000000000000e+00,3.0752610123805196e+24,0.0000000000000000e+00,1.0250870041268397e+24,0.0000000000000000e+00,0.0000000000000000e+00,0.0000000000000000e+00,1.6054023067399642e+17,0.0000000000000000e+00,0.0000000000000000e+00,0.0000000000000000e+00,0.0000000000000000e+00,0.0000000000000000e+00,0.0000000000000000e+00,0.0000000000000000e+00,1.3333333333333335e+00,2.6708467346563129e+03,1.0765021622083052e-07,0.0000000000000000e+00,0.0000000000000000e+00,0.0000000000000000e+00,0.0000000000000000e+00,0.0000000000000000e+00,0.0000000000000000e+00,0.0000000000000000e+00,0.0000000000000000e+00,

