1
1
61
0
(18 0
((0) (15) (0))
((16) (31) (0))
((32) (47) (0))
((48) (63) (0))
((64) (79) (0))
((80) (95) (0))
((96) (111) (0))
((112) (127) (0))
((128) (143) (0))
((144) (159) (0))
((160) (175) (0))
((176) (191) (0))
((192) (207) (0))
((208) (223) (0))
((224) (239) (0))
((240) (255) (0))
((256) (271) (0))
((272) (279) (0))
)
18
FabOnDisk: Cell_D_00002 0
FabOnDisk: Cell_D_00003 0
FabOnDisk: Cell_D_00004 0
FabOnDisk: Cell_D_00005 0
FabOnDisk: Cell_D_00006 0
FabOnDisk: Cell_D_00007 0
FabOnDisk: Cell_D_00008 0
FabOnDisk: Cell_D_00009 0
FabOnDisk: Cell_D_00010 0
FabOnDisk: Cell_D_00011 0
FabOnDisk: Cell_D_00000 0
FabOnDisk: Cell_D_00000 7887
FabOnDisk: Cell_D_00012 0
FabOnDisk: Cell_D_00013 0
FabOnDisk: Cell_D_00014 0
FabOnDisk: Cell_D_00015 0
FabOnDisk: Cell_D_00001 0
FabOnDisk: Cell_D_00001 7887

18,61
2.0000000000000000e+00,4.0250000000000000e+01,1.5707963267948966e+00,3.1415926535897931e+00,5.0000000000000000e-01,3.1415926535897931e+00,6.2831853071795862e+00,0.0000000000000000e+00,1.0437646865299470e+00,4.2344907328193159e+01,4.2344907328193159e+01,1.0894447387251076e+00,1.7931119817616463e+03,1.7931119817616463e+03,1.8863928104488125e+03,9.4992261078954821e-01,0.0000000000000000e+00,0.0000000000000000e+00,0.0000000000000000e+00,1.0216480226809774e+00,0.0000000000000000e+00,0.0000000000000000e+00,0.0000000000000000e+00,0.0000000000000000e+00,0.0000000000000000e+00,0.0000000000000000e+00,7.1075028609874144e+09,-3.0873932204631045e+18,0.0000000000000000e+00,0.0000000000000000e+00,2.1210045001046539e+29,0.0000000000000000e+00,7.1071909825562391e+09,-2.6907530805236770e+03,0.0000000000000000e+00,0.0000000000000000e+00,2.1179535126684817e+29,0.0000000000000000e+00,7.0598450422282700e+28,0.0000000000000000e+00,0.0000000000000000e+00,0.0000000000000000e+00,2.9799290155730977e+19,0.0000000000000000e+00,0.0000000000000000e+00,0.0000000000000000e+00,0.0000000000000000e+00,0.0000000000000000e+00,0.0000000000000000e+00,0.0000000000000000e+00,1.3333333333333330e+00,3.5613739603516609e+04,5.1891571488913167e-05,0.0000000000000000e+00,0.0000000000000000e+00,0.0000000000000000e+00,0.0000000000000000e+00,0.0000000000000000e+00,0.0000000000000000e+00,0.0000000000000000e+00,0.0000000000000000e+00,
3.0000000000000000e+00,4.8250000000000000e+01,1.5707963267948966e+00,3.1415926535897931e+00,5.0000000000000000e-01,3.1415926535897931e+00,6.2831853071795862e+00,0.0000000000000000e+00,1.0374270281386189e+00,5.0340357568868235e+01,5.0340357568868235e+01,1.0762548482754355e+00,2.5341724138517457e+03,2.5341724138517457e+03,2.6439163128123087e+03,9.5805131542954824e-01,0.0000000000000000e+00,0.0000000000000000e+00,0.0000000000000000e+00,1.0185416171341233e+00,0.0000000000000000e+00,0.0000000000000000e+00,0.0000000000000000e+00,0.0000000000000000e+00,0.0000000000000000e+00,0.0000000000000000e+00,4.4147946661554232e+09,-2.1298161500875476e+18,0.0000000000000000e+00,0.0000000000000000e+00,1.1250795364092363e+29,0.0000000000000000e+00,4.4145212075263205e+09,-3.2164012963333848e+03,0.0000000000000000e+00,0.0000000000000000e+00,1.1224362453838712e+29,0.0000000000000000e+00,3.7414541512795699e+28,0.0000000000000000e+00,0.0000000000000000e+00,0.0000000000000000e+00,2.5425465397357408e+19,0.0000000000000000e+00,0.0000000000000000e+00,0.0000000000000000e+00,0.0000000000000000e+00,0.0000000000000000e+00,0.0000000000000000e+00,0.0000000000000000e+00,1.3333333333333330e+00,3.2999153079055148e+04,3.2540009138382281e-05,0.0000000000000000e+00,0.0000000000000000e+00,0.0000000000000000e+00,0.0000000000000000e+00,0.0000000000000000e+00,0.0000000000000000e+00,0.0000000000000000e+00,0.0000000000000000e+00,
4.0000000000000000e+00,5.6250000000000000e+01,1.5707963267948966e+00,3.1415926535897931e+00,5.0000000000000000e-01,3.1415926535897931e+00,6.2831853071795862e+00,0.0000000000000000e+00,1.0326926178666642e+00,5.8337099417779221e+01,5.8337099417779221e+01,1.0664540485638192e+00,3.4032379873519080e+03,3.4032379873519080e+03,3.5294669540960899e+03,9.6390962095866228e-01,0.0000000000000000e+00,0.0000000000000000e+00,0.0000000000000000e+00,1.0162148476178021e+00,0.0000000000000000e+00,0.0000000000000000e+00,0.0000000000000000e+00,0.0000000000000000e+00,0.0000000000000000e+00,0.0000000000000000e+00,2.9237448867975769e+09,-1.5573707179854523e+18,0.0000000000000000e+00,0.0000000000000000e+00,6.5025198356372669e+28,0.0000000000000000e+00,2.9235012016941719e+09,-3.7480607328031206e+03,0.0000000000000000e+00,0.0000000000000000e+00,6.4791764702791784e+28,0.0000000000000000e+00,2.1597254900930590e+28,0.0000000000000000e+00,0.0000000000000000e+00,0.0000000000000000e+00,2.2162028911434211e+19,0.0000000000000000e+00,0.0000000000000000e+00,0.0000000000000000e+00,0.0000000000000000e+00,0.0000000000000000e+00,0.0000000000000000e+00,0.0000000000000000e+00,1.3333333333333330e+00,3.0880807824671134e+04,2.1753458217187609e-05,0.0000000000000000e+00,0.0000000000000000e+00,0.0000000000000000e+00,0.0000000000000000e+00,0.0000000000000000e+00,0.0000000000000000e+00,0.0000000000000000e+00,0.0000000000000000e+00,
5.0000000000000000e+00,6.4250000000000000e+01,1.5707963267948966e+00,3.1415926535897931e+00,5.0000000000000000e-01,3.1415926535897931e+00,6.2831853071795862e+00,0.0000000000000000e+00,1.0290214281935397e+00,6.6334651227190875e+01,6.6334651227190875e+01,1.0588851031388535e+00,4.4003067756774381e+03,4.4003067756774381e+03,4.5430344798401411e+03,9.6833216933039035e-01,0.0000000000000000e+00,0.0000000000000000e+00,0.0000000000000000e+00,1.0144069338059474e+00,0.0000000000000000e+00,0.0000000000000000e+00,0.0000000000000000e+00,0.0000000000000000e+00,0.0000000000000000e+00,0.0000000000000000e+00,2.0321891173038471e+09,-1.1881434607934367e+18,0.0000000000000000e+00,0.0000000000000000e+00,4.0099899499303774e+28,0.0000000000000000e+00,2.0319690840624752e+09,-4.2871293827168565e+03,0.0000000000000000e+00,0.0000000000000000e+00,3.9890602665442515e+28,0.0000000000000000e+00,1.3296867555147499e+28,0.0000000000000000e+00,0.0000000000000000e+00,0.0000000000000000e+00,1.9631249466412667e+19,0.0000000000000000e+00,0.0000000000000000e+00,0.0000000000000000e+00,0.0000000000000000e+00,0.0000000000000000e+00,0.0000000000000000e+00,0.0000000000000000e+00,1.3333333333333330e+00,2.9117138741561852e+04,1.5272482673413037e-05,0.0000000000000000e+00,0.0000000000000000e+00,0.0000000000000000e+00,0.0000000000000000e+00,0.0000000000000000e+00,0.0000000000000000e+00,0.0000000000000000e+00,0.0000000000000000e+00,
6.0000000000000000e+00,7.2250000000000000e+01,1.5707963267948966e+00,3.1415926535897931e+00,5.0000000000000000e-01,3.1415926535897931e+00,6.2831853071795862e+00,0.0000000000000000e+00,1.0260914729328283e+00,7.4332744355185554e+01,7.4332744355185554e+01,1.0528637130842384e+00,5.5253777079345818e+03,5.5253777079345818e+03,5.6846132236980493e+03,9.7178915562030532e-01,0.0000000000000000e+00,0.0000000000000000e+00,0.0000000000000000e+00,1.0129617329309628e+00,0.0000000000000000e+00,0.0000000000000000e+00,0.0000000000000000e+00,0.0000000000000000e+00,0.0000000000000000e+00,0.0000000000000000e+00,1.4666453406681793e+09,-9.3619975849751552e+17,0.0000000000000000e+00,0.0000000000000000e+00,2.6012679671640314e+28,0.0000000000000000e+00,1.4664444587323058e+09,-4.8355591961143864e+03,0.0000000000000000e+00,0.0000000000000000e+00,2.5822677782622744e+28,0.0000000000000000e+00,8.6075592608742449e+27,0.0000000000000000e+00,0.0000000000000000e+00,0.0000000000000000e+00,1.7608855335644238e+19,0.0000000000000000e+00,0.0000000000000000e+00,0.0000000000000000e+00,0.0000000000000000e+00,0.0000000000000000e+00,0.0000000000000000e+00,0.0000000000000000e+00,1.3333333333333330e+00,2.7616861741984114e+04,1.1146923250805012e-05,0.0000000000000000e+00,0.0000000000000000e+00,0.0000000000000000e+00,0.0000000000000000e+00,0.0000000000000000e+00,0.0000000000000000e+00,0.0000000000000000e+00,0.0000000000000000e+00,
7.0000000000000000e+00,8.0250000000000000e+01,1.5707963267948966e+00,3.1415926535897931e+00,5.0000000000000000e-01,3.1415926535897931e+00,6.2831853071795862e+00,0.0000000000000000e+00,1.0236988546968802e+00,8.2331217136085755e+01,8.2331217136085755e+01,1.0479593466451280e+00,6.7784501413304188e+03,6.7784501413304188e+03,6.9541997996161708e+03,9.7456567014261453e-01,0.0000000000000000e+00,0.0000000000000000e+00,0.0000000000000000e+00,1.0117800424605270e+00,0.0000000000000000e+00,0.0000000000000000e+00,0.0000000000000000e+00,0.0000000000000000e+00,0.0000000000000000e+00,0.0000000000000000e+00,1.0906608125937717e+09,-7.5665596899089728e+17,0.0000000000000000e+00,0.0000000000000000e+00,1.7571050619553434e+28,0.0000000000000000e+00,1.0904756641163847e+09,-5.3958972963195893e+03,0.0000000000000000e+00,0.0000000000000000e+00,1.7396741958094279e+28,0.0000000000000000e+00,5.7989139860314245e+27,0.0000000000000000e+00,0.0000000000000000e+00,0.0000000000000000e+00,1.5953212932857573e+19,0.0000000000000000e+00,0.0000000000000000e+00,0.0000000000000000e+00,0.0000000000000000e+00,0.0000000000000000e+00,0.0000000000000000e+00,0.0000000000000000e+00,1.3333333333333330e+00,2.6318024042944940e+04,8.3977148075481278e-06,0.0000000000000000e+00,0.0000000000000000e+00,0.0000000000000000e+00,0.0000000000000000e+00,0.0000000000000000e+00,0.0000000000000000e+00,0.0000000000000000e+00,0.0000000000000000e+00,
8.0000000000000000e+00,8.8250000000000000e+01,1.5707963267948966e+00,3.1415926535897931e+00,5.0000000000000000e-01,3.1415926535897931e+00,6.2831853071795862e+00,0.0000000000000000e+00,1.0217081765639571e+00,9.0329966452094368e+01,9.0329966452094368e+01,1.0438875991400305e+00,8.1595236666873634e+03,8.1595236666873634e+03,8.3517920596515105e+03,9.7684462590588650e-01,0.0000000000000000e+00,0.0000000000000000e+00,0.0000000000000000e+00,1.0107958133565418e+00,0.0000000000000000e+00,0.0000000000000000e+00,0.0000000000000000e+00,0.0000000000000000e+00,0.0000000000000000e+00,0.0000000000000000e+00,8.3094775220817721e+08,-6.2421245701099891e+17,0.0000000000000000e+00,0.0000000000000000e+00,1.2266192327116861e+28,0.0000000000000000e+00,8.3077566478211641e+08,-5.9714112087587118e+03,0.0000000000000000e+00,0.0000000000000000e+00,1.2104808772786606e+28,0.0000000000000000e+00,4.0349362575955336e+27,0.0000000000000000e+00,0.0000000000000000e+00,0.0000000000000000e+00,1.4570382229614090e+19,0.0000000000000000e+00,0.0000000000000000e+00,0.0000000000000000e+00,0.0000000000000000e+00,0.0000000000000000e+00,0.0000000000000000e+00,0.0000000000000000e+00,1.3333333333333330e+00,2.5176786977567652e+04,6.4965155775861896e-06,0.0000000000000000e+00,0.0000000000000000e+00,0.0000000000000000e+00,0.0000000000000000e+00,0.0000000000000000e+00,0.0000000000000000e+00,0.0000000000000000e+00,0.0000000000000000e+00,
9.0000000000000000e+00,9.6250000000000000e+01,1.5707963267948966e+00,3.1415926535897931e+00,5.0000000000000000e-01,3.1415926535897931e+00,6.2831853071795862e+00,0.0000000000000000e+00,1.0200260051873375e+00,9.8328923429298712e+01,9.8328923429298712e+01,1.0404530520423521e+00,9.6685980111520967e+03,9.6685980111520967e+03,9.8773885754873518e+03,9.7874877013335237e-01,0.0000000000000000e+00,0.0000000000000000e+00,0.0000000000000000e+00,1.0099633681452054e+00,0.0000000000000000e+00,0.0000000000000000e+00,0.0000000000000000e+00,0.0000000000000000e+00,0.0000000000000000e+00,0.0000000000000000e+00,6.4573449071944988e+08,-5.2372738838857805e+17,0.0000000000000000e+00,0.0000000000000000e+00,8.7984725575879514e+27,0.0000000000000000e+00,6.4557331591011012e+08,-6.5663119244899917e+03,0.0000000000000000e+00,0.0000000000000000e+00,8.6478215973679944e+27,0.0000000000000000e+00,2.8826071991226632e+27,0.0000000000000000e+00,0.0000000000000000e+00,0.0000000000000000e+00,1.3395482302922125e+19,0.0000000000000000e+00,0.0000000000000000e+00,0.0000000000000000e+00,0.0000000000000000e+00,0.0000000000000000e+00,0.0000000000000000e+00,0.0000000000000000e+00,1.3333333333333330e+00,2.4160995572913340e+04,5.1411966285852414e-06,0.0000000000000000e+00,0.0000000000000000e+00,0.0000000000000000e+00,0.0000000000000000e+00,0.0000000000000000e+00,0.0000000000000000e+00,0.0000000000000000e+00,0.0000000000000000e+00,
1.0000000000000000e+01,1.0425000000000000e+02,1.5707963267948966e+00,3.1415926535897931e+00,5.0000000000000000e-01,3.1415926535897931e+00,6.2831853071795862e+00,0.0000000000000000e+00,1.0185857829649525e+00,1.0632804031237842e+02,1.0632804031237842e+02,1.0375169978399157e+00,1.1305672985787327e+04,1.1305672985787327e+04,1.1530988360359346e+04,9.8036354253254676e-01,0.0000000000000000e+00,0.0000000000000000e+00,0.0000000000000000e+00,1.0092501091514476e+00,0.0000000000000000e+00,0.0000000000000000e+00,0.0000000000000000e+00,0.0000000000000000e+00,0.0000000000000000e+00,0.0000000000000000e+00,5.1001526291415578e+08,-4.4568849832632205e+17,0.0000000000000000e+00,0.0000000000000000e+00,6.4549240824869390e+27,0.0000000000000000e+00,5.0986322346669960e+08,-7.1861217416381742e+03,0.0000000000000000e+00,0.0000000000000000e+00,6.3132161569195057e+27,0.0000000000000000e+00,2.1044053856398347e+27,0.0000000000000000e+00,0.0000000000000000e+00,0.0000000000000000e+00,1.2382105569918278e+19,0.0000000000000000e+00,0.0000000000000000e+00,0.0000000000000000e+00,0.0000000000000000e+00,0.0000000000000000e+00,0.0000000000000000e+00,0.0000000000000000e+00,1.3333333333333330e+00,2.3246268163307890e+04,4.1506954217960044e-06,0.0000000000000000e+00,0.0000000000000000e+00,0.0000000000000000e+00,0.0000000000000000e+00,0.0000000000000000e+00,0.0000000000000000e+00,0.0000000000000000e+00,0.0000000000000000e+00,
1.1000000000000000e+01,1.1225000000000000e+02,1.5707963267948966e+00,3.1415926535897931e+00,5.0000000000000000e-01,3.1415926535897931e+00,6.2831853071795862e+00,0.0000000000000000e+00,1.0173388131140286e+00,1.1432728294645558e+02,1.1432728294645558e+02,1.0349782611087879e+00,1.3070748455614637e+04,1.3070748455614637e+04,1.3312590710671511e+04,9.8175024828952484e-01,0.0000000000000000e+00,0.0000000000000000e+00,0.0000000000000000e+00,1.0086321495003887e+00,0.0000000000000000e+00,0.0000000000000000e+00,0.0000000000000000e+00,0.0000000000000000e+00,0.0000000000000000e+00,0.0000000000000000e+00,4.0818749985410637e+08,-3.8387621629520608e+17,0.0000000000000000e+00,0.0000000000000000e+00,4.8251466024377496e+27,0.0000000000000000e+00,4.0804307750923473e+08,-7.8382861513600619e+03,0.0000000000000000e+00,0.0000000000000000e+00,4.6908721451993132e+27,0.0000000000000000e+00,1.5636240483997708e+27,0.0000000000000000e+00,0.0000000000000000e+00,0.0000000000000000e+00,1.1495963076685068e+19,0.0000000000000000e+00,0.0000000000000000e+00,0.0000000000000000e+00,0.0000000000000000e+00,0.0000000000000000e+00,0.0000000000000000e+00,0.0000000000000000e+00,1.3333333333333330e+00,2.2413474301594280e+04,3.4527624795563547e-06,0.0000000000000000e+00,0.0000000000000000e+00,0.0000000000000000e+00,0.0000000000000000e+00,0.0000000000000000e+00,0.0000000000000000e+00,0.0000000000000000e+00,0.0000000000000000e+00,
0.0000000000000000e+00,1.2025000000000000e+02,1.5707963267948966e+00,3.1415926535897931e+00,5.0000000000000000e-01,3.1415926535897931e+00,6.2831853071795862e+00,0.0000000000000000e+00,1.0162486452132184e+00,1.2232662625721414e+02,1.2232662625721414e+02,1.0327613092374566e+00,1.4963824321635428e+04,1.4963824321635428e+04,1.5222195111222267e+04,9.8295401769033430e-01,0.0000000000000000e+00,0.0000000000000000e+00,0.0000000000000000e+00,1.0080915856853672e+00,0.0000000000000000e+00,0.0000000000000000e+00,0.0000000000000000e+00,0.0000000000000000e+00,0.0000000000000000e+00,0.0000000000000000e+00,5.4067143579971991e+07,-3.3408493112802560e+17,0.0000000000000000e+00,0.0000000000000000e+00,7.8880403988722094e+26,0.0000000000000000e+00,5.3216998877955452e+07,-5.3644856525038587e+04,0.0000000000000000e+00,0.0000000000000000e+00,1.2010249307565984e+25,0.0000000000000000e+00,4.0034164358553266e+24,0.0000000000000000e+00,0.0000000000000000e+00,0.0000000000000000e+00,2.2568424578847702e+17,0.0000000000000000e+00,0.0000000000000000e+00,0.0000000000000000e+00,0.0000000000000000e+00,0.0000000000000000e+00,0.0000000000000000e+00,0.0000000000000000e+00,1.3333333333333330e+00,3.1665522252753117e+03,8.5540451613694434e-07,0.0000000000000000e+00,0.0000000000000000e+00,0.0000000000000000e+00,0.0000000000000000e+00,0.0000000000000000e+00,0.0000000000000000e+00,0.0000000000000000e+00,0.0000000000000000e+00,
0.0000000000000000e+00,1.2825000000000000e+02,1.5707963267948966e+00,3.1415926535897931e+00,5.0000000000000000e-01,3.1415926535897931e+00,6.2831853071795862e+00,0.0000000000000000e+00,1.0152874532962839e+00,1.3032605142121534e+02,1.3032605142121534e+02,1.0308086130870731e+00,1.6984900509591407e+04,1.6984900509591407e+04,1.7259801176105862e+04,9.8400881054912614e-01,0.0000000000000000e+00,0.0000000000000000e+00,0.0000000000000000e+00,1.0076147345244271e+00,0.0000000000000000e+00,0.0000000000000000e+00,0.0000000000000000e+00,0.0000000000000000e+00,0.0000000000000000e+00,0.0000000000000000e+00,4.9398491801953912e+07,-2.9338824302252512e+17,0.0000000000000000e+00,0.0000000000000000e+00,6.7778062888812322e+26,0.0000000000000000e+00,4.8667674222735800e+07,-5.2009690098238621e+04,0.0000000000000000e+00,0.0000000000000000e+00,1.0661188195639632e+25,0.0000000000000000e+00,3.5537293985465442e+24,0.0000000000000000e+00,0.0000000000000000e+00,0.0000000000000000e+00,2.1906079676942666e+17,0.0000000000000000e+00,0.0000000000000000e+00,0.0000000000000000e+00,0.0000000000000000e+00,0.0000000000000000e+00,0.0000000000000000e+00,0.0000000000000000e+00,1.3333333333333330e+00,3.1197550739615390e+03,7.1325053905899855e-07,0.0000000000000000e+00,0.0000000000000000e+00,0.0000000000000000e+00,0.0000000000000000e+00,0.0000000000000000e+00,0.0000000000000000e+00,0.0000000000000000e+00,0.0000000000000000e+00,
1.2000000000000000e+01,1.3625000000000000e+02,1.5707963267948966e+00,3.1415926535897931e+00,5.0000000000000000e-01,3.1415926535897931e+00,6.2831853071795862e+00,0.0000000000000000e+00,1.0144336275728194e+00,1.3832554403228286e+02,1.3832554403228286e+02,1.0290755849620938e+00,1.9133976962690642e+04,1.9133976962690642e+04,1.9425408610547081e+04,9.8494067089757376e-01,0.0000000000000000e+00,0.0000000000000000e+00,0.0000000000000000e+00,1.0071909588159964e+00,0.0000000000000000e+00,0.0000000000000000e+00,0.0000000000000000e+00,0.0000000000000000e+00,0.0000000000000000e+00,0.0000000000000000e+00,4.5366340681006201e+07,-2.5969894349472445e+17,0.0000000000000000e+00,0.0000000000000000e+00,5.8746961030462524e+26,0.0000000000000000e+00,4.4732673106955968e+07,-5.0513848067621744e+04,0.0000000000000000e+00,0.0000000000000000e+00,9.5276237091902556e+24,0.0000000000000000e+00,3.1758745697300841e+24,0.0000000000000000e+00,0.0000000000000000e+00,0.0000000000000000e+00,2.1299010545885821e+17,0.0000000000000000e+00,0.0000000000000000e+00,0.0000000000000000e+00,0.0000000000000000e+00,0.0000000000000000e+00,0.0000000000000000e+00,0.0000000000000000e+00,1.3333333333333330e+00,3.0762373380350532e+03,6.0092661940258633e-07,0.0000000000000000e+00,0.0000000000000000e+00,0.0000000000000000e+00,0.0000000000000000e+00,0.0000000000000000e+00,0.0000000000000000e+00,0.0000000000000000e+00,0.0000000000000000e+00,
1.3000000000000000e+01,1.4425000000000000e+02,1.5707963267948966e+00,3.1415926535897931e+00,5.0000000000000000e-01,3.1415926535897931e+00,6.2831853071795862e+00,0.0000000000000000e+00,1.0136701304368443e+00,1.4632509287756361e+02,1.4632509287756361e+02,1.0275271335100611e+00,2.1411053636757410e+04,2.1411053636757410e+04,2.1719017185500757e+04,9.8576990637154438e-01,0.0000000000000000e+00,0.0000000000000000e+00,0.0000000000000000e+00,1.0068118644487980e+00,0.0000000000000000e+00,0.0000000000000000e+00,0.0000000000000000e+00,0.0000000000000000e+00,0.0000000000000000e+00,0.0000000000000000e+00,4.1855433250865646e+07,-2.3149596389779917e+17,0.0000000000000000e+00,0.0000000000000000e+00,5.1315490480860312e+26,0.0000000000000000e+00,4.1301767436472155e+07,-4.9138648589536300e+04,0.0000000000000000e+00,0.0000000000000000e+00,8.5659648762240930e+24,0.0000000000000000e+00,2.8553216254080296e+24,0.0000000000000000e+00,0.0000000000000000e+00,0.0000000000000000e+00,2.0739933896812790e+17,0.0000000000000000e+00,0.0000000000000000e+00,0.0000000000000000e+00,0.0000000000000000e+00,0.0000000000000000e+00,0.0000000000000000e+00,0.0000000000000000e+00,1.3333333333333330e+00,3.0356074540819100e+03,5.1100045402090744e-07,0.0000000000000000e+00,0.0000000000000000e+00,0.0000000000000000e+00,0.0000000000000000e+00,0.0000000000000000e+00,0.0000000000000000e+00,0.0000000000000000e+00,0.0000000000000000e+00,
1.4000000000000000e+01,1.5225000000000000e+02,1.5707963267948966e+00,3.1415926535897931e+00,5.0000000000000000e-01,3.1415926535897931e+00,6.2831853071795862e+00,0.0000000000000000e+00,1.0129833480029775e+00,1.5432468909917824e+02,1.5432468909917824e+02,1.0261352634698213e+00,2.3816130496913171e+04,2.3816130496913171e+04,2.4140626720298493e+04,9.8651258513849593e-01,0.0000000000000000e+00,0.0000000000000000e+00,0.0000000000000000e+00,1.0064707387543848e+00,0.0000000000000000e+00,0.0000000000000000e+00,0.0000000000000000e+00,0.0000000000000000e+00,0.0000000000000000e+00,0.0000000000000000e+00,3.8776030108404867e+07,-2.0764962218713354e+17,0.0000000000000000e+00,0.0000000000000000e+00,4.5136944533733112e+26,0.0000000000000000e+00,3.8288920370554946e+07,-4.7868717572131936e+04,0.0000000000000000e+00,0.0000000000000000e+00,7.7431127415993703e+24,0.0000000000000000e+00,2.5810375805331229e+24,0.0000000000000000e+00,0.0000000000000000e+00,0.0000000000000000e+00,2.0222842754718890e+17,0.0000000000000000e+00,0.0000000000000000e+00,0.0000000000000000e+00,0.0000000000000000e+00,0.0000000000000000e+00,0.0000000000000000e+00,0.0000000000000000e+00,1.3333333333333330e+00,2.9975379874163409e+03,4.3815737066459056e-07,0.0000000000000000e+00,0.0000000000000000e+00,0.0000000000000000e+00,0.0000000000000000e+00,0.0000000000000000e+00,0.0000000000000000e+00,0.0000000000000000e+00,0.0000000000000000e+00,
1.5000000000000000e+01,1.6025000000000000e+02,1.5707963267948966e+00,3.1415926535897931e+00,5.0000000000000000e-01,3.1415926535897931e+00,6.2831853071795862e+00,0.0000000000000000e+00,1.0123622712528435e+00,1.6232432560680908e+02,1.6232432560680908e+02,1.0248773683700561e+00,2.6349207515252998e+04,2.6349207515252998e+04,2.6690237070517196e+04,9.8718158732360162e-01,0.0000000000000000e+00,0.0000000000000000e+00,0.0000000000000000e+00,1.0061621495687121e+00,0.0000000000000000e+00,0.0000000000000000e+00,0.0000000000000000e+00,0.0000000000000000e+00,0.0000000000000000e+00,0.0000000000000000e+00,3.6057327890220881e+07,-1.8730671102138909e+17,0.0000000000000000e+00,0.0000000000000000e+00,3.9952227491688605e+26,0.0000000000000000e+00,3.5626099165735558e+07,-4.6691288216227011e+04,0.0000000000000000e+00,0.0000000000000000e+00,7.0335692737052739e+24,0.0000000000000000e+00,2.3445230912350914e+24,0.0000000000000000e+00,0.0000000000000000e+00,0.0000000000000000e+00,1.9742732601744973e+17,0.0000000000000000e+00,0.0000000000000000e+00,0.0000000000000000e+00,0.0000000000000000e+00,0.0000000000000000e+00,0.0000000000000000e+00,0.0000000000000000e+00,1.3333333333333333e+00,2.9617525563272475e+03,3.7852547134197523e-07,0.0000000000000000e+00,0.0000000000000000e+00,0.0000000000000000e+00,0.0000000000000000e+00,0.0000000000000000e+00,0.0000000000000000e+00,0.0000000000000000e+00,0.0000000000000000e+00,
1.0000000000000000e+00,1.6825000000000000e+02,1.5707963267948966e+00,3.1415926535897931e+00,5.0000000000000000e-01,3.1415926535897931e+00,6.2831853071795862e+00,0.0000000000000000e+00,1.0117979014658927e+00,1.7032399665775924e+02,1.7032399665775924e+02,1.0237349935052167e+00,2.9010284669185687e+04,2.9010284669185687e+04,2.9367848119323971e+04,9.8778735830801334e-01,0.0000000000000000e+00,0.0000000000000000e+00,0.0000000000000000e+00,1.0058816537955944e+00,0.0000000000000000e+00,0.0000000000000000e+00,0.0000000000000000e+00,0.0000000000000000e+00,0.0000000000000000e+00,0.0000000000000000e+00,3.3642794060712948e+07,-1.6981310433182602e+17,0.0000000000000000e+00,0.0000000000000000e+00,3.5564844085558699e+26,0.0000000000000000e+00,3.3258874946238048e+07,-4.5595659274489080e+04,0.0000000000000000e+00,0.0000000000000000e+00,6.4174347919862938e+24,0.0000000000000000e+00,2.1391449306620976e+24,0.0000000000000000e+00,0.0000000000000000e+00,0.0000000000000000e+00,1.9295396065760074e+17,0.0000000000000000e+00,0.0000000000000000e+00,0.0000000000000000e+00,0.0000000000000000e+00,0.0000000000000000e+00,0.0000000000000000e+00,0.0000000000000000e+00,1.3333333333333330e+00,2.9280158986283745e+03,3.2924072709232997e-07,0.0000000000000000e+00,0.0000000000000000e+00,0.0000000000000000e+00,0.0000000000000000e+00,0.0000000000000000e+00,0.0000000000000000e+00,0.0000000000000000e+00,0.0000000000000000e+00,
1.0000000000000000e+00,1.7625000000000000e+02,1.5707963267948966e+00,3.1415926535897931e+00,5.0000000000000000e-01,3.1415926535897931e+00,6.2831853071795862e+00,0.0000000000000000e+00,1.0115346088720989e+00,1.7832369755130529e+02,1.7832369755130529e+02,1.0232022650323109e+00,3.1799361940226361e+04,3.1799361940226361e+04,3.2173459771187951e+04,9.8833845807074694e-01,0.0000000000000000e+00,0.0000000000000000e+00,0.0000000000000000e+00,1.0057507687547520e+00,0.0000000000000000e+00,0.0000000000000000e+00,0.0000000000000000e+00,0.0000000000000000e+00,0.0000000000000000e+00,0.0000000000000000e+00,3.2534978175339073e+07,-1.5466050876931517e+17,0.0000000000000000e+00,0.0000000000000000e+00,3.3621537049848225e+26,0.0000000000000000e+00,3.2172020551870096e+07,-4.4572784761037896e+04,0.0000000000000000e+00,0.0000000000000000e+00,6.1393515515825605e+24,0.0000000000000000e+00,2.0464505171941864e+24,0.0000000000000000e+00,0.0000000000000000e+00,0.0000000000000000e+00,1.9082881863098650e+17,0.0000000000000000e+00,0.0000000000000000e+00,0.0000000000000000e+00,0.0000000000000000e+00,0.0000000000000000e+00,0.0000000000000000e+00,0.0000000000000000e+00,1.3333333333333330e+00,2.9118516648104242e+03,3.0778450408881072e-07,0.0000000000000000e+00,0.0000000000000000e+00,0.0000000000000000e+00,0.0000000000000000e+00,0.0000000000000000e+00,0.0000000000000000e+00,0.0000000000000000e+00,0.0000000000000000e+00,

18,61
2.0000000000000000e+00,4.7750000000000000e+01,1.5707963267948966e+00,3.1415926535897931e+00,5.0000000000000000e-01,3.1415926535897931e+00,6.2831853071795862e+00,0.0000000000000000e+00,1.0520230400660013e+00,4.9840597368150988e+01,4.9840597368150988e+01,1.1067525125222775e+00,2.4841059592916899e+03,2.4841059592916899e+03,2.5928201550930553e+03,9.5762137625105004e-01,0.0000000000000000e+00,0.0000000000000000e+00,0.0000000000000000e+00,1.0256817399098443e+00,0.0000000000000000e+00,0.0000000000000000e+00,0.0000000000000000e+00,0.0000000000000000e+00,0.0000000000000000e+00,0.0000000000000000e+00,1.2030679341446444e+10,-2.1756503327908662e+18,0.0000000000000000e+00,0.0000000000000000e+00,4.2761695449172522e+29,0.0000000000000000e+00,1.2030319956668419e+10,-2.2027146621561265e+03,0.0000000000000000e+00,0.0000000000000000e+00,4.2725991004057203e+29,0.0000000000000000e+00,1.4241997001352400e+29,0.0000000000000000e+00,0.0000000000000000e+00,0.0000000000000000e+00,3.5513808655892816e+19,0.0000000000000000e+00,0.0000000000000000e+00,0.0000000000000000e+00,0.0000000000000000e+00,0.0000000000000000e+00,0.0000000000000000e+00,0.0000000000000000e+00,1.3333333333333335e+00,3.8721943974649868e+04,9.1668776324919812e-05,0.0000000000000000e+00,0.0000000000000000e+00,0.0000000000000000e+00,0.0000000000000000e+00,0.0000000000000000e+00,0.0000000000000000e+00,0.0000000000000000e+00,0.0000000000000000e+00,
3.0000000000000000e+00,5.5750000000000000e+01,1.5707963267948966e+00,3.1415926535897931e+00,5.0000000000000000e-01,3.1415926535897931e+00,6.2831853071795862e+00,0.0000000000000000e+00,1.0433063670075349e+00,5.7837275712119343e+01,5.7837275712119343e+01,1.0884881925794521e+00,3.3451712804116551e+03,3.3451712804116551e+03,3.4703694679278765e+03,9.6359183640427415e-01,0.0000000000000000e+00,0.0000000000000000e+00,0.0000000000000000e+00,1.0214236941153703e+00,0.0000000000000000e+00,0.0000000000000000e+00,0.0000000000000000e+00,0.0000000000000000e+00,0.0000000000000000e+00,0.0000000000000000e+00,6.8833668431008329e+09,-1.5859632973849851e+18,0.0000000000000000e+00,0.0000000000000000e+00,2.0323897859267900e+29,0.0000000000000000e+00,6.8830576861409397e+09,-2.7234483135761461e+03,0.0000000000000000e+00,0.0000000000000000e+00,2.0293680288282970e+29,0.0000000000000000e+00,6.7645600960943218e+28,0.0000000000000000e+00,0.0000000000000000e+00,0.0000000000000000e+00,2.9482692790169567e+19,0.0000000000000000e+00,0.0000000000000000e+00,0.0000000000000000e+00,0.0000000000000000e+00,0.0000000000000000e+00,0.0000000000000000e+00,0.0000000000000000e+00,1.3333333333333335e+00,3.5432018948250559e+04,5.0286083126576267e-05,0.0000000000000000e+00,0.0000000000000000e+00,0.0000000000000000e+00,0.0000000000000000e+00,0.0000000000000000e+00,0.0000000000000000e+00,0.0000000000000000e+00,0.0000000000000000e+00,
4.0000000000000000e+00,6.3750000000000000e+01,1.5707963267948966e+00,3.1415926535897931e+00,5.0000000000000000e-01,3.1415926535897931e+00,6.2831853071795862e+00,0.0000000000000000e+00,1.0370913183428978e+00,6.5834786269306250e+01,6.5834786269306250e+01,1.0755584118066233e+00,4.3342399051952534e+03,4.3342399051952534e+03,4.4759361364925708e+03,9.6808775949162584e-01,0.0000000000000000e+00,0.0000000000000000e+00,0.0000000000000000e+00,1.0183768045862605e+00,0.0000000000000000e+00,0.0000000000000000e+00,0.0000000000000000e+00,0.0000000000000000e+00,0.0000000000000000e+00,0.0000000000000000e+00,4.2953142310255642e+09,-1.2071636470920133e+18,0.0000000000000000e+00,0.0000000000000000e+00,1.0847365339797499e+29,0.0000000000000000e+00,4.2950428542371798e+09,-3.2494422342653088e+03,0.0000000000000000e+00,0.0000000000000000e+00,1.0821150384192198e+29,0.0000000000000000e+00,3.6070501280640657e+28,0.0000000000000000e+00,0.0000000000000000e+00,0.0000000000000000e+00,2.5193988682342228e+19,0.0000000000000000e+00,0.0000000000000000e+00,0.0000000000000000e+00,0.0000000000000000e+00,0.0000000000000000e+00,0.0000000000000000e+00,0.0000000000000000e+00,1.3333333333333333e+00,3.2854032410925669e+04,3.1677776233927675e-05,0.0000000000000000e+00,0.0000000000000000e+00,0.0000000000000000e+00,0.0000000000000000e+00,0.0000000000000000e+00,0.0000000000000000e+00,0.0000000000000000e+00,0.0000000000000000e+00,
5.0000000000000000e+00,7.1750000000000000e+01,1.5707963267948966e+00,3.1415926535897931e+00,5.0000000000000000e-01,3.1415926535897931e+00,6.2831853071795862e+00,0.0000000000000000e+00,1.0324361726475060e+00,7.3832851096422061e+01,7.3832851096422061e+01,1.0659244559859096e+00,5.4513107254651241e+03,5.4513107254651241e+03,5.6095142952867227e+03,9.7159535782030415e-01,0.0000000000000000e+00,0.0000000000000000e+00,0.0000000000000000e+00,1.0160886631299366e+00,0.0000000000000000e+00,0.0000000000000000e+00,0.0000000000000000e+00,0.0000000000000000e+00,0.0000000000000000e+00,0.0000000000000000e+00,2.8543544218171673e+09,-9.4948533579019712e+17,0.0000000000000000e+00,0.0000000000000000e+00,6.2981230801616983e+28,0.0000000000000000e+00,2.8541123739297285e+09,-3.7815179846119040e+03,0.0000000000000000e+00,0.0000000000000000e+00,6.2749479249124786e+28,0.0000000000000000e+00,2.0916493083041586e+28,0.0000000000000000e+00,0.0000000000000000e+00,0.0000000000000000e+00,2.1985287550680814e+19,0.0000000000000000e+00,0.0000000000000000e+00,0.0000000000000000e+00,0.0000000000000000e+00,0.0000000000000000e+00,0.0000000000000000e+00,0.0000000000000000e+00,1.3333333333333335e+00,3.0761329747292613e+04,2.1249960196494089e-05,0.0000000000000000e+00,0.0000000000000000e+00,0.0000000000000000e+00,0.0000000000000000e+00,0.0000000000000000e+00,0.0000000000000000e+00,0.0000000000000000e+00,0.0000000000000000e+00,
6.0000000000000000e+00,7.9750000000000000e+01,1.5707963267948966e+00,3.1415926535897931e+00,5.0000000000000000e-01,3.1415926535897931e+00,6.2831853071795862e+00,0.0000000000000000e+00,1.0288191627983625e+00,8.1831303623381260e+01,8.1831303623381260e+01,1.0584688731031267e+00,6.6963830788337737e+03,6.6963830788337737e+03,6.8711004541793873e+03,9.7440824865688958e-01,0.0000000000000000e+00,0.0000000000000000e+00,0.0000000000000000e+00,1.0143072325392426e+00,0.0000000000000000e+00,0.0000000000000000e+00,0.0000000000000000e+00,0.0000000000000000e+00,0.0000000000000000e+00,0.0000000000000000e+00,1.9891753467922697e+09,-7.6629891852701811e+17,0.0000000000000000e+00,0.0000000000000000e+00,3.8976688281522108e+28,0.0000000000000000e+00,1.9889566289569178e+09,-4.3211087303536870e+03,0.0000000000000000e+00,0.0000000000000000e+00,3.8768723698979492e+28,0.0000000000000000e+00,1.2922907899659828e+28,0.0000000000000000e+00,0.0000000000000000e+00,0.0000000000000000e+00,1.9491744317092737e+19,0.0000000000000000e+00,0.0000000000000000e+00,0.0000000000000000e+00,0.0000000000000000e+00,0.0000000000000000e+00,0.0000000000000000e+00,0.0000000000000000e+00,1.3333333333333335e+00,2.9016415046333721e+04,1.4959117516378278e-05,0.0000000000000000e+00,0.0000000000000000e+00,0.0000000000000000e+00,0.0000000000000000e+00,0.0000000000000000e+00,0.0000000000000000e+00,0.0000000000000000e+00,0.0000000000000000e+00,
7.0000000000000000e+00,8.7750000000000000e+01,1.5707963267948966e+00,3.1415926535897931e+00,5.0000000000000000e-01,3.1415926535897931e+00,6.2831853071795862e+00,0.0000000000000000e+00,1.0259278699211147e+00,8.9830037947457527e+01,8.9830037947457527e+01,1.0525279964835317e+00,8.0694565450253758e+03,8.0694565450253758e+03,8.2606924065374606e+03,9.7671422325129698e-01,0.0000000000000000e+00,0.0000000000000000e+00,0.0000000000000000e+00,1.0128809749345544e+00,0.0000000000000000e+00,0.0000000000000000e+00,0.0000000000000000e+00,0.0000000000000000e+00,0.0000000000000000e+00,0.0000000000000000e+00,1.4385790551083601e+09,-6.3143152413332749e+17,0.0000000000000000e+00,0.0000000000000000e+00,2.5354777164829367e+28,0.0000000000000000e+00,1.4383792475193498e+09,-4.8702015189537879e+03,0.0000000000000000e+00,0.0000000000000000e+00,2.5165851324550100e+28,0.0000000000000000e+00,8.3886171081833636e+27,0.0000000000000000e+00,0.0000000000000000e+00,0.0000000000000000e+00,1.7495797365074354e+19,0.0000000000000000e+00,0.0000000000000000e+00,0.0000000000000000e+00,0.0000000000000000e+00,0.0000000000000000e+00,0.0000000000000000e+00,0.0000000000000000e+00,1.3333333333333335e+00,2.7530311931662342e+04,1.0941873080242295e-05,0.0000000000000000e+00,0.0000000000000000e+00,0.0000000000000000e+00,0.0000000000000000e+00,0.0000000000000000e+00,0.0000000000000000e+00,0.0000000000000000e+00,0.0000000000000000e+00,
8.0000000000000000e+00,9.5750000000000000e+01,1.5707963267948966e+00,3.1415926535897931e+00,5.0000000000000000e-01,3.1415926535897931e+00,6.2831853071795862e+00,0.0000000000000000e+00,1.0235638024339599e+00,9.7828983518092258e+01,9.7828983518092258e+01,1.0476828591557443e+00,9.5705308445186347e+03,9.5705308445186347e+03,9.7782886889067322e+03,9.7863898335416544e-01,0.0000000000000000e+00,0.0000000000000000e+00,0.0000000000000000e+00,1.0117133003311474e+00,0.0000000000000000e+00,0.0000000000000000e+00,0.0000000000000000e+00,0.0000000000000000e+00,0.0000000000000000e+00,0.0000000000000000e+00,1.0715725682185633e+09,-5.2927140606880550e+17,0.0000000000000000e+00,0.0000000000000000e+00,1.7165347049463014e+28,0.0000000000000000e+00,1.0713883079805889e+09,-5.4313839466870677e+03,0.0000000000000000e+00,0.0000000000000000e+00,1.6991920259858102e+28,0.0000000000000000e+00,5.6639734199527008e+27,0.0000000000000000e+00,0.0000000000000000e+00,0.0000000000000000e+00,1.5859584921910659e+19,0.0000000000000000e+00,0.0000000000000000e+00,0.0000000000000000e+00,0.0000000000000000e+00,0.0000000000000000e+00,0.0000000000000000e+00,0.0000000000000000e+00,1.3333333333333335e+00,2.6242461879439634e+04,8.2580212005032767e-06,0.0000000000000000e+00,0.0000000000000000e+00,0.0000000000000000e+00,0.0000000000000000e+00,0.0000000000000000e+00,0.0000000000000000e+00,0.0000000000000000e+00,0.0000000000000000e+00,
9.0000000000000000e+00,1.0375000000000000e+02,1.5707963267948966e+00,3.1415926535897931e+00,5.0000000000000000e-01,3.1415926535897931e+00,6.2831853071795862e+00,0.0000000000000000e+00,1.0215948049666876e+00,1.0582809152157238e+02,1.0582809152157238e+02,1.0436559465948745e+00,1.1199605784174157e+04,1.1199605784174157e+04,1.1423888292443480e+04,9.8026984290500385e-01,0.0000000000000000e+00,0.0000000000000000e+00,0.0000000000000000e+00,1.0107397314379720e+00,0.0000000000000000e+00,0.0000000000000000e+00,0.0000000000000000e+00,0.0000000000000000e+00,0.0000000000000000e+00,0.0000000000000000e+00,8.1751273006680560e+08,-4.5003807656826010e+17,0.0000000000000000e+00,0.0000000000000000e+00,1.2005175533863027e+28,0.0000000000000000e+00,8.1734138311019921e+08,-6.0079747824983851e+03,0.0000000000000000e+00,0.0000000000000000e+00,1.1844522082815801e+28,0.0000000000000000e+00,3.9481740276052662e+27,0.0000000000000000e+00,0.0000000000000000e+00,0.0000000000000000e+00,1.4491417282465831e+19,0.0000000000000000e+00,0.0000000000000000e+00,0.0000000000000000e+00,0.0000000000000000e+00,0.0000000000000000e+00,0.0000000000000000e+00,0.0000000000000000e+00,1.3333333333333335e+00,2.5109910611720763e+04,6.3981581188062143e-06,0.0000000000000000e+00,0.0000000000000000e+00,0.0000000000000000e+00,0.0000000000000000e+00,0.0000000000000000e+00,0.0000000000000000e+00,0.0000000000000000e+00,0.0000000000000000e+00,
1.0000000000000000e+01,1.1175000000000000e+02,1.5707963267948966e+00,3.1415926535897931e+00,5.0000000000000000e-01,3.1415926535897931e+00,6.2831853071795862e+00,0.0000000000000000e+00,1.0199294837108770e+00,1.1382732710819313e+02,1.1382732710819313e+02,1.0402561525116460e+00,1.2956681226258728e+04,1.2956681226258728e+04,1.3197490499112104e+04,9.8166934255952487e-01,0.0000000000000000e+00,0.0000000000000000e+00,0.0000000000000000e+00,1.0099155823742927e+00,0.0000000000000000e+00,0.0000000000000000e+00,0.0000000000000000e+00,0.0000000000000000e+00,0.0000000000000000e+00,0.0000000000000000e+00,6.3600064483795118e+08,-3.8735124671336410e+17,0.0000000000000000e+00,0.0000000000000000e+00,8.6244598493316614e+27,0.0000000000000000e+00,6.3584008986698389e+08,-6.6042543089035407e+03,0.0000000000000000e+00,0.0000000000000000e+00,8.4744168096345995e+27,0.0000000000000000e+00,2.8248056032115332e+27,0.0000000000000000e+00,0.0000000000000000e+00,0.0000000000000000e+00,1.3327820691540670e+19,0.0000000000000000e+00,0.0000000000000000e+00,0.0000000000000000e+00,0.0000000000000000e+00,0.0000000000000000e+00,0.0000000000000000e+00,0.0000000000000000e+00,1.3333333333333335e+00,2.4101084928947756e+04,5.0700392087654312e-06,0.0000000000000000e+00,0.0000000000000000e+00,0.0000000000000000e+00,0.0000000000000000e+00,0.0000000000000000e+00,0.0000000000000000e+00,0.0000000000000000e+00,0.0000000000000000e+00,
1.1000000000000000e+01,1.1975000000000000e+02,1.5707963267948966e+00,3.1415926535897931e+00,5.0000000000000000e-01,3.1415926535897931e+00,6.2831853071795862e+00,0.0000000000000000e+00,1.0185026163281008e+00,1.2182666473219264e+02,1.2182666473219264e+02,1.0373475800384369e+00,1.4841757069906831e+04,1.4841757069906831e+04,1.5099094783945451e+04,9.8288345379778908e-01,0.0000000000000000e+00,0.0000000000000000e+00,0.0000000000000000e+00,1.0092089061179970e+00,0.0000000000000000e+00,0.0000000000000000e+00,0.0000000000000000e+00,0.0000000000000000e+00,0.0000000000000000e+00,0.0000000000000000e+00,5.0278477871762204e+08,-3.3690499944743315e+17,0.0000000000000000e+00,0.0000000000000000e+00,6.3353368352421410e+27,0.0000000000000000e+00,5.0263325764484155e+08,-7.2258437744711582e+03,0.0000000000000000e+00,0.0000000000000000e+00,6.1941353712937915e+27,0.0000000000000000e+00,2.0647117904312638e+27,0.0000000000000000e+00,0.0000000000000000e+00,0.0000000000000000e+00,1.2323299957159870e+19,0.0000000000000000e+00,0.0000000000000000e+00,0.0000000000000000e+00,0.0000000000000000e+00,0.0000000000000000e+00,0.0000000000000000e+00,0.0000000000000000e+00,1.3333333333333335e+00,2.3191994843575863e+04,8.4265578509934203e-01,0.0000000000000000e+00,0.0000000000000000e+00,0.0000000000000000e+00,0.0000000000000000e+00,0.0000000000000000e+00,0.0000000000000000e+00,0.0000000000000000e+00,0.0000000000000000e+00,
0.0000000000000000e+00,1.2775000000000000e+02,1.5707963267948966e+00,3.1415926535897931e+00,5.0000000000000000e-01,3.1415926535897931e+00,6.2831853071795862e+00,0.0000000000000000e+00,1.0172664099074351e+00,1.2982608524111910e+02,1.2982608524111910e+02,1.0348309491591769e+00,1.6854833239558629e+04,1.6854833239558629e+04,1.7128700754241567e+04,9.8394672524198867e-01,0.0000000000000000e+00,0.0000000000000000e+00,0.0000000000000000e+00,1.0085962570825702e+00,0.0000000000000000e+00,0.0000000000000000e+00,0.0000000000000000e+00,0.0000000000000000e+00,0.0000000000000000e+00,0.0000000000000000e+00,5.9155057165816344e+07,-2.9570812425469517e+17,0.0000000000000000e+00,0.0000000000000000e+00,9.1747587960034111e+26,0.0000000000000000e+00,5.8166753277441904e+07,-5.2107592223556057e+04,0.0000000000000000e+00,0.0000000000000000e+00,1.3522696272798238e+25,0.0000000000000000e+00,4.5075654242660791e+24,0.0000000000000000e+00,0.0000000000000000e+00,0.0000000000000000e+00,2.3247604481732496e+17,0.0000000000000000e+00,0.0000000000000000e+00,0.0000000000000000e+00,0.0000000000000000e+00,0.0000000000000000e+00,0.0000000000000000e+00,0.0000000000000000e+00,1.3333333333333335e+00,3.2138224490975203e+03,8.4162935992413024e-01,0.0000000000000000e+00,0.0000000000000000e+00,0.0000000000000000e+00,0.0000000000000000e+00,0.0000000000000000e+00,0.0000000000000000e+00,0.0000000000000000e+00,0.0000000000000000e+00,
0.0000000000000000e+00,1.3575000000000000e+02,1.5707963267948966e+00,3.1415926535897931e+00,5.0000000000000000e-01,3.1415926535897931e+00,6.2831853071795862e+00,0.0000000000000000e+00,1.0161850435542201e+00,1.3782557399353325e+02,1.3782557399353325e+02,1.0326320430777587e+00,1.8995909677492327e+04,1.8995909677492327e+04,1.9286308110377329e+04,9.8488562304826566e-01,0.0000000000000000e+00,0.0000000000000000e+00,0.0000000000000000e+00,1.0080600396166568e+00,0.0000000000000000e+00,0.0000000000000000e+00,0.0000000000000000e+00,0.0000000000000000e+00,0.0000000000000000e+00,0.0000000000000000e+00,5.3754073875630811e+07,-2.6163026611619171e+17,0.0000000000000000e+00,0.0000000000000000e+00,7.8114598139803534e+26,0.0000000000000000e+00,5.2912156443836518e+07,-5.0603628136574014e+04,0.0000000000000000e+00,0.0000000000000000e+00,1.1918606009266182e+25,0.0000000000000000e+00,3.9728686697553926e+24,0.0000000000000000e+00,0.0000000000000000e+00,0.0000000000000000e+00,2.2525249254816054e+17,0.0000000000000000e+00,0.0000000000000000e+00,0.0000000000000000e+00,0.0000000000000000e+00,0.0000000000000000e+00,0.0000000000000000e+00,0.0000000000000000e+00,1.3333333333333337e+00,3.1635228465261398e+03,8.4546535712403887e-07,0.0000000000000000e+00,0.0000000000000000e+00,0.0000000000000000e+00,0.0000000000000000e+00,0.0000000000000000e+00,0.0000000000000000e+00,0.0000000000000000e+00,0.0000000000000000e+00,
1.2000000000000000e+01,1.4375000000000000e+02,1.5707963267948966e+00,3.1415926535897931e+00,5.0000000000000000e-01,3.1415926535897931e+00,6.2831853071795862e+00,0.0000000000000000e+00,1.0152311406624528e+00,1.4582511960474824e+02,1.4582511960474824e+02,1.0306942692331031e+00,2.1264986338853574e+04,2.1264986338853574e+04,2.1571916619774278e+04,9.8572076386972707e-01,0.0000000000000000e+00,0.0000000000000000e+00,0.0000000000000000e+00,1.0075867906031011e+00,0.0000000000000000e+00,0.0000000000000000e+00,0.0000000000000000e+00,0.0000000000000000e+00,0.0000000000000000e+00,0.0000000000000000e+00,4.9129183329345718e+07,-2.3312087490504803e+17,0.0000000000000000e+00,0.0000000000000000e+00,6.7158601751468308e+26,0.0000000000000000e+00,4.8405026991396017e+07,-4.9221369392199034e+04,0.0000000000000000e+00,0.0000000000000000e+00,1.0584542893297135e+25,0.0000000000000000e+00,3.5281809644323782e+24,0.0000000000000000e+00,0.0000000000000000e+00,0.0000000000000000e+00,2.1866601410474259e+17,0.0000000000000000e+00,0.0000000000000000e+00,0.0000000000000000e+00,0.0000000000000000e+00,0.0000000000000000e+00,0.0000000000000000e+00,0.0000000000000000e+00,1.3333333333333335e+00,3.1169435701860934e+03,7.0544661269511245e-07,0.0000000000000000e+00,0.0000000000000000e+00,0.0000000000000000e+00,0.0000000000000000e+00,0.0000000000000000e+00,0.0000000000000000e+00,0.0000000000000000e+00,0.0000000000000000e+00,
1.3000000000000000e+01,1.5175000000000000e+02,1.5707963267948966e+00,3.1415926535897931e+00,5.0000000000000000e-01,3.1415926535897931e+00,6.2831853071795862e+00,0.0000000000000000e+00,1.0143834191458405e+00,1.5382471308901285e+02,1.5382471308901285e+02,1.0289737212466219e+00,2.3662063188259213e+04,2.3662063188259213e+04,2.3985526099139643e+04,9.8646844629485053e-01,0.0000000000000000e+00,0.0000000000000000e+00,0.0000000000000000e+00,1.0071660335289441e+00,0.0000000000000000e+00,0.0000000000000000e+00,0.0000000000000000e+00,0.0000000000000000e+00,0.0000000000000000e+00,0.0000000000000000e+00,4.5132681493416473e+07,-2.0902965806782736e+17,0.0000000000000000e+00,0.0000000000000000e+00,5.8239761977574897e+26,0.0000000000000000e+00,4.4504472319874696e+07,-4.7945257133695610e+04,0.0000000000000000e+00,0.0000000000000000e+00,9.4628727808045122e+24,0.0000000000000000e+00,3.1542909269348369e+24,0.0000000000000000e+00,0.0000000000000000e+00,0.0000000000000000e+00,2.1262730317249302e+17,0.0000000000000000e+00,0.0000000000000000e+00,0.0000000000000000e+00,0.0000000000000000e+00,0.0000000000000000e+00,0.0000000000000000e+00,0.0000000000000000e+00,1.3333333333333335e+00,3.0736170541025131e+03,5.9471402948029252e-07,0.0000000000000000e+00,0.0000000000000000e+00,0.0000000000000000e+00,0.0000000000000000e+00,0.0000000000000000e+00,0.0000000000000000e+00,0.0000000000000000e+00,0.0000000000000000e+00,
1.4000000000000000e+01,1.5975000000000000e+02,1.5707963267948966e+00,3.1415926535897931e+00,5.0000000000000000e-01,3.1415926535897931e+00,6.2831853071795862e+00,0.0000000000000000e+00,1.0136250849311776e+00,1.6182434725926214e+02,1.6182434725926214e+02,1.0274358129697168e+00,2.6187140197422690e+04,2.6187140197422690e+04,2.6527136402068008e+04,9.8714172509644948e-01,0.0000000000000000e+00,0.0000000000000000e+00,0.0000000000000000e+00,1.0067894938316286e+00,0.0000000000000000e+00,0.0000000000000000e+00,0.0000000000000000e+00,0.0000000000000000e+00,0.0000000000000000e+00,0.0000000000000000e+00,4.1651147368009061e+07,-1.8848870439553939e+17,0.0000000000000000e+00,0.0000000000000000e+00,5.0895691389358760e+26,0.0000000000000000e+00,4.1102002449761383e+07,-4.6762379069589231e+04,0.0000000000000000e+00,0.0000000000000000e+00,8.5107678936083570e+24,0.0000000000000000e+00,2.8369226312027851e+24,0.0000000000000000e+00,0.0000000000000000e+00,0.0000000000000000e+00,2.0706442136547709e+17,0.0000000000000000e+00,0.0000000000000000e+00,0.0000000000000000e+00,0.0000000000000000e+00,0.0000000000000000e+00,0.0000000000000000e+00,0.0000000000000000e+00,1.3333333333333335e+00,3.0331562011931619e+03,5.0599396345163767e-07,0.0000000000000000e+00,0.0000000000000000e+00,0.0000000000000000e+00,0.0000000000000000e+00,0.0000000000000000e+00,0.0000000000000000e+00,0.0000000000000000e+00,0.0000000000000000e+00,
1.5000000000000000e+01,1.6775000000000000e+02,1.5707963267948966e+00,3.1415926535897931e+00,5.0000000000000000e-01,3.1415926535897931e+00,6.2831853071795862e+00,0.0000000000000000e+00,1.0129427081652937e+00,1.6982401629850921e+02,1.6982401629850921e+02,1.0260529301620132e+00,2.8840217343459957e+04,2.8840217343459957e+04,2.9196747410206641e+04,9.8775117997912321e-01,0.0000000000000000e+00,0.0000000000000000e+00,0.0000000000000000e+00,1.0064505492728082e+00,0.0000000000000000e+00,0.0000000000000000e+00,0.0000000000000000e+00,0.0000000000000000e+00,0.0000000000000000e+00,0.0000000000000000e+00,3.8596194032410033e+07,-1.7083320638899354e+17,0.0000000000000000e+00,0.0000000000000000e+00,4.4786095070147466e+26,0.0000000000000000e+00,3.8112864877206214e+07,-4.5661918053084271e+04,0.0000000000000000e+00,0.0000000000000000e+00,7.6956778773701029e+24,0.0000000000000000e+00,2.5652259591233671e+24,0.0000000000000000e+00,0.0000000000000000e+00,0.0000000000000000e+00,2.0191799739339235e+17,0.0000000000000000e+00,0.0000000000000000e+00,0.0000000000000000e+00,0.0000000000000000e+00,0.0000000000000000e+00,0.0000000000000000e+00,0.0000000000000000e+00,1.3333333333333335e+00,2.9952371128347750e+03,4.3407749671632719e-07,0.0000000000000000e+00,0.0000000000000000e+00,0.0000000000000000e+00,0.0000000000000000e+00,0.0000000000000000e+00,0.0000000000000000e+00,0.0000000000000000e+00,0.0000000000000000e+00,
1.0000000000000000e+00,1.7575000000000000e+02,1.5707963267948966e+00,3.1415926535897931e+00,5.0000000000000000e-01,3.1415926535897931e+00,6.2831853071795862e+00,0.0000000000000000e+00,1.0123254209904218e+00,1.7782371544822084e+02,1.7782371544822084e+02,1.0248027580959234e+00,3.1621294607658361e+04,3.1621294607658361e+04,3.1994359026843584e+04,9.8830547559876492e-01,0.0000000000000000e+00,0.0000000000000000e+00,0.0000000000000000e+00,1.0061438371140787e+00,0.0000000000000000e+00,0.0000000000000000e+00,0.0000000000000000e+00,0.0000000000000000e+00,0.0000000000000000e+00,0.0000000000000000e+00,3.5898030692835316e+07,-1.5554698428011642e+17,0.0000000000000000e+00,0.0000000000000000e+00,3.9656423071098313e+26,0.0000000000000000e+00,3.5469991011501260e+07,-4.4634734693370425e+04,0.0000000000000000e+00,0.0000000000000000e+00,6.9925059230674933e+24,0.0000000000000000e+00,2.3308353076891640e+24,0.0000000000000000e+00,0.0000000000000000e+00,0.0000000000000000e+00,1.9713853848879197e+17,0.0000000000000000e+00,0.0000000000000000e+00,0.0000000000000000e+00,0.0000000000000000e+00,0.0000000000000000e+00,0.0000000000000000e+00,0.0000000000000000e+00,1.3333333333333335e+00,2.9595862407116106e+03,3.7516720343370354e-07,0.0000000000000000e+00,0.0000000000000000e+00,0.0000000000000000e+00,0.0000000000000000e+00,0.0000000000000000e+00,0.0000000000000000e+00,0.0000000000000000e+00,0.0000000000000000e+00,
1.0000000000000000e+00,1.7975000000000000e+02,1.5707963267948966e+00,3.1415926535897931e+00,5.0000000000000000e-01,3.1415926535897931e+00,6.2831853071795862e+00,0.0000000000000000e+00,1.0117643344242231e+00,1.8182357505895197e+02,1.8182357505895197e+02,1.0236670685062537e+00,3.3059833279132225e+04,3.3059833279132225e+04,3.3441165037853818e+04,9.8856422701860547e-01,0.0000000000000000e+00,0.0000000000000000e+00,0.0000000000000000e+00,1.0058649682741487e+00,0.0000000000000000e+00,0.0000000000000000e+00,0.0000000000000000e+00,0.0000000000000000e+00,0.0000000000000000e+00,0.0000000000000000e+00,3.3500894006110512e+07,-1.4866205280449818e+17,0.0000000000000000e+00,0.0000000000000000e+00,3.5313459409502938e+26,0.0000000000000000e+00,3.3119686225176934e+07,-4.4146144504904616e+04,0.0000000000000000e+00,0.0000000000000000e+00,6.3816504097685431e+24,0.0000000000000000e+00,2.1272168032561801e+24,0.0000000000000000e+00,0.0000000000000000e+00,0.0000000000000000e+00,1.9268441305160528e+17,0.0000000000000000e+00,0.0000000000000000e+00,0.0000000000000000e+00,0.0000000000000000e+00,0.0000000000000000e+00,0.0000000000000000e+00,0.0000000000000000e+00,1.3333333333333335e+00,2.9259706188406767e+03,3.2645178643783052e-07,0.0000000000000000e+00,0.0000000000000000e+00,0.0000000000000000e+00,0.0000000000000000e+00,0.0000000000000000e+00,0.0000000000000000e+00,0.0000000000000000e+00,0.0000000000000000e+00,

