1
1
61
0
(18 0
((0) (15) (0))
((16) (31) (0))
((32) (47) (0))
((48) (63) (0))
((64) (79) (0))
((80) (95) (0))
((96) (111) (0))
((112) (127) (0))
((128) (143) (0))
((144) (159) (0))
((160) (175) (0))
((176) (191) (0))
((192) (207) (0))
((208) (223) (0))
((224) (239) (0))
((240) (255) (0))
((256) (271) (0))
((272) (279) (0))
)
18
FabOnDisk: Cell_D_00002 0
FabOnDisk: Cell_D_00003 0
FabOnDisk: Cell_D_00004 0
FabOnDisk: Cell_D_00005 0
FabOnDisk: Cell_D_00006 0
FabOnDisk: Cell_D_00007 0
FabOnDisk: Cell_D_00008 0
FabOnDisk: Cell_D_00009 0
FabOnDisk: Cell_D_00010 0
FabOnDisk: Cell_D_00011 0
FabOnDisk: Cell_D_00000 0
FabOnDisk: Cell_D_00000 7887
FabOnDisk: Cell_D_00012 0
FabOnDisk: Cell_D_00013 0
FabOnDisk: Cell_D_00014 0
FabOnDisk: Cell_D_00015 0
FabOnDisk: Cell_D_00001 0
FabOnDisk: Cell_D_00001 7887

18,61
2.0000000000000000e+00,2.0125000000000000e+01,1.5707963267948966e+00,3.1415926535897931e+00,2.5000000000000000e-01,3.1415926535897931e+00,6.2831853071795862e+00,-1.8465241720098741e+20,1.0000000000000000e+00,2.0125517591687668e+01,2.0125517591687668e+01,1.0000000000000000e+00,4.0504166645234301e+02,4.0504166645234301e+02,4.0504166645234301e+02,1.0000000000000000e+00,0.0000000000000000e+00,0.0000000000000000e+00,0.0000000000000000e+00,1.0000000000000000e+00,0.0000000000000000e+00,0.0000000000000000e+00,0.0000000000000000e+00,0.0000000000000000e+00,0.0000000000000000e+00,0.0000000000000000e+00,1.3929086969555931e+10,-1.1723339518456838e+19,0.0000000000000000e+00,0.0000000000000000e+00,1.6267141930315874e+30,0.0000000000000000e+00,1.3929086969555931e+10,-5.9803609545707486e+03,0.0000000000000000e+00,0.0000000000000000e+00,1.6242234589720913e+30,0.0000000000000000e+00,5.4140781965736363e+29,0.0000000000000000e+00,0.0000000000000000e+00,0.0000000000000000e+00,1.1660338042317609e+20,0.0000000000000000e+00,0.0000000000000000e+00,0.0000000000000000e+00,0.0000000000000000e+00,0.0000000000000000e+00,0.0000000000000000e+00,0.0000000000000000e+00,1.3333333333333330e+00,7.1988613981595860e+04,4.8649845216081120e-05,0.0000000000000000e+00,0.0000000000000000e+00,0.0000000000000000e+00,0.0000000000000000e+00,0.0000000000000000e+00,0.0000000000000000e+00,0.0000000000000000e+00,0.0000000000000000e+00,
3.0000000000000000e+00,2.4125000000000000e+01,1.5707963267948966e+00,3.1415926535897931e+00,2.5000000000000000e-01,3.1415926535897931e+00,6.2831853071795862e+00,-1.5403707479632206e+20,1.0000000000000000e+00,2.4125431775065323e+01,2.4125431775065323e+01,1.0000000000000000e+00,5.8204166651752166e+02,5.8204166651752166e+02,5.8204166651752166e+02,1.0000000000000000e+00,0.0000000000000000e+00,0.0000000000000000e+00,0.0000000000000000e+00,1.0000000000000000e+00,0.0000000000000000e+00,0.0000000000000000e+00,0.0000000000000000e+00,0.0000000000000000e+00,0.0000000000000000e+00,0.0000000000000000e+00,8.7339675270284863e+09,-8.1581216157182013e+18,0.0000000000000000e+00,0.0000000000000000e+00,8.7382808331132583e+29,0.0000000000000000e+00,8.7339675270284863e+09,-6.9967023448624004e+03,0.0000000000000000e+00,0.0000000000000000e+00,8.7169034999504893e+29,0.0000000000000000e+00,2.9056344999834953e+29,0.0000000000000000e+00,0.0000000000000000e+00,0.0000000000000000e+00,9.9802595144330101e+19,0.0000000000000000e+00,0.0000000000000000e+00,0.0000000000000000e+00,0.0000000000000000e+00,0.0000000000000000e+00,0.0000000000000000e+00,0.0000000000000000e+00,1.3333333333333328e+00,6.6600776115207045e+04,3.0793465717210003e-05,0.0000000000000000e+00,0.0000000000000000e+00,0.0000000000000000e+00,0.0000000000000000e+00,0.0000000000000000e+00,0.0000000000000000e+00,0.0000000000000000e+00,0.0000000000000000e+00,
4.0000000000000000e+00,2.8125000000000000e+01,1.5707963267948966e+00,3.1415926535897931e+00,2.5000000000000000e-01,3.1415926535897931e+00,6.2831853071795862e+00,-1.3212989212828870e+20,1.0000000000000000e+00,2.8125370367931737e+01,2.8125370367931737e+01,1.0000000000000000e+00,7.9104166655692802e+02,7.9104166655692802e+02,7.9104166655692802e+02,1.0000000000000000e+00,0.0000000000000000e+00,0.0000000000000000e+00,0.0000000000000000e+00,1.0000000000000000e+00,0.0000000000000000e+00,0.0000000000000000e+00,0.0000000000000000e+00,0.0000000000000000e+00,0.0000000000000000e+00,0.0000000000000000e+00,5.8250319263761711e+09,-6.0026190728836526e+18,0.0000000000000000e+00,0.0000000000000000e+00,5.0981169031534421e+29,0.0000000000000000e+00,5.8250319263761711e+09,-8.0229611334177398e+03,0.0000000000000000e+00,0.0000000000000000e+00,5.0793701431427602e+29,0.0000000000000000e+00,1.6931233810475863e+29,0.0000000000000000e+00,0.0000000000000000e+00,0.0000000000000000e+00,8.7197645757736731e+19,0.0000000000000000e+00,0.0000000000000000e+00,0.0000000000000000e+00,0.0000000000000000e+00,0.0000000000000000e+00,0.0000000000000000e+00,0.0000000000000000e+00,1.3333333333333330e+00,6.2253079215100341e+04,2.0730348248783777e-05,0.0000000000000000e+00,0.0000000000000000e+00,0.0000000000000000e+00,0.0000000000000000e+00,0.0000000000000000e+00,0.0000000000000000e+00,0.0000000000000000e+00,0.0000000000000000e+00,
5.0000000000000000e+00,3.2125000000000000e+01,1.5707963267948966e+00,3.1415926535897931e+00,2.5000000000000000e-01,3.1415926535897931e+00,6.2831853071795862e+00,-1.1567809899239871e+20,1.0000000000000000e+00,3.2125324252578878e+01,3.2125324252578878e+01,1.0000000000000000e+00,1.0320416665825544e+03,1.0320416665825544e+03,1.0320416665825544e+03,1.0000000000000000e+00,0.0000000000000000e+00,0.0000000000000000e+00,0.0000000000000000e+00,1.0000000000000000e+00,0.0000000000000000e+00,0.0000000000000000e+00,0.0000000000000000e+00,0.0000000000000000e+00,0.0000000000000000e+00,0.0000000000000000e+00,4.0709854265532451e+09,-4.6008729551308984e+18,0.0000000000000000e+00,0.0000000000000000e+00,3.1669590204931173e+29,0.0000000000000000e+00,4.0709854265532451e+09,-9.0625228335890079e+03,0.0000000000000000e+00,0.0000000000000000e+00,3.1502420104728296e+29,0.0000000000000000e+00,1.0500806701576095e+29,0.0000000000000000e+00,0.0000000000000000e+00,0.0000000000000000e+00,7.7381825127294894e+19,0.0000000000000000e+00,0.0000000000000000e+00,0.0000000000000000e+00,0.0000000000000000e+00,0.0000000000000000e+00,0.0000000000000000e+00,0.0000000000000000e+00,1.3333333333333328e+00,5.8644596194429323e+04,1.4633261215432555e-05,0.0000000000000000e+00,0.0000000000000000e+00,0.0000000000000000e+00,0.0000000000000000e+00,0.0000000000000000e+00,0.0000000000000000e+00,0.0000000000000000e+00,0.0000000000000000e+00,
6.0000000000000000e+00,3.6125000000000000e+01,1.5707963267948966e+00,3.1415926535897931e+00,2.5000000000000000e-01,3.1415926535897931e+00,6.2831853071795862e+00,-1.0286955995785555e+20,1.0000000000000000e+00,3.6125288349483561e+01,3.6125288349483561e+01,1.0000000000000000e+00,1.3050416666001497e+03,1.3050416666001497e+03,1.3050416666001497e+03,1.0000000000000000e+00,0.0000000000000000e+00,0.0000000000000000e+00,0.0000000000000000e+00,1.0000000000000000e+00,0.0000000000000000e+00,0.0000000000000000e+00,0.0000000000000000e+00,0.0000000000000000e+00,0.0000000000000000e+00,0.0000000000000000e+00,2.9510093612138839e+09,-3.6384068513963597e+18,0.0000000000000000e+00,0.0000000000000000e+00,2.0664511591073369e+29,0.0000000000000000e+00,2.9510093612138839e+09,-1.0119518947022554e+04,0.0000000000000000e+00,0.0000000000000000e+00,2.0513415659155190e+29,0.0000000000000000e+00,6.8378052197183940e+28,0.0000000000000000e+00,0.0000000000000000e+00,0.0000000000000000e+00,6.9512511125726257e+19,0.0000000000000000e+00,0.0000000000000000e+00,0.0000000000000000e+00,0.0000000000000000e+00,0.0000000000000000e+00,0.0000000000000000e+00,0.0000000000000000e+00,1.3333333333333330e+00,5.5582752014228950e+04,1.0726399146241780e-05,0.0000000000000000e+00,0.0000000000000000e+00,0.0000000000000000e+00,0.0000000000000000e+00,0.0000000000000000e+00,0.0000000000000000e+00,0.0000000000000000e+00,0.0000000000000000e+00,
7.0000000000000000e+00,4.0125000000000000e+01,1.5707963267948966e+00,3.1415926535897931e+00,2.5000000000000000e-01,3.1415926535897931e+00,6.2831853071795862e+00,-9.2614720576013681e+19,1.0000000000000000e+00,4.0125259604559979e+01,4.0125259604559979e+01,1.0000000000000000e+00,1.6100416666127508e+03,1.6100416666127508e+03,1.6100416666127508e+03,1.0000000000000000e+00,0.0000000000000000e+00,0.0000000000000000e+00,0.0000000000000000e+00,1.0000000000000000e+00,0.0000000000000000e+00,0.0000000000000000e+00,0.0000000000000000e+00,0.0000000000000000e+00,0.0000000000000000e+00,0.0000000000000000e+00,2.2025058818107686e+09,-2.9491523605843528e+18,0.0000000000000000e+00,0.0000000000000000e+00,1.4025894654253086e+29,0.0000000000000000e+00,2.2025058818107686e+09,-1.1199020920909346e+04,0.0000000000000000e+00,0.0000000000000000e+00,1.3887779664118490e+29,0.0000000000000000e+00,4.6292598880394954e+28,0.0000000000000000e+00,0.0000000000000000e+00,0.0000000000000000e+00,6.3053913778294940e+19,0.0000000000000000e+00,0.0000000000000000e+00,0.0000000000000000e+00,0.0000000000000000e+00,0.0000000000000000e+00,0.0000000000000000e+00,0.0000000000000000e+00,1.3333333333333330e+00,5.2937644285923096e+04,8.1089678813697210e-06,0.0000000000000000e+00,0.0000000000000000e+00,0.0000000000000000e+00,0.0000000000000000e+00,0.0000000000000000e+00,0.0000000000000000e+00,0.0000000000000000e+00,0.0000000000000000e+00,
8.0000000000000000e+00,4.4125000000000000e+01,1.5707963267948966e+00,3.1415926535897931e+00,2.5000000000000000e-01,3.1415926535897931e+00,6.2831853071795862e+00,-8.4219099011725296e+19,1.0000000000000000e+00,4.4125236071134324e+01,4.4125236071134324e+01,1.0000000000000000e+00,1.9470416666220829e+03,1.9470416666220829e+03,1.9470416666220829e+03,1.0000000000000000e+00,0.0000000000000000e+00,0.0000000000000000e+00,0.0000000000000000e+00,1.0000000000000000e+00,0.0000000000000000e+00,0.0000000000000000e+00,0.0000000000000000e+00,0.0000000000000000e+00,0.0000000000000000e+00,0.0000000000000000e+00,1.6832543353179183e+09,-2.4386984771426365e+18,0.0000000000000000e+00,0.0000000000000000e+00,9.8312986458819758e+28,0.0000000000000000e+00,1.6832543353179183e+09,-1.2307327135754789e+04,0.0000000000000000e+00,0.0000000000000000e+00,9.7038187400814894e+28,0.0000000000000000e+00,3.2346062466938282e+28,0.0000000000000000e+00,0.0000000000000000e+00,0.0000000000000000e+00,5.7648735324864692e+19,0.0000000000000000e+00,0.0000000000000000e+00,0.0000000000000000e+00,0.0000000000000000e+00,0.0000000000000000e+00,0.0000000000000000e+00,0.0000000000000000e+00,1.3333333333333330e+00,5.0617827551155460e+04,6.2908248362420759e-06,0.0000000000000000e+00,0.0000000000000000e+00,0.0000000000000000e+00,0.0000000000000000e+00,0.0000000000000000e+00,0.0000000000000000e+00,0.0000000000000000e+00,0.0000000000000000e+00,
9.0000000000000000e+00,4.8125000000000000e+01,1.5707963267948966e+00,3.1415926535897931e+00,2.5000000000000000e-01,3.1415926535897931e+00,6.2831853071795862e+00,-7.7219102913904968e+19,1.0000000000000000e+00,4.8125216449729692e+01,4.8125216449729692e+01,1.0000000000000000e+00,2.3160416666291858e+03,2.3160416666291858e+03,2.3160416666291858e+03,1.0000000000000000e+00,0.0000000000000000e+00,0.0000000000000000e+00,0.0000000000000000e+00,1.0000000000000000e+00,0.0000000000000000e+00,0.0000000000000000e+00,0.0000000000000000e+00,0.0000000000000000e+00,0.0000000000000000e+00,0.0000000000000000e+00,1.3116409908250206e+09,-2.0501528625634785e+18,0.0000000000000000e+00,0.0000000000000000e+00,7.0768667884271816e+28,0.0000000000000000e+00,1.3116409908250206e+09,-1.3452395251287402e+04,0.0000000000000000e+00,0.0000000000000000e+00,6.9581862854398187e+28,0.0000000000000000e+00,2.3193954284799394e+28,0.0000000000000000e+00,0.0000000000000000e+00,0.0000000000000000e+00,5.3049138475220066e+19,0.0000000000000000e+00,0.0000000000000000e+00,0.0000000000000000e+00,0.0000000000000000e+00,0.0000000000000000e+00,0.0000000000000000e+00,0.0000000000000000e+00,1.3333333333333330e+00,4.8556546934018050e+04,4.9897676097726488e-06,0.0000000000000000e+00,0.0000000000000000e+00,0.0000000000000000e+00,0.0000000000000000e+00,0.0000000000000000e+00,0.0000000000000000e+00,0.0000000000000000e+00,0.0000000000000000e+00,
1.0000000000000000e+01,5.2125000000000000e+01,1.5707963267948966e+00,3.1415926535897931e+00,2.5000000000000000e-01,3.1415926535897931e+00,6.2831853071795862e+00,-7.1293440021842239e+19,1.0000000000000000e+00,5.2125199839744816e+01,5.2125199839744816e+01,1.0000000000000000e+00,2.7170416666347178e+03,2.7170416666347178e+03,2.7170416666347178e+03,1.0000000000000000e+00,0.0000000000000000e+00,0.0000000000000000e+00,0.0000000000000000e+00,1.0000000000000000e+00,0.0000000000000000e+00,0.0000000000000000e+00,0.0000000000000000e+00,0.0000000000000000e+00,0.0000000000000000e+00,0.0000000000000000e+00,1.0385338635132335e+09,-1.7475746534448684e+18,0.0000000000000000e+00,0.0000000000000000e+00,5.2082301059706021e+28,0.0000000000000000e+00,1.0385338635132335e+09,-1.4644512316118156e+04,0.0000000000000000e+00,0.0000000000000000e+00,5.0968683319516903e+28,0.0000000000000000e+00,1.6989561106505629e+28,0.0000000000000000e+00,0.0000000000000000e+00,0.0000000000000000e+00,4.9077263101344768e+19,0.0000000000000000e+00,0.0000000000000000e+00,0.0000000000000000e+00,0.0000000000000000e+00,0.0000000000000000e+00,0.0000000000000000e+00,0.0000000000000000e+00,1.3333333333333330e+00,4.6703433297648822e+04,4.0356849348491293e-06,0.0000000000000000e+00,0.0000000000000000e+00,0.0000000000000000e+00,0.0000000000000000e+00,0.0000000000000000e+00,0.0000000000000000e+00,0.0000000000000000e+00,0.0000000000000000e+00,
1.1000000000000000e+01,5.6125000000000000e+01,1.5707963267948966e+00,3.1415926535897931e+00,2.5000000000000000e-01,3.1415926535897931e+00,6.2831853071795862e+00,-6.6212410518570336e+19,1.0000000000000000e+00,5.6125185597317476e+01,5.6125185597317476e+01,1.0000000000000000e+00,3.1500416666391097e+03,3.1500416666391097e+03,3.1500416666391097e+03,1.0000000000000000e+00,0.0000000000000000e+00,0.0000000000000000e+00,0.0000000000000000e+00,1.0000000000000000e+00,0.0000000000000000e+00,0.0000000000000000e+00,0.0000000000000000e+00,0.0000000000000000e+00,0.0000000000000000e+00,0.0000000000000000e+00,8.3313247900562561e+08,-1.5073540755571681e+18,0.0000000000000000e+00,0.0000000000000000e+00,3.9044964845357119e+28,0.0000000000000000e+00,8.3313247900562561e+08,-1.5897374945679605e+04,0.0000000000000000e+00,0.0000000000000000e+00,3.7992201120590655e+28,0.0000000000000000e+00,1.2664067040196881e+28,0.0000000000000000e+00,0.0000000000000000e+00,0.0000000000000000e+00,4.5601404413852320e+19,0.0000000000000000e+00,0.0000000000000000e+00,0.0000000000000000e+00,0.0000000000000000e+00,0.0000000000000000e+00,0.0000000000000000e+00,0.0000000000000000e+00,1.3333333333333330e+00,4.5019198575160059e+04,3.3612492123157175e-06,0.0000000000000000e+00,0.0000000000000000e+00,0.0000000000000000e+00,0.0000000000000000e+00,0.0000000000000000e+00,0.0000000000000000e+00,0.0000000000000000e+00,0.0000000000000000e+00,
0.0000000000000000e+00,6.0125000000000000e+01,1.5707963267948966e+00,3.1415926535897931e+00,2.5000000000000000e-01,3.1415926535897931e+00,6.2831853071795862e+00,-6.1807440011906802e+19,1.0000000000000000e+00,6.0125173249923641e+01,6.0125173249923641e+01,1.0000000000000000e+00,3.6150416666426545e+03,3.6150416666426545e+03,3.6150416666426545e+03,1.0000000000000000e+00,0.0000000000000000e+00,0.0000000000000000e+00,0.0000000000000000e+00,1.0000000000000000e+00,0.0000000000000000e+00,0.0000000000000000e+00,0.0000000000000000e+00,0.0000000000000000e+00,0.0000000000000000e+00,0.0000000000000000e+00,1.0824209323461467e+08,-1.3134631749374397e+18,0.0000000000000000e+00,0.0000000000000000e+00,6.2870935614901464e+27,0.0000000000000000e+00,1.0824209323461467e+08,-1.1082795912201655e+05,0.0000000000000000e+00,0.0000000000000000e+00,3.0951362376206388e+25,0.0000000000000000e+00,1.0317120792068794e+25,0.0000000000000000e+00,0.0000000000000000e+00,0.0000000000000000e+00,2.8594543844589661e+17,0.0000000000000000e+00,0.0000000000000000e+00,0.0000000000000000e+00,0.0000000000000000e+00,0.0000000000000000e+00,0.0000000000000000e+00,0.0000000000000000e+00,1.3333333333333330e+00,3.5649242827067878e+03,8.5673367975125658e-07,0.0000000000000000e+00,0.0000000000000000e+00,0.0000000000000000e+00,0.0000000000000000e+00,0.0000000000000000e+00,0.0000000000000000e+00,0.0000000000000000e+00,0.0000000000000000e+00,
0.0000000000000000e+00,6.4125000000000000e+01,1.5707963267948966e+00,3.1415926535897931e+00,2.5000000000000000e-01,3.1415926535897931e+00,6.2831853071795862e+00,-5.7952015248951886e+19,1.0000000000000000e+00,6.4125162442939157e+01,6.4125162442939157e+01,1.0000000000000000e+00,4.1120416666455567e+03,4.1120416666455567e+03,4.1120416666455567e+03,1.0000000000000000e+00,0.0000000000000000e+00,0.0000000000000000e+00,0.0000000000000000e+00,1.0000000000000000e+00,0.0000000000000000e+00,0.0000000000000000e+00,0.0000000000000000e+00,0.0000000000000000e+00,0.0000000000000000e+00,0.0000000000000000e+00,9.8826197009899661e+07,-1.1547112560142234e+18,0.0000000000000000e+00,0.0000000000000000e+00,5.4016303639998474e+27,0.0000000000000000e+00,9.8826197009899661e+07,-1.0730468714472451e+05,0.0000000000000000e+00,0.0000000000000000e+00,2.7414538529065682e+25,0.0000000000000000e+00,9.1381795096885591e+24,0.0000000000000000e+00,0.0000000000000000e+00,0.0000000000000000e+00,2.7740129810433213e+17,0.0000000000000000e+00,0.0000000000000000e+00,0.0000000000000000e+00,0.0000000000000000e+00,0.0000000000000000e+00,0.0000000000000000e+00,0.0000000000000000e+00,1.3333333333333328e+00,3.5112598470149137e+03,7.1440475638881945e-07,0.0000000000000000e+00,0.0000000000000000e+00,0.0000000000000000e+00,0.0000000000000000e+00,0.0000000000000000e+00,0.0000000000000000e+00,0.0000000000000000e+00,0.0000000000000000e+00,
1.2000000000000000e+01,6.8125000000000000e+01,1.5707963267948966e+00,3.1415926535897931e+00,2.5000000000000000e-01,3.1415926535897931e+00,6.2831853071795862e+00,-5.4549335990544605e+19,1.0000000000000000e+00,6.8125152905027178e+01,6.8125152905027178e+01,1.0000000000000000e+00,4.6410416666479623e+03,4.6410416666479623e+03,4.6410416666479623e+03,1.0000000000000000e+00,0.0000000000000000e+00,0.0000000000000000e+00,0.0000000000000000e+00,1.0000000000000000e+00,0.0000000000000000e+00,0.0000000000000000e+00,0.0000000000000000e+00,0.0000000000000000e+00,0.0000000000000000e+00,0.0000000000000000e+00,9.0701207927295983e+07,-1.0230931753445020e+18,0.0000000000000000e+00,0.0000000000000000e+00,4.6814074634040039e+27,0.0000000000000000e+00,9.0701207927295983e+07,-1.0409623508762945e+05,0.0000000000000000e+00,0.0000000000000000e+00,2.4451315528258814e+25,0.0000000000000000e+00,8.1504385094196033e+24,0.0000000000000000e+00,0.0000000000000000e+00,0.0000000000000000e+00,2.6958072159675469e+17,0.0000000000000000e+00,0.0000000000000000e+00,0.0000000000000000e+00,0.0000000000000000e+00,0.0000000000000000e+00,0.0000000000000000e+00,0.0000000000000000e+00,1.3333333333333330e+00,3.4614107891285430e+03,6.0193415334975549e-07,0.0000000000000000e+00,0.0000000000000000e+00,0.0000000000000000e+00,0.0000000000000000e+00,0.0000000000000000e+00,0.0000000000000000e+00,0.0000000000000000e+00,0.0000000000000000e+00,
1.3000000000000000e+01,7.2125000000000000e+01,1.5707963267948966e+00,3.1415926535897931e+00,2.5000000000000000e-01,3.1415926535897931e+00,6.2831853071795862e+00,-5.1524075758868226e+19,1.0000000000000000e+00,7.2125144425043146e+01,7.2125144425043146e+01,1.0000000000000000e+00,5.2020416666499805e+03,5.2020416666499805e+03,5.2020416666499805e+03,1.0000000000000000e+00,0.0000000000000000e+00,0.0000000000000000e+00,0.0000000000000000e+00,1.0000000000000000e+00,0.0000000000000000e+00,0.0000000000000000e+00,0.0000000000000000e+00,0.0000000000000000e+00,0.0000000000000000e+00,0.0000000000000000e+00,8.3632221648930311e+07,-9.1276003948112870e+17,0.0000000000000000e+00,0.0000000000000000e+00,4.0887951885793321e+27,0.0000000000000000e+00,8.3632221648930311e+07,-1.0115853365752543e+05,0.0000000000000000e+00,0.0000000000000000e+00,2.1944025101168382e+25,0.0000000000000000e+00,7.3146750337227912e+24,0.0000000000000000e+00,0.0000000000000000e+00,0.0000000000000000e+00,2.6238702996036778e+17,0.0000000000000000e+00,0.0000000000000000e+00,0.0000000000000000e+00,0.0000000000000000e+00,0.0000000000000000e+00,0.0000000000000000e+00,0.0000000000000000e+00,1.3333333333333330e+00,3.4149150967793994e+03,5.1188537672992653e-07,0.0000000000000000e+00,0.0000000000000000e+00,0.0000000000000000e+00,0.0000000000000000e+00,0.0000000000000000e+00,0.0000000000000000e+00,0.0000000000000000e+00,0.0000000000000000e+00,
1.4000000000000000e+01,7.6125000000000000e+01,1.5707963267948966e+00,3.1415926535897931e+00,2.5000000000000000e-01,3.1415926535897931e+00,6.2831853071795862e+00,-4.8816740162158019e+19,1.0000000000000000e+00,7.6125136836220761e+01,7.6125136836220761e+01,1.0000000000000000e+00,5.7950416666516876e+03,5.7950416666516876e+03,5.7950416666516876e+03,1.0000000000000000e+00,0.0000000000000000e+00,0.0000000000000000e+00,0.0000000000000000e+00,1.0000000000000000e+00,0.0000000000000000e+00,0.0000000000000000e+00,0.0000000000000000e+00,0.0000000000000000e+00,0.0000000000000000e+00,0.0000000000000000e+00,7.7436574098199949e+07,-8.1935801057056653e+17,0.0000000000000000e+00,0.0000000000000000e+00,3.5961303568045481e+27,0.0000000000000000e+00,7.7436574098199949e+07,-9.8455527083323308e+04,0.0000000000000000e+00,0.0000000000000000e+00,1.9803696796181283e+25,0.0000000000000000e+00,6.6012322653937597e+24,0.0000000000000000e+00,0.0000000000000000e+00,0.0000000000000000e+00,2.5574071337217360e+17,0.0000000000000000e+00,0.0000000000000000e+00,0.0000000000000000e+00,0.0000000000000000e+00,0.0000000000000000e+00,0.0000000000000000e+00,0.0000000000000000e+00,1.3333333333333330e+00,3.3713874516514820e+03,4.3893824777830192e-07,0.0000000000000000e+00,0.0000000000000000e+00,0.0000000000000000e+00,0.0000000000000000e+00,0.0000000000000000e+00,0.0000000000000000e+00,0.0000000000000000e+00,0.0000000000000000e+00,
1.5000000000000000e+01,8.0125000000000000e+01,1.5707963267948966e+00,3.1415926535897931e+00,2.5000000000000000e-01,3.1415926535897931e+00,6.2831853071795862e+00,-4.6379715070140310e+19,1.0000000000000000e+00,8.0125130005094746e+01,8.0125130005094746e+01,1.0000000000000000e+00,6.4200416666531455e+03,6.4200416666531455e+03,6.4200416666531455e+03,1.0000000000000000e+00,0.0000000000000000e+00,0.0000000000000000e+00,0.0000000000000000e+00,1.0000000000000000e+00,0.0000000000000000e+00,0.0000000000000000e+00,0.0000000000000000e+00,0.0000000000000000e+00,0.0000000000000000e+00,0.0000000000000000e+00,7.1970311505986139e+07,-7.3959210795110157e+17,0.0000000000000000e+00,0.0000000000000000e+00,3.1827406880697932e+27,0.0000000000000000e+00,7.1970311505986139e+07,-9.5957542450961453e+04,0.0000000000000000e+00,0.0000000000000000e+00,1.7962050813552950e+25,0.0000000000000000e+00,5.9873502711843142e+24,0.0000000000000000e+00,0.0000000000000000e+00,0.0000000000000000e+00,2.4957569988652925e+17,0.0000000000000000e+00,0.0000000000000000e+00,0.0000000000000000e+00,0.0000000000000000e+00,0.0000000000000000e+00,0.0000000000000000e+00,0.0000000000000000e+00,1.3333333333333330e+00,3.3305033878276258e+03,3.7921830240904360e-07,0.0000000000000000e+00,0.0000000000000000e+00,0.0000000000000000e+00,0.0000000000000000e+00,0.0000000000000000e+00,0.0000000000000000e+00,0.0000000000000000e+00,0.0000000000000000e+00,
1.0000000000000000e+00,8.4125000000000000e+01,1.5707963267948966e+00,3.1415926535897931e+00,2.5000000000000000e-01,3.1415926535897931e+00,6.2831853071795862e+00,-4.4174442197642732e+19,1.0000000000000000e+00,8.4125123823583962e+01,8.4125123823583962e+01,1.0000000000000000e+00,7.0770416666544015e+03,7.0770416666544015e+03,7.0770416666544015e+03,1.0000000000000000e+00,0.0000000000000000e+00,0.0000000000000000e+00,0.0000000000000000e+00,1.0000000000000000e+00,0.0000000000000000e+00,0.0000000000000000e+00,0.0000000000000000e+00,0.0000000000000000e+00,0.0000000000000000e+00,0.0000000000000000e+00,6.7118615279016897e+07,-6.7093157601721357e+17,0.0000000000000000e+00,0.0000000000000000e+00,2.8329490442000774e+27,0.0000000000000000e+00,6.7118615279016897e+07,-9.3639906734549309e+04,0.0000000000000000e+00,0.0000000000000000e+00,1.6365981169200557e+25,0.0000000000000000e+00,5.4553270564001839e+24,0.0000000000000000e+00,0.0000000000000000e+00,0.0000000000000000e+00,2.4383656968619450e+17,0.0000000000000000e+00,0.0000000000000000e+00,0.0000000000000000e+00,0.0000000000000000e+00,0.0000000000000000e+00,0.0000000000000000e+00,0.0000000000000000e+00,1.3333333333333330e+00,3.2919873054559284e+03,3.2985843674226869e-07,0.0000000000000000e+00,0.0000000000000000e+00,0.0000000000000000e+00,0.0000000000000000e+00,0.0000000000000000e+00,0.0000000000000000e+00,0.0000000000000000e+00,0.0000000000000000e+00,
1.0000000000000000e+00,8.8125000000000000e+01,1.5707963267948966e+00,3.1415926535897931e+00,2.5000000000000000e-01,3.1415926535897931e+00,6.2831853071795862e+00,-4.2169363886738194e+19,1.0000000000000000e+00,8.8125118203230414e+01,8.8125118203230414e+01,1.0000000000000000e+00,7.7660416666554902e+03,7.7660416666554902e+03,7.7660416666554902e+03,1.0000000000000000e+00,0.0000000000000000e+00,0.0000000000000000e+00,0.0000000000000000e+00,1.0000000000000000e+00,0.0000000000000000e+00,0.0000000000000000e+00,0.0000000000000000e+00,0.0000000000000000e+00,0.0000000000000000e+00,0.0000000000000000e+00,6.4893577530657567e+07,-6.1140664480769446e+17,0.0000000000000000e+00,0.0000000000000000e+00,2.6780238742236446e+27,0.0000000000000000e+00,6.4893577530657567e+07,-9.1481913268986667e+04,0.0000000000000000e+00,0.0000000000000000e+00,1.5646613189098103e+25,0.0000000000000000e+00,5.2155377296993668e+24,0.0000000000000000e+00,0.0000000000000000e+00,0.0000000000000000e+00,2.4111177465683699e+17,0.0000000000000000e+00,0.0000000000000000e+00,0.0000000000000000e+00,0.0000000000000000e+00,0.0000000000000000e+00,0.0000000000000000e+00,0.0000000000000000e+00,1.3333333333333330e+00,3.2735421859069884e+03,3.0836888508284848e-07,0.0000000000000000e+00,0.0000000000000000e+00,0.0000000000000000e+00,0.0000000000000000e+00,0.0000000000000000e+00,0.0000000000000000e+00,0.0000000000000000e+00,0.0000000000000000e+00,

18,61
2.0000000000000000e+00,2.3875000000000000e+01,1.5707963267948966e+00,3.1415926535897931e+00,2.5000000000000000e-01,3.1415926535897931e+00,6.2831853071795862e+00,-1.5564999913578168e+20,1.0000000000000000e+00,2.3875436296188003e+01,2.3875436296188003e+01,1.0000000000000000e+00,5.7004166651438186e+02,5.7004166651438186e+02,5.7004166651438186e+02,1.0000000000000000e+00,0.0000000000000000e+00,0.0000000000000000e+00,0.0000000000000000e+00,1.0000000000000000e+00,0.0000000000000000e+00,0.0000000000000000e+00,0.0000000000000000e+00,0.0000000000000000e+00,0.0000000000000000e+00,0.0000000000000000e+00,2.3288873395572796e+10,-8.3298652672899133e+18,0.0000000000000000e+00,0.0000000000000000e+00,3.2261224463355417e+30,0.0000000000000000e+00,2.3288873395572796e+10,-5.0340758621390460e+03,0.0000000000000000e+00,0.0000000000000000e+00,3.2231717136712130e+30,0.0000000000000000e+00,1.0743905712237375e+30,0.0000000000000000e+00,0.0000000000000000e+00,0.0000000000000000e+00,1.3839427949185299e+20,0.0000000000000000e+00,0.0000000000000000e+00,0.0000000000000000e+00,0.0000000000000000e+00,0.0000000000000000e+00,0.0000000000000000e+00,0.0000000000000000e+00,1.3333333333333335e+00,7.8427272109462181e+04,1.0540062991331407e-04,0.0000000000000000e+00,0.0000000000000000e+00,0.0000000000000000e+00,0.0000000000000000e+00,0.0000000000000000e+00,0.0000000000000000e+00,0.0000000000000000e+00,0.0000000000000000e+00,
3.0000000000000000e+00,2.7875000000000000e+01,1.5707963267948966e+00,3.1415926535897931e+00,2.5000000000000000e-01,3.1415926535897931e+00,6.2831853071795862e+00,-1.3331489776642377e+20,1.0000000000000000e+00,2.7875373689572886e+01,2.7875373689572886e+01,1.0000000000000000e+00,7.7704166655495078e+02,7.7704166655495078e+02,7.7704166655495078e+02,1.0000000000000000e+00,0.0000000000000000e+00,0.0000000000000000e+00,0.0000000000000000e+00,1.0000000000000000e+00,0.0000000000000000e+00,0.0000000000000000e+00,0.0000000000000000e+00,0.0000000000000000e+00,0.0000000000000000e+00,0.0000000000000000e+00,1.3499040935826651e+10,-6.1107714716550769e+18,0.0000000000000000e+00,0.0000000000000000e+00,1.5601729011653951e+30,0.0000000000000000e+00,1.3499040935826651e+10,-6.0436469687037306e+03,0.0000000000000000e+00,0.0000000000000000e+00,1.5577077054120756e+30,0.0000000000000000e+00,5.1923590180402498e+29,0.0000000000000000e+00,0.0000000000000000e+00,0.0000000000000000e+00,1.1539083359862093e+20,0.0000000000000000e+00,0.0000000000000000e+00,0.0000000000000000e+00,0.0000000000000000e+00,0.0000000000000000e+00,0.0000000000000000e+00,0.0000000000000000e+00,1.3333333333333335e+00,7.1613336311062245e+04,4.7176451305580408e-05,0.0000000000000000e+00,0.0000000000000000e+00,0.0000000000000000e+00,0.0000000000000000e+00,0.0000000000000000e+00,0.0000000000000000e+00,0.0000000000000000e+00,0.0000000000000000e+00,
4.0000000000000000e+00,3.1875000000000000e+01,1.5707963267948966e+00,3.1415926535897931e+00,2.5000000000000000e-01,3.1415926535897931e+00,6.2831853071795862e+00,-1.1658536893446046e+20,1.0000000000000000e+00,3.1875326795710389e+01,3.1875326795710389e+01,1.0000000000000000e+00,1.0160416665812299e+03,1.0160416665812299e+03,1.0160416665812299e+03,1.0000000000000000e+00,0.0000000000000000e+00,0.0000000000000000e+00,0.0000000000000000e+00,1.0000000000000000e+00,0.0000000000000000e+00,0.0000000000000000e+00,0.0000000000000000e+00,0.0000000000000000e+00,0.0000000000000000e+00,0.0000000000000000e+00,8.5018375359924879e+09,-4.6733261616666204e+18,0.0000000000000000e+00,0.0000000000000000e+00,8.4305665845720902e+29,0.0000000000000000e+00,8.5018375359924879e+09,-7.0605211518893639e+03,0.0000000000000000e+00,0.0000000000000000e+00,8.4093760589580058e+29,0.0000000000000000e+00,2.8031253529860004e+29,0.0000000000000000e+00,0.0000000000000000e+00,0.0000000000000000e+00,9.8910476731815018e+19,0.0000000000000000e+00,0.0000000000000000e+00,0.0000000000000000e+00,0.0000000000000000e+00,0.0000000000000000e+00,0.0000000000000000e+00,0.0000000000000000e+00,1.3333333333333335e+00,6.6302442403631649e+04,2.9992373261512909e-05,0.0000000000000000e+00,0.0000000000000000e+00,0.0000000000000000e+00,0.0000000000000000e+00,0.0000000000000000e+00,0.0000000000000000e+00,0.0000000000000000e+00,0.0000000000000000e+00,
5.0000000000000000e+00,3.5875000000000000e+01,1.5707963267948966e+00,3.1415926535897931e+00,2.5000000000000000e-01,3.1415926535897931e+00,6.2831853071795862e+00,-1.0358641522087245e+20,1.0000000000000000e+00,3.5875290358871425e+01,3.5875290358871425e+01,1.0000000000000000e+00,1.2870416665992198e+03,1.2870416665992198e+03,1.2870416665992198e+03,1.0000000000000000e+00,0.0000000000000000e+00,0.0000000000000000e+00,0.0000000000000000e+00,1.0000000000000000e+00,0.0000000000000000e+00,0.0000000000000000e+00,0.0000000000000000e+00,0.0000000000000000e+00,0.0000000000000000e+00,0.0000000000000000e+00,5.6889546501720762e+09,-3.6892928367890867e+18,0.0000000000000000e+00,0.0000000000000000e+00,4.9403824685547342e+29,0.0000000000000000e+00,5.6889546501720762e+09,-8.0875052154324621e+03,0.0000000000000000e+00,0.0000000000000000e+00,4.9217778692039617e+29,0.0000000000000000e+00,1.6405926230679869e+29,0.0000000000000000e+00,0.0000000000000000e+00,0.0000000000000000e+00,8.6513293916750004e+19,0.0000000000000000e+00,0.0000000000000000e+00,0.0000000000000000e+00,0.0000000000000000e+00,0.0000000000000000e+00,0.0000000000000000e+00,0.0000000000000000e+00,1.3333333333333335e+00,6.2008308714891638e+04,2.0258204976742053e-05,0.0000000000000000e+00,0.0000000000000000e+00,0.0000000000000000e+00,0.0000000000000000e+00,0.0000000000000000e+00,0.0000000000000000e+00,0.0000000000000000e+00,0.0000000000000000e+00,
6.0000000000000000e+00,3.9875000000000000e+01,1.5707963267948966e+00,3.1415926535897931e+00,2.5000000000000000e-01,3.1415926535897931e+00,6.2831853071795862e+00,-9.3195373339128349e+19,1.0000000000000000e+00,3.9875261232164149e+01,3.9875261232164149e+01,1.0000000000000000e+00,1.5900416666120727e+03,1.5900416666120727e+03,1.5900416666120727e+03,1.0000000000000000e+00,0.0000000000000000e+00,0.0000000000000000e+00,0.0000000000000000e+00,1.0000000000000000e+00,0.0000000000000000e+00,0.0000000000000000e+00,0.0000000000000000e+00,0.0000000000000000e+00,0.0000000000000000e+00,0.0000000000000000e+00,3.9860231046944451e+09,-2.9862481306366459e+18,0.0000000000000000e+00,0.0000000000000000e+00,3.0794920023174402e+29,0.0000000000000000e+00,3.9860231046944451e+09,-9.1280269028900439e+03,0.0000000000000000e+00,0.0000000000000000e+00,3.0628864020235834e+29,0.0000000000000000e+00,1.0209621340078611e+29,0.0000000000000000e+00,0.0000000000000000e+00,0.0000000000000000e+00,7.6839715345816994e+19,0.0000000000000000e+00,0.0000000000000000e+00,0.0000000000000000e+00,0.0000000000000000e+00,0.0000000000000000e+00,0.0000000000000000e+00,0.0000000000000000e+00,1.3333333333333335e+00,5.8438813871188970e+04,1.4337282078988524e-05,0.0000000000000000e+00,0.0000000000000000e+00,0.0000000000000000e+00,0.0000000000000000e+00,0.0000000000000000e+00,0.0000000000000000e+00,0.0000000000000000e+00,0.0000000000000000e+00,
7.0000000000000000e+00,4.3875000000000000e+01,1.5707963267948966e+00,3.1415926535897931e+00,2.5000000000000000e-01,3.1415926535897931e+00,6.2831853071795862e+00,-8.4698977328384410e+19,1.0000000000000000e+00,4.3875237416261726e+01,4.3875237416261726e+01,1.0000000000000000e+00,1.9250416666215735e+03,1.9250416666215735e+03,1.9250416666215735e+03,1.0000000000000000e+00,0.0000000000000000e+00,0.0000000000000000e+00,0.0000000000000000e+00,1.0000000000000000e+00,0.0000000000000000e+00,0.0000000000000000e+00,0.0000000000000000e+00,0.0000000000000000e+00,0.0000000000000000e+00,0.0000000000000000e+00,2.8952531296943588e+09,-2.4665690152522097e+18,0.0000000000000000e+00,0.0000000000000000e+00,2.0148478879937499e+29,0.0000000000000000e+00,2.8952531296943588e+09,-1.0186270002595278e+04,0.0000000000000000e+00,0.0000000000000000e+00,1.9998275591611104e+29,0.0000000000000000e+00,6.6660918638703666e+28,0.0000000000000000e+00,0.0000000000000000e+00,0.0000000000000000e+00,6.9071938676507869e+19,0.0000000000000000e+00,0.0000000000000000e+00,0.0000000000000000e+00,0.0000000000000000e+00,0.0000000000000000e+00,0.0000000000000000e+00,0.0000000000000000e+00,1.3333333333333333e+00,5.5406329700356328e+04,1.0531599286555429e-05,0.0000000000000000e+00,0.0000000000000000e+00,0.0000000000000000e+00,0.0000000000000000e+00,0.0000000000000000e+00,0.0000000000000000e+00,0.0000000000000000e+00,0.0000000000000000e+00,
8.0000000000000000e+00,4.7875000000000000e+01,1.5707963267948966e+00,3.1415926535897931e+00,2.5000000000000000e-01,3.1415926535897931e+00,6.2831853071795862e+00,-7.7622333999449932e+19,1.0000000000000000e+00,4.7875217580010364e+01,4.7875217580010364e+01,1.0000000000000000e+00,2.2920416666287938e+03,2.2920416666287938e+03,2.2920416666287938e+03,1.0000000000000000e+00,0.0000000000000000e+00,0.0000000000000000e+00,0.0000000000000000e+00,1.0000000000000000e+00,0.0000000000000000e+00,0.0000000000000000e+00,0.0000000000000000e+00,0.0000000000000000e+00,0.0000000000000000e+00,0.0000000000000000e+00,2.1644086329777842e+09,-2.0716202366754176e+18,0.0000000000000000e+00,0.0000000000000000e+00,1.3705800165814392e+29,0.0000000000000000e+00,2.1644086329777842e+09,-1.1267373050271464e+04,0.0000000000000000e+00,0.0000000000000000e+00,1.3568412325988040e+29,0.0000000000000000e+00,4.5228041086626788e+28,0.0000000000000000e+00,0.0000000000000000e+00,0.0000000000000000e+00,6.2688246438962987e+19,0.0000000000000000e+00,0.0000000000000000e+00,0.0000000000000000e+00,0.0000000000000000e+00,0.0000000000000000e+00,0.0000000000000000e+00,0.0000000000000000e+00,1.3333333333333335e+00,5.2783921158935962e+04,7.9756213317486525e-06,0.0000000000000000e+00,0.0000000000000000e+00,0.0000000000000000e+00,0.0000000000000000e+00,0.0000000000000000e+00,0.0000000000000000e+00,0.0000000000000000e+00,0.0000000000000000e+00,
9.0000000000000000e+00,5.1875000000000000e+01,1.5707963267948966e+00,3.1415926535897931e+00,2.5000000000000000e-01,3.1415926535897931e+00,6.2831853071795862e+00,-7.1637021538530157e+19,1.0000000000000000e+00,5.1875200802824203e+01,5.1875200802824203e+01,1.0000000000000000e+00,2.6910416666344090e+03,2.6910416666344090e+03,2.6910416666344090e+03,1.0000000000000000e+00,0.0000000000000000e+00,0.0000000000000000e+00,0.0000000000000000e+00,1.0000000000000000e+00,0.0000000000000000e+00,0.0000000000000000e+00,0.0000000000000000e+00,0.0000000000000000e+00,0.0000000000000000e+00,0.0000000000000000e+00,1.6563372848807924e+09,-1.7644593019866944e+18,0.0000000000000000e+00,0.0000000000000000e+00,9.6243528564101744e+28,0.0000000000000000e+00,1.6563372848807924e+09,-1.2377723574167829e+04,0.0000000000000000e+00,0.0000000000000000e+00,9.4974723547395615e+28,0.0000000000000000e+00,3.1658241182465198e+28,0.0000000000000000e+00,0.0000000000000000e+00,0.0000000000000000e+00,5.7339795480668021e+19,0.0000000000000000e+00,0.0000000000000000e+00,0.0000000000000000e+00,0.0000000000000000e+00,0.0000000000000000e+00,0.0000000000000000e+00,0.0000000000000000e+00,1.3333333333333335e+00,5.0482014904737880e+04,6.1965552907812603e-06,0.0000000000000000e+00,0.0000000000000000e+00,0.0000000000000000e+00,0.0000000000000000e+00,0.0000000000000000e+00,0.0000000000000000e+00,0.0000000000000000e+00,0.0000000000000000e+00,
1.0000000000000000e+01,5.5875000000000000e+01,1.5707963267948966e+00,3.1415926535897931e+00,2.5000000000000000e-01,3.1415926535897931e+00,6.2831853071795862e+00,-6.6508661928373780e+19,1.0000000000000000e+00,5.5875186427727755e+01,5.5875186427727755e+01,1.0000000000000000e+00,3.1220416666388628e+03,3.1220416666388628e+03,3.1220416666388628e+03,1.0000000000000000e+00,0.0000000000000000e+00,0.0000000000000000e+00,0.0000000000000000e+00,1.0000000000000000e+00,0.0000000000000000e+00,0.0000000000000000e+00,0.0000000000000000e+00,0.0000000000000000e+00,0.0000000000000000e+00,0.0000000000000000e+00,1.2920772732484398e+09,-1.5208728559781614e+18,0.0000000000000000e+00,0.0000000000000000e+00,6.9383346144516442e+28,0.0000000000000000e+00,1.2920772732484398e+09,-1.3525402028387602e+04,0.0000000000000000e+00,0.0000000000000000e+00,6.8201518762150105e+28,0.0000000000000000e+00,2.2733839587383370e+28,0.0000000000000000e+00,0.0000000000000000e+00,0.0000000000000000e+00,5.2784066471674012e+19,0.0000000000000000e+00,0.0000000000000000e+00,0.0000000000000000e+00,0.0000000000000000e+00,0.0000000000000000e+00,0.0000000000000000e+00,0.0000000000000000e+00,1.3333333333333335e+00,4.8435083240380700e+04,4.9213266791712638e-06,0.0000000000000000e+00,0.0000000000000000e+00,0.0000000000000000e+00,0.0000000000000000e+00,0.0000000000000000e+00,0.0000000000000000e+00,0.0000000000000000e+00,0.0000000000000000e+00,
1.1000000000000000e+01,5.9875000000000000e+01,1.5707963267948966e+00,3.1415926535897931e+00,2.5000000000000000e-01,3.1415926535897931e+00,6.2831853071795862e+00,-6.2065507906672681e+19,1.0000000000000000e+00,5.9875173973303269e+01,5.9875173973303269e+01,1.0000000000000000e+00,3.5850416666424530e+03,3.5850416666424530e+03,3.5850416666424530e+03,1.0000000000000000e+00,0.0000000000000000e+00,0.0000000000000000e+00,0.0000000000000000e+00,1.0000000000000000e+00,0.0000000000000000e+00,0.0000000000000000e+00,0.0000000000000000e+00,0.0000000000000000e+00,0.0000000000000000e+00,0.0000000000000000e+00,1.0239633553850281e+09,-1.3244544347041180e+18,0.0000000000000000e+00,0.0000000000000000e+00,5.1126946242676054e+28,0.0000000000000000e+00,1.0239633553850281e+09,-1.4720871325154429e+04,0.0000000000000000e+00,0.0000000000000000e+00,5.0017472252408441e+28,0.0000000000000000e+00,1.6672490750802808e+28,0.0000000000000000e+00,0.0000000000000000e+00,0.0000000000000000e+00,4.8846665864170013e+19,0.0000000000000000e+00,0.0000000000000000e+00,0.0000000000000000e+00,0.0000000000000000e+00,0.0000000000000000e+00,0.0000000000000000e+00,0.0000000000000000e+00,1.3333333333333335e+00,4.6593582472783542e+04,8.4542209101926602e-01,0.0000000000000000e+00,0.0000000000000000e+00,0.0000000000000000e+00,0.0000000000000000e+00,0.0000000000000000e+00,0.0000000000000000e+00,0.0000000000000000e+00,0.0000000000000000e+00,
0.0000000000000000e+00,6.3875000000000000e+01,1.5707963267948966e+00,3.1415926535897931e+00,2.5000000000000000e-01,3.1415926535897931e+00,6.2831853071795862e+00,-5.8178832734588346e+19,1.0000000000000000e+00,6.3875163078722025e+01,6.3875163078722025e+01,1.0000000000000000e+00,4.0800416666453916e+03,4.0800416666453916e+03,4.0800416666453916e+03,1.0000000000000000e+00,0.0000000000000000e+00,0.0000000000000000e+00,0.0000000000000000e+00,1.0000000000000000e+00,0.0000000000000000e+00,0.0000000000000000e+00,0.0000000000000000e+00,0.0000000000000000e+00,0.0000000000000000e+00,0.0000000000000000e+00,1.1851330600404641e+08,-1.1637677686404756e+18,0.0000000000000000e+00,0.0000000000000000e+00,7.3133771804327239e+27,0.0000000000000000e+00,1.1851330600404641e+08,-1.0751516505387342e+05,0.0000000000000000e+00,0.0000000000000000e+00,3.4929896884970344e+25,0.0000000000000000e+00,1.1643298961656780e+25,0.0000000000000000e+00,0.0000000000000000e+00,0.0000000000000000e+00,2.9472390624395290e+17,0.0000000000000000e+00,0.0000000000000000e+00,0.0000000000000000e+00,0.0000000000000000e+00,0.0000000000000000e+00,0.0000000000000000e+00,0.0000000000000000e+00,1.3333333333333335e+00,3.6192268488783666e+03,8.4444275887337439e-01,0.0000000000000000e+00,0.0000000000000000e+00,0.0000000000000000e+00,0.0000000000000000e+00,0.0000000000000000e+00,0.0000000000000000e+00,0.0000000000000000e+00,0.0000000000000000e+00,
0.0000000000000000e+00,6.7875000000000000e+01,1.5707963267948966e+00,3.1415926535897931e+00,2.5000000000000000e-01,3.1415926535897931e+00,6.2831853071795862e+00,-5.4750253901698163e+19,1.0000000000000000e+00,6.7875153468212005e+01,6.7875153468212005e+01,1.0000000000000000e+00,4.6070416666478250e+03,4.6070416666478250e+03,4.6070416666478250e+03,1.0000000000000000e+00,0.0000000000000000e+00,0.0000000000000000e+00,0.0000000000000000e+00,1.0000000000000000e+00,0.0000000000000000e+00,0.0000000000000000e+00,0.0000000000000000e+00,0.0000000000000000e+00,0.0000000000000000e+00,0.0000000000000000e+00,1.0761041175333910e+08,-1.0306436443395695e+18,0.0000000000000000e+00,0.0000000000000000e+00,6.2260151377578516e+27,0.0000000000000000e+00,1.0761041175333910e+08,-1.0428841741051793e+05,0.0000000000000000e+00,0.0000000000000000e+00,3.0710761292996635e+25,0.0000000000000000e+00,1.0236920430998879e+25,0.0000000000000000e+00,0.0000000000000000e+00,0.0000000000000000e+00,2.8538811145655830e+17,0.0000000000000000e+00,0.0000000000000000e+00,0.0000000000000000e+00,0.0000000000000000e+00,0.0000000000000000e+00,0.0000000000000000e+00,0.0000000000000000e+00,1.3333333333333335e+00,3.5614484501185216e+03,8.4678278955027974e-07,0.0000000000000000e+00,0.0000000000000000e+00,0.0000000000000000e+00,0.0000000000000000e+00,0.0000000000000000e+00,0.0000000000000000e+00,0.0000000000000000e+00,0.0000000000000000e+00,
1.2000000000000000e+01,7.1875000000000000e+01,1.5707963267948966e+00,3.1415926535897931e+00,2.5000000000000000e-01,3.1415926535897931e+00,6.2831853071795862e+00,-5.1703289574682157e+19,1.0000000000000000e+00,7.1875144927390124e+01,7.1875144927390124e+01,1.0000000000000000e+00,5.1660416666498641e+03,5.1660416666498641e+03,5.1660416666498641e+03,1.0000000000000000e+00,0.0000000000000000e+00,0.0000000000000000e+00,0.0000000000000000e+00,1.0000000000000000e+00,0.0000000000000000e+00,0.0000000000000000e+00,0.0000000000000000e+00,0.0000000000000000e+00,0.0000000000000000e+00,0.0000000000000000e+00,9.8283315569700077e+07,-9.1912071096919130e+17,0.0000000000000000e+00,0.0000000000000000e+00,5.3522273088042031e+27,0.0000000000000000e+00,9.8283315569700077e+07,-1.0133492545087445e+05,0.0000000000000000e+00,0.0000000000000000e+00,2.7213927620883731e+25,0.0000000000000000e+00,9.0713092069612414e+24,0.0000000000000000e+00,0.0000000000000000e+00,0.0000000000000000e+00,2.7689241668129574e+17,0.0000000000000000e+00,0.0000000000000000e+00,0.0000000000000000e+00,0.0000000000000000e+00,0.0000000000000000e+00,0.0000000000000000e+00,0.0000000000000000e+00,1.3333333333333333e+00,3.5080377376929723e+03,7.0659098742802561e-07,0.0000000000000000e+00,0.0000000000000000e+00,0.0000000000000000e+00,0.0000000000000000e+00,0.0000000000000000e+00,0.0000000000000000e+00,0.0000000000000000e+00,0.0000000000000000e+00,
1.3000000000000000e+01,7.5875000000000000e+01,1.5707963267948966e+00,3.1415926535897931e+00,2.5000000000000000e-01,3.1415926535897931e+00,6.2831853071795862e+00,-4.8977585802944602e+19,1.0000000000000000e+00,7.5875137287080619e+01,7.5875137287080619e+01,1.0000000000000000e+00,5.7570416666515885e+03,5.7570416666515885e+03,5.7570416666515885e+03,1.0000000000000000e+00,0.0000000000000000e+00,0.0000000000000000e+00,0.0000000000000000e+00,1.0000000000000000e+00,0.0000000000000000e+00,0.0000000000000000e+00,0.0000000000000000e+00,0.0000000000000000e+00,0.0000000000000000e+00,0.0000000000000000e+00,9.0230583567888945e+07,-8.2476629469929613e+17,0.0000000000000000e+00,0.0000000000000000e+00,4.6409602973657240e+27,0.0000000000000000e+00,9.0230583567888945e+07,-9.8618178194560489e+04,0.0000000000000000e+00,0.0000000000000000e+00,2.4282300101822235e+25,0.0000000000000000e+00,8.0941000339407464e+24,0.0000000000000000e+00,0.0000000000000000e+00,0.0000000000000000e+00,2.6911365249428061e+17,0.0000000000000000e+00,0.0000000000000000e+00,0.0000000000000000e+00,0.0000000000000000e+00,0.0000000000000000e+00,0.0000000000000000e+00,0.0000000000000000e+00,1.3333333333333335e+00,3.4584109112178003e+03,5.9571336204099454e-07,0.0000000000000000e+00,0.0000000000000000e+00,0.0000000000000000e+00,0.0000000000000000e+00,0.0000000000000000e+00,0.0000000000000000e+00,0.0000000000000000e+00,0.0000000000000000e+00,
1.4000000000000000e+01,7.9875000000000000e+01,1.5707963267948966e+00,3.1415926535897931e+00,2.5000000000000000e-01,3.1415926535897931e+00,6.2831853071795862e+00,-4.6524878260950696e+19,1.0000000000000000e+00,7.9875130411995784e+01,7.9875130411995784e+01,1.0000000000000000e+00,6.3800416666530600e+03,6.3800416666530600e+03,6.3800416666530600e+03,1.0000000000000000e+00,0.0000000000000000e+00,0.0000000000000000e+00,0.0000000000000000e+00,1.0000000000000000e+00,0.0000000000000000e+00,0.0000000000000000e+00,0.0000000000000000e+00,0.0000000000000000e+00,0.0000000000000000e+00,0.0000000000000000e+00,8.3221072621599913e+07,-7.4422903392530509e+17,0.0000000000000000e+00,0.0000000000000000e+00,4.0553201809750159e+27,0.0000000000000000e+00,8.3221072621599913e+07,-9.6108148611653785e+04,0.0000000000000000e+00,0.0000000000000000e+00,2.1800302695649478e+25,0.0000000000000000e+00,7.2667675652164904e+24,0.0000000000000000e+00,0.0000000000000000e+00,0.0000000000000000e+00,2.6195634530164688e+17,0.0000000000000000e+00,0.0000000000000000e+00,0.0000000000000000e+00,0.0000000000000000e+00,0.0000000000000000e+00,0.0000000000000000e+00,0.0000000000000000e+00,1.3333333333333335e+00,3.4121113087372983e+03,5.0687153071481865e-07,0.0000000000000000e+00,0.0000000000000000e+00,0.0000000000000000e+00,0.0000000000000000e+00,0.0000000000000000e+00,0.0000000000000000e+00,0.0000000000000000e+00,0.0000000000000000e+00,
1.5000000000000000e+01,8.3875000000000000e+01,1.5707963267948966e+00,3.1415926535897931e+00,2.5000000000000000e-01,3.1415926535897931e+00,6.2831853071795862e+00,-4.4306109490895110e+19,1.0000000000000000e+00,8.3875124192655193e+01,8.3875124192655193e+01,1.0000000000000000e+00,7.0350416666543269e+03,7.0350416666543269e+03,7.0350416666543269e+03,1.0000000000000000e+00,0.0000000000000000e+00,0.0000000000000000e+00,0.0000000000000000e+00,1.0000000000000000e+00,0.0000000000000000e+00,0.0000000000000000e+00,0.0000000000000000e+00,0.0000000000000000e+00,0.0000000000000000e+00,0.0000000000000000e+00,7.7074885199045151e+07,-6.7493712580310822e+17,0.0000000000000000e+00,0.0000000000000000e+00,3.5681554055083614e+27,0.0000000000000000e+00,7.7074885199045151e+07,-9.3779884506699207e+04,0.0000000000000000e+00,0.0000000000000000e+00,1.9680461343606018e+25,0.0000000000000000e+00,6.5601537812020052e+24,0.0000000000000000e+00,0.0000000000000000e+00,0.0000000000000000e+00,2.5534192295939984e+17,0.0000000000000000e+00,0.0000000000000000e+00,0.0000000000000000e+00,0.0000000000000000e+00,0.0000000000000000e+00,0.0000000000000000e+00,0.0000000000000000e+00,1.3333333333333335e+00,3.3687578326900584e+03,4.3485232366951979e-07,0.0000000000000000e+00,0.0000000000000000e+00,0.0000000000000000e+00,0.0000000000000000e+00,0.0000000000000000e+00,0.0000000000000000e+00,0.0000000000000000e+00,0.0000000000000000e+00,
1.0000000000000000e+00,8.7875000000000000e+01,1.5707963267948966e+00,3.1415926535897931e+00,2.5000000000000000e-01,3.1415926535897931e+00,6.2831853071795862e+00,-4.2289333465920881e+19,1.0000000000000000e+00,8.7875118539512272e+01,8.7875118539512272e+01,1.0000000000000000e+00,7.7220416666554265e+03,7.7220416666554265e+03,7.7220416666554265e+03,1.0000000000000000e+00,0.0000000000000000e+00,0.0000000000000000e+00,0.0000000000000000e+00,1.0000000000000000e+00,0.0000000000000000e+00,0.0000000000000000e+00,0.0000000000000000e+00,0.0000000000000000e+00,0.0000000000000000e+00,0.0000000000000000e+00,7.1650135946324944e+07,-6.1489043395462490e+17,0.0000000000000000e+00,0.0000000000000000e+00,3.1591564165270264e+27,0.0000000000000000e+00,7.1650135946324944e+07,-9.1612456476961932e+04,0.0000000000000000e+00,0.0000000000000000e+00,1.7855585738550223e+25,0.0000000000000000e+00,5.9518619128500721e+24,0.0000000000000000e+00,0.0000000000000000e+00,0.0000000000000000e+00,2.4920505274722634e+17,0.0000000000000000e+00,0.0000000000000000e+00,0.0000000000000000e+00,0.0000000000000000e+00,0.0000000000000000e+00,0.0000000000000000e+00,0.0000000000000000e+00,1.3333333333333335e+00,3.3280293889832324e+03,3.7585522727403038e-07,0.0000000000000000e+00,0.0000000000000000e+00,0.0000000000000000e+00,0.0000000000000000e+00,0.0000000000000000e+00,0.0000000000000000e+00,0.0000000000000000e+00,0.0000000000000000e+00,
1.0000000000000000e+00,8.9875000000000000e+01,1.5707963267948966e+00,3.1415926535897931e+00,2.5000000000000000e-01,3.1415926535897931e+00,6.2831853071795862e+00,-4.1348264685738451e+19,1.0000000000000000e+00,8.9875115901640612e+01,8.9875115901640612e+01,1.0000000000000000e+00,8.0775416666559222e+03,8.0775416666559222e+03,8.0775416666559222e+03,1.0000000000000000e+00,0.0000000000000000e+00,0.0000000000000000e+00,0.0000000000000000e+00,1.0000000000000000e+00,0.0000000000000000e+00,0.0000000000000000e+00,0.0000000000000000e+00,0.0000000000000000e+00,0.0000000000000000e+00,0.0000000000000000e+00,6.6833575581457451e+07,-5.8782847351141530e+17,0.0000000000000000e+00,0.0000000000000000e+00,2.8129077414294008e+27,0.0000000000000000e+00,6.6833575581457451e+07,-9.0583415318821673e+04,0.0000000000000000e+00,0.0000000000000000e+00,1.6273375943162779e+25,0.0000000000000000e+00,5.4244586477209251e+24,0.0000000000000000e+00,0.0000000000000000e+00,0.0000000000000000e+00,2.4349090464455453e+17,0.0000000000000000e+00,0.0000000000000000e+00,0.0000000000000000e+00,0.0000000000000000e+00,0.0000000000000000e+00,0.0000000000000000e+00,0.0000000000000000e+00,1.3333333333333335e+00,3.2896531020411599e+03,3.2706520238365234e-07,0.0000000000000000e+00,0.0000000000000000e+00,0.0000000000000000e+00,0.0000000000000000e+00,0.0000000000000000e+00,0.0000000000000000e+00,0.0000000000000000e+00,0.0000000000000000e+00,

