1
1
61
0
(25 0
((0) (31) (0))
((32) (63) (0))
((64) (95) (0))
((96) (127) (0))
((128) (159) (0))
((160) (191) (0))
((192) (223) (0))
((224) (255) (0))
((256) (287) (0))
((288) (319) (0))
((320) (349) (0))
((350) (379) (0))
((380) (409) (0))
((410) (439) (0))
((440) (469) (0))
((470) (499) (0))
((500) (529) (0))
((530) (559) (0))
((560) (589) (0))
((590) (619) (0))
((620) (649) (0))
((650) (679) (0))
((680) (709) (0))
((710) (739) (0))
((740) (769) (0))
)
25
FabOnDisk: Cell_D_00000 0
FabOnDisk: Cell_D_00000 15692
FabOnDisk: Cell_D_00000 31385
FabOnDisk: Cell_D_00000 47078
FabOnDisk: Cell_D_00000 62772
FabOnDisk: Cell_D_00000 78467
FabOnDisk: Cell_D_00000 94162
FabOnDisk: Cell_D_00000 109857
FabOnDisk: Cell_D_00000 125552
FabOnDisk: Cell_D_00000 141247
FabOnDisk: Cell_D_00000 156942
FabOnDisk: Cell_D_00000 171661
FabOnDisk: Cell_D_00000 186380
FabOnDisk: Cell_D_00000 201099
FabOnDisk: Cell_D_00000 215818
FabOnDisk: Cell_D_00000 230537
FabOnDisk: Cell_D_00000 245256
FabOnDisk: Cell_D_00000 259975
FabOnDisk: Cell_D_00000 274694
FabOnDisk: Cell_D_00000 289413
FabOnDisk: Cell_D_00000 304132
FabOnDisk: Cell_D_00000 318851
FabOnDisk: Cell_D_00000 333570
FabOnDisk: Cell_D_00000 348289
FabOnDisk: Cell_D_00000 363008

25,61
0.0000000000000000e+00,3.0499999999999998e+00,1.5707963267948966e+00,3.1415926535897931e+00,1.0000000000000001e-01,3.1415926535897931e+00,6.2831853071795862e+00,-1.2183097631095671e+21,1.0000000000000000e+00,3.0505463991400927e+00,3.0505463991400927e+00,1.0000000000000000e+00,9.3066664278036537e+00,9.3066664278036537e+00,9.3066664278036537e+00,1.0000000000000000e+00,0.0000000000000000e+00,0.0000000000000000e+00,0.0000000000000000e+00,1.0000000000000000e+00,0.0000000000000000e+00,0.0000000000000000e+00,0.0000000000000000e+00,0.0000000000000000e+00,0.0000000000000000e+00,0.0000000000000000e+00,1.0297483947523059e+12,-5.1037585896255678e+20,0.0000000000000000e+00,0.0000000000000000e+00,4.6669662660368488e+32,0.0000000000000000e+00,1.0297483947523059e+12,-1.2191762436971560e+03,0.0000000000000000e+00,0.0000000000000000e+00,4.6668897440455857e+32,0.0000000000000000e+00,1.5556299146818618e+32,0.0000000000000000e+00,0.0000000000000000e+00,0.0000000000000000e+00,4.5317684164673955e+20,0.0000000000000000e+00,0.0000000000000000e+00,0.0000000000000000e+00,0.0000000000000000e+00,0.0000000000000000e+00,0.0000000000000000e+00,0.0000000000000000e+00,1.3333333333333330e+00,1.4191927993445477e+05,1.7784889470267643e-04,0.0000000000000000e+00,0.0000000000000000e+00,0.0000000000000000e+00,0.0000000000000000e+00,0.0000000000000000e+00,0.0000000000000000e+00,0.0000000000000000e+00,0.0000000000000000e+00,
0.0000000000000000e+00,6.2500000000000000e+00,1.5707963267948966e+00,3.1415926535897931e+00,1.0000000000000001e-01,3.1415926535897931e+00,6.2831853071795862e+00,-5.9457574496069524e+20,1.0000000000000000e+00,6.2502666609778990e+00,6.2502666609778990e+00,1.0000000000000000e+00,3.9066666609778984e+01,3.9066666609778984e+01,3.9066666609778984e+01,1.0000000000000000e+00,0.0000000000000000e+00,0.0000000000000000e+00,0.0000000000000000e+00,1.0000000000000000e+00,0.0000000000000000e+00,0.0000000000000000e+00,0.0000000000000000e+00,0.0000000000000000e+00,0.0000000000000000e+00,0.0000000000000000e+00,2.9300925833554651e+11,-1.2155124348190938e+20,0.0000000000000000e+00,0.0000000000000000e+00,8.7345795668368651e+31,0.0000000000000000e+00,2.9300925833554651e+11,-1.8536700228961388e+03,0.0000000000000000e+00,0.0000000000000000e+00,8.7340761873746541e+31,0.0000000000000000e+00,2.9113587291248849e+31,0.0000000000000000e+00,0.0000000000000000e+00,0.0000000000000000e+00,2.9807339219798537e+20,0.0000000000000000e+00,0.0000000000000000e+00,0.0000000000000000e+00,0.0000000000000000e+00,0.0000000000000000e+00,0.0000000000000000e+00,0.0000000000000000e+00,1.3333333333333330e+00,1.1509854361446785e+05,5.1655449195534643e-05,0.0000000000000000e+00,0.0000000000000000e+00,0.0000000000000000e+00,0.0000000000000000e+00,0.0000000000000000e+00,0.0000000000000000e+00,0.0000000000000000e+00,0.0000000000000000e+00,
0.0000000000000000e+00,9.4499999999999993e+00,1.5707963267948966e+00,3.1415926535897931e+00,1.0000000000000001e-01,3.1415926535897931e+00,6.2831853071795862e+00,-3.9324264623594059e+20,1.0000000000000000e+00,9.4501763651972670e+00,9.4501763651972670e+00,1.0000000000000000e+00,8.9306666641782684e+01,8.9306666641782684e+01,8.9306666641782684e+01,1.0000000000000000e+00,0.0000000000000000e+00,0.0000000000000000e+00,0.0000000000000000e+00,1.0000000000000000e+00,0.0000000000000000e+00,0.0000000000000000e+00,0.0000000000000000e+00,0.0000000000000000e+00,0.0000000000000000e+00,0.0000000000000000e+00,1.2114488228143135e+11,-5.3169311424153477e+19,0.0000000000000000e+00,0.0000000000000000e+00,2.6905360517157526e+31,0.0000000000000000e+00,1.2114488228143135e+11,-2.4885179974391394e+03,0.0000000000000000e+00,0.0000000000000000e+00,2.6901609533719495e+31,0.0000000000000000e+00,8.9672031779064965e+30,0.0000000000000000e+00,0.0000000000000000e+00,0.0000000000000000e+00,2.2205793391709694e+20,0.0000000000000000e+00,0.0000000000000000e+00,0.0000000000000000e+00,0.0000000000000000e+00,0.0000000000000000e+00,0.0000000000000000e+00,0.0000000000000000e+00,1.3333333333333330e+00,9.9343990482641748e+04,2.1584528441272405e-05,0.0000000000000000e+00,0.0000000000000000e+00,0.0000000000000000e+00,0.0000000000000000e+00,0.0000000000000000e+00,0.0000000000000000e+00,0.0000000000000000e+00,0.0000000000000000e+00,
0.0000000000000000e+00,1.2650000000000000e+01,1.5707963267948966e+00,3.1415926535897931e+00,1.0000000000000001e-01,3.1415926535897931e+00,6.2831853071795862e+00,-2.9376745710744348e+20,1.0000000000000000e+00,1.2650131751619554e+01,1.2650131751619554e+01,1.0000000000000000e+00,1.6002666665277982e+02,1.6002666665277982e+02,1.6002666665277982e+02,1.0000000000000000e+00,0.0000000000000000e+00,0.0000000000000000e+00,0.0000000000000000e+00,1.0000000000000000e+00,0.0000000000000000e+00,0.0000000000000000e+00,0.0000000000000000e+00,0.0000000000000000e+00,0.0000000000000000e+00,0.0000000000000000e+00,6.1271899667181427e+10,-2.9671902480148636e+19,0.0000000000000000e+00,0.0000000000000000e+00,1.0843547332598642e+31,0.0000000000000000e+00,6.1271899667181427e+10,-3.1239866750999277e+03,0.0000000000000000e+00,0.0000000000000000e+00,1.0840557530900588e+31,0.0000000000000000e+00,3.6135191769668618e+30,0.0000000000000000e+00,0.0000000000000000e+00,0.0000000000000000e+00,1.7692365018746441e+20,0.0000000000000000e+00,0.0000000000000000e+00,0.0000000000000000e+00,0.0000000000000000e+00,0.0000000000000000e+00,0.0000000000000000e+00,0.0000000000000000e+00,1.3333333333333330e+00,8.8675062613963280e+04,1.0990748172357985e-05,0.0000000000000000e+00,0.0000000000000000e+00,0.0000000000000000e+00,0.0000000000000000e+00,0.0000000000000000e+00,0.0000000000000000e+00,0.0000000000000000e+00,0.0000000000000000e+00,
0.0000000000000000e+00,1.5850000000000000e+01,1.5707963267948966e+00,3.1415926535897931e+00,1.0000000000000001e-01,3.1415926535897931e+00,6.2831853071795862e+00,-2.3445838219632830e+20,1.0000000000000000e+00,1.5850105152122284e+01,1.5850105152122284e+01,1.0000000000000000e+00,2.5122666665782103e+02,2.5122666665782103e+02,2.5122666665782103e+02,1.0000000000000000e+00,0.0000000000000000e+00,0.0000000000000000e+00,0.0000000000000000e+00,1.0000000000000000e+00,0.0000000000000000e+00,0.0000000000000000e+00,0.0000000000000000e+00,0.0000000000000000e+00,0.0000000000000000e+00,0.0000000000000000e+00,3.5162117822513847e+10,-1.8900301489570980e+19,0.0000000000000000e+00,0.0000000000000000e+00,5.1722291069955899e+30,0.0000000000000000e+00,3.5162117822513847e+10,-3.7604280274284843e+03,0.0000000000000000e+00,0.0000000000000000e+00,5.1697430302442458e+30,0.0000000000000000e+00,1.7232476767480815e+30,0.0000000000000000e+00,0.0000000000000000e+00,0.0000000000000000e+00,1.4702490298149418e+20,0.0000000000000000e+00,0.0000000000000000e+00,0.0000000000000000e+00,0.0000000000000000e+00,0.0000000000000000e+00,0.0000000000000000e+00,0.0000000000000000e+00,1.3333333333333330e+00,8.0835860441674362e+04,6.3387279255516280e-06,0.0000000000000000e+00,0.0000000000000000e+00,0.0000000000000000e+00,0.0000000000000000e+00,0.0000000000000000e+00,0.0000000000000000e+00,0.0000000000000000e+00,0.0000000000000000e+00,
0.0000000000000000e+00,1.9050000000000001e+01,1.5707963267948966e+00,3.1415926535897931e+00,1.0000000000000001e-01,3.1415926535897931e+00,6.2831853071795862e+00,-1.9507449613301613e+20,1.0000000000000000e+00,1.9050087488862967e+01,1.9050087488862967e+01,1.0000000000000000e+00,3.6290666666054312e+02,3.6290666666054312e+02,3.6290666666054312e+02,1.0000000000000000e+00,0.0000000000000000e+00,0.0000000000000000e+00,0.0000000000000000e+00,1.0000000000000000e+00,0.0000000000000000e+00,0.0000000000000000e+00,0.0000000000000000e+00,0.0000000000000000e+00,0.0000000000000000e+00,0.0000000000000000e+00,2.2003914817489670e+10,-1.3083916032409883e+19,0.0000000000000000e+00,0.0000000000000000e+00,2.7692928770832701e+30,0.0000000000000000e+00,2.2003914817489670e+10,-4.3982790536078737e+03,0.0000000000000000e+00,0.0000000000000000e+00,2.7671645821635543e+30,0.0000000000000000e+00,9.2238819405451800e+29,0.0000000000000000e+00,0.0000000000000000e+00,0.0000000000000000e+00,1.2575718711158692e+20,0.0000000000000000e+00,0.0000000000000000e+00,0.0000000000000000e+00,0.0000000000000000e+00,0.0000000000000000e+00,0.0000000000000000e+00,0.0000000000000000e+00,1.3333333333333330e+00,7.4760992064573365e+04,3.9831535611293341e-06,0.0000000000000000e+00,0.0000000000000000e+00,0.0000000000000000e+00,0.0000000000000000e+00,0.0000000000000000e+00,0.0000000000000000e+00,0.0000000000000000e+00,0.0000000000000000e+00,
0.0000000000000000e+00,2.2250000000000000e+01,1.5707963267948966e+00,3.1415926535897931e+00,1.0000000000000001e-01,3.1415926535897931e+00,6.2831853071795862e+00,-1.6701894064702597e+20,1.0000000000000000e+00,2.2250074906240958e+01,2.2250074906240958e+01,1.0000000000000000e+00,4.9506666666217785e+02,4.9506666666217785e+02,4.9506666666217785e+02,1.0000000000000000e+00,0.0000000000000000e+00,0.0000000000000000e+00,0.0000000000000000e+00,1.0000000000000000e+00,0.0000000000000000e+00,0.0000000000000000e+00,0.0000000000000000e+00,0.0000000000000000e+00,0.0000000000000000e+00,0.0000000000000000e+00,1.4665949458372320e+10,-9.5910895061540680e+18,0.0000000000000000e+00,0.0000000000000000e+00,1.6129332418890987e+30,0.0000000000000000e+00,1.4665949458372320e+10,-5.0380646747228775e+03,0.0000000000000000e+00,0.0000000000000000e+00,1.6110719914098761e+30,0.0000000000000000e+00,5.3702399713662523e+29,0.0000000000000000e+00,0.0000000000000000e+00,0.0000000000000000e+00,1.0985075979043237e+20,0.0000000000000000e+00,0.0000000000000000e+00,0.0000000000000000e+00,0.0000000000000000e+00,0.0000000000000000e+00,0.0000000000000000e+00,0.0000000000000000e+00,1.3333333333333330e+00,6.9873130741487737e+04,2.6649770816483903e-06,0.0000000000000000e+00,0.0000000000000000e+00,0.0000000000000000e+00,0.0000000000000000e+00,0.0000000000000000e+00,0.0000000000000000e+00,0.0000000000000000e+00,0.0000000000000000e+00,
0.0000000000000000e+00,2.5449999999999999e+01,1.5707963267948966e+00,3.1415926535897931e+00,1.0000000000000001e-01,3.1415926535897931e+00,6.2831853071795862e+00,-1.4601858167263630e+20,1.0000000000000000e+00,2.5450065487800483e+01,2.5450065487800483e+01,1.0000000000000000e+00,6.4770666666323575e+02,6.4770666666323575e+02,6.4770666666323575e+02,1.0000000000000000e+00,0.0000000000000000e+00,0.0000000000000000e+00,0.0000000000000000e+00,1.0000000000000000e+00,0.0000000000000000e+00,0.0000000000000000e+00,0.0000000000000000e+00,0.0000000000000000e+00,0.0000000000000000e+00,0.0000000000000000e+00,1.0255061501575651e+10,-7.3308202951170877e+18,0.0000000000000000e+00,0.0000000000000000e+00,1.0015443337584956e+30,0.0000000000000000e+00,1.0255061501575651e+10,-5.6804026224474728e+03,0.0000000000000000e+00,0.0000000000000000e+00,9.9988984331860749e+29,0.0000000000000000e+00,3.3329661443953569e+29,0.0000000000000000e+00,0.0000000000000000e+00,0.0000000000000000e+00,9.7501780301966983e+19,0.0000000000000000e+00,0.0000000000000000e+00,0.0000000000000000e+00,0.0000000000000000e+00,0.0000000000000000e+00,0.0000000000000000e+00,0.0000000000000000e+00,1.3333333333333330e+00,6.5828651375818517e+04,1.8705429156313888e-06,0.0000000000000000e+00,0.0000000000000000e+00,0.0000000000000000e+00,0.0000000000000000e+00,0.0000000000000000e+00,0.0000000000000000e+00,0.0000000000000000e+00,0.0000000000000000e+00,
0.0000000000000000e+00,2.8649999999999999e+01,1.5707963267948966e+00,3.1415926535897931e+00,1.0000000000000001e-01,3.1415926535897931e+00,6.2831853071795862e+00,-1.2970938610751193e+20,1.0000000000000000e+00,2.8650058173297545e+01,2.8650058173297545e+01,1.0000000000000000e+00,8.2082666666395937e+02,8.2082666666395937e+02,8.2082666666395937e+02,1.0000000000000000e+00,0.0000000000000000e+00,0.0000000000000000e+00,0.0000000000000000e+00,1.0000000000000000e+00,0.0000000000000000e+00,0.0000000000000000e+00,0.0000000000000000e+00,0.0000000000000000e+00,0.0000000000000000e+00,0.0000000000000000e+00,7.4458123407774725e+09,-5.7846756401681889e+18,0.0000000000000000e+00,0.0000000000000000e+00,6.5399469115990203e+29,0.0000000000000000e+00,7.4458123407774725e+09,-6.3260103843771394e+03,0.0000000000000000e+00,0.0000000000000000e+00,6.5250484967554041e+29,0.0000000000000000e+00,2.1750161655851341e+29,0.0000000000000000e+00,0.0000000000000000e+00,0.0000000000000000e+00,8.7633583114193420e+19,0.0000000000000000e+00,0.0000000000000000e+00,0.0000000000000000e+00,0.0000000000000000e+00,0.0000000000000000e+00,0.0000000000000000e+00,0.0000000000000000e+00,1.3333333333333330e+00,6.2408533894631284e+04,1.3635467983848957e-06,0.0000000000000000e+00,0.0000000000000000e+00,0.0000000000000000e+00,0.0000000000000000e+00,0.0000000000000000e+00,0.0000000000000000e+00,0.0000000000000000e+00,0.0000000000000000e+00,
0.0000000000000000e+00,3.1850000000000001e+01,1.5707963267948966e+00,3.1415926535897931e+00,1.0000000000000001e-01,3.1415926535897931e+00,6.2831853071795862e+00,-1.1667738248080268e+20,1.0000000000000000e+00,3.1850052328580770e+01,3.1850052328580770e+01,1.0000000000000000e+00,1.0144266666644761e+03,1.0144266666644761e+03,1.0144266666644761e+03,1.0000000000000000e+00,0.0000000000000000e+00,0.0000000000000000e+00,0.0000000000000000e+00,1.0000000000000000e+00,0.0000000000000000e+00,0.0000000000000000e+00,0.0000000000000000e+00,0.0000000000000000e+00,0.0000000000000000e+00,0.0000000000000000e+00,5.5724510145667219e+09,-4.6806856518300908e+18,0.0000000000000000e+00,0.0000000000000000e+00,4.4472192284002085e+29,0.0000000000000000e+00,5.5724510145667219e+09,-6.9757145948481511e+03,0.0000000000000000e+00,0.0000000000000000e+00,4.4336613369625765e+29,0.0000000000000000e+00,1.4778871123208587e+29,0.0000000000000000e+00,0.0000000000000000e+00,0.0000000000000000e+00,7.9563770486786146e+19,0.0000000000000000e+00,0.0000000000000000e+00,0.0000000000000000e+00,0.0000000000000000e+00,0.0000000000000000e+00,0.0000000000000000e+00,0.0000000000000000e+00,1.3333333333333330e+00,5.9465678888211325e+04,1.0249109779561287e-06,0.0000000000000000e+00,0.0000000000000000e+00,0.0000000000000000e+00,0.0000000000000000e+00,0.0000000000000000e+00,0.0000000000000000e+00,0.0000000000000000e+00,0.0000000000000000e+00,
0.0000000000000000e+00,3.5049999999999997e+01,1.5707963267948966e+00,3.1415926535897931e+00,1.0000000000000001e-01,3.1415926535897931e+00,6.2831853071795862e+00,-1.0602496901555120e+20,1.0000000000000000e+00,3.5050047551085200e+01,3.5050047551085200e+01,1.0000000000000000e+00,1.2285066666648579e+03,1.2285066666648579e+03,1.2285066666648579e+03,1.0000000000000000e+00,0.0000000000000000e+00,0.0000000000000000e+00,0.0000000000000000e+00,1.0000000000000000e+00,0.0000000000000000e+00,0.0000000000000000e+00,0.0000000000000000e+00,0.0000000000000000e+00,0.0000000000000000e+00,0.0000000000000000e+00,4.3440990273402300e+09,-3.8650255252719329e+18,0.0000000000000000e+00,0.0000000000000000e+00,3.1935353339089122e+29,0.0000000000000000e+00,4.3440990273402300e+09,-7.5893740551370174e+03,0.0000000000000000e+00,0.0000000000000000e+00,3.1810246704861905e+29,0.0000000000000000e+00,1.0603415568287299e+29,0.0000000000000000e+00,0.0000000000000000e+00,0.0000000000000000e+00,7.3226209363494814e+19,0.0000000000000000e+00,0.0000000000000000e+00,0.0000000000000000e+00,0.0000000000000000e+00,0.0000000000000000e+00,0.0000000000000000e+00,0.0000000000000000e+00,1.3333333333333330e+00,5.7048205183266102e+04,8.0259442044598522e-07,0.0000000000000000e+00,0.0000000000000000e+00,0.0000000000000000e+00,0.0000000000000000e+00,0.0000000000000000e+00,0.0000000000000000e+00,0.0000000000000000e+00,0.0000000000000000e+00,
0.0000000000000000e+00,3.8049999999999997e+01,1.5707963267948966e+00,3.1415926535897931e+00,1.0000000000000001e-01,3.1415926535897931e+00,6.2831853071795862e+00,-9.7665585961203581e+19,1.0000000000000000e+00,3.8050043801989681e+01,3.8050043801989681e+01,1.0000000000000000e+00,1.4478066666651318e+03,1.4478066666651318e+03,1.4478066666651318e+03,1.0000000000000000e+00,0.0000000000000000e+00,0.0000000000000000e+00,0.0000000000000000e+00,1.0000000000000000e+00,0.0000000000000000e+00,0.0000000000000000e+00,0.0000000000000000e+00,0.0000000000000000e+00,0.0000000000000000e+00,0.0000000000000000e+00,3.4495713067995839e+09,-3.2795868277793167e+18,0.0000000000000000e+00,0.0000000000000000e+00,2.3507501181624014e+29,0.0000000000000000e+00,3.4495713067995839e+09,-8.2083568401306275e+03,0.0000000000000000e+00,0.0000000000000000e+00,2.3391290388912763e+29,0.0000000000000000e+00,7.7970967963042517e+28,0.0000000000000000e+00,0.0000000000000000e+00,0.0000000000000000e+00,6.7809164193907065e+19,0.0000000000000000e+00,0.0000000000000000e+00,0.0000000000000000e+00,0.0000000000000000e+00,0.0000000000000000e+00,0.0000000000000000e+00,0.0000000000000000e+00,1.3333333333333330e+00,5.4897543185569783e+04,6.4054476543448334e-07,0.0000000000000000e+00,0.0000000000000000e+00,0.0000000000000000e+00,0.0000000000000000e+00,0.0000000000000000e+00,0.0000000000000000e+00,0.0000000000000000e+00,0.0000000000000000e+00,
0.0000000000000000e+00,4.1049999999999997e+01,1.5707963267948966e+00,3.1415926535897931e+00,1.0000000000000001e-01,3.1415926535897931e+00,6.2831853071795862e+00,-9.0528035250654380e+19,1.0000000000000000e+00,4.1050040600873146e+01,4.1050040600873146e+01,1.0000000000000000e+00,1.6851066666653478e+03,1.6851066666653478e+03,1.6851066666653478e+03,1.0000000000000000e+00,0.0000000000000000e+00,0.0000000000000000e+00,0.0000000000000000e+00,1.0000000000000000e+00,0.0000000000000000e+00,0.0000000000000000e+00,0.0000000000000000e+00,0.0000000000000000e+00,0.0000000000000000e+00,0.0000000000000000e+00,2.7827226748033395e+09,-2.8177481150799775e+18,0.0000000000000000e+00,0.0000000000000000e+00,1.7674073318084926e+29,0.0000000000000000e+00,2.7827226748033395e+09,-8.8336752056219138e+03,0.0000000000000000e+00,0.0000000000000000e+00,1.7565500327563778e+29,0.0000000000000000e+00,5.8551667758545899e+28,0.0000000000000000e+00,0.0000000000000000e+00,0.0000000000000000e+00,6.3123347134676771e+19,0.0000000000000000e+00,0.0000000000000000e+00,0.0000000000000000e+00,0.0000000000000000e+00,0.0000000000000000e+00,0.0000000000000000e+00,0.0000000000000000e+00,1.3333333333333330e+00,5.2966798879769471e+04,5.1965638138548177e-07,0.0000000000000000e+00,0.0000000000000000e+00,0.0000000000000000e+00,0.0000000000000000e+00,0.0000000000000000e+00,0.0000000000000000e+00,0.0000000000000000e+00,0.0000000000000000e+00,
0.0000000000000000e+00,4.4049999999999997e+01,1.5707963267948966e+00,3.1415926535897931e+00,1.0000000000000001e-01,3.1415926535897931e+00,6.2831853071795862e+00,-8.4362680790799696e+19,1.0000000000000000e+00,4.4050037835776415e+01,4.4050037835776415e+01,1.0000000000000000e+00,1.9404066666655215e+03,1.9404066666655215e+03,1.9404066666655215e+03,1.0000000000000000e+00,0.0000000000000000e+00,0.0000000000000000e+00,0.0000000000000000e+00,1.0000000000000000e+00,0.0000000000000000e+00,0.0000000000000000e+00,0.0000000000000000e+00,0.0000000000000000e+00,0.0000000000000000e+00,0.0000000000000000e+00,2.2754602459871097e+09,-2.4470153496687048e+18,0.0000000000000000e+00,0.0000000000000000e+00,1.3533510176293461e+29,0.0000000000000000e+00,2.2754602459871097e+09,-9.4664822220180340e+03,0.0000000000000000e+00,0.0000000000000000e+00,1.3431553509148012e+29,0.0000000000000000e+00,4.4771845030493371e+28,0.0000000000000000e+00,0.0000000000000000e+00,0.0000000000000000e+00,5.9027784625035084e+19,0.0000000000000000e+00,0.0000000000000000e+00,0.0000000000000000e+00,0.0000000000000000e+00,0.0000000000000000e+00,0.0000000000000000e+00,0.0000000000000000e+00,1.3333333333333330e+00,5.1219691893362207e+04,4.2765608689925242e-07,0.0000000000000000e+00,0.0000000000000000e+00,0.0000000000000000e+00,0.0000000000000000e+00,0.0000000000000000e+00,0.0000000000000000e+00,0.0000000000000000e+00,0.0000000000000000e+00,
0.0000000000000000e+00,4.7049999999999997e+01,1.5707963267948966e+00,3.1415926535897931e+00,1.0000000000000001e-01,3.1415926535897931e+00,6.2831853071795862e+00,-7.8983555491390849e+19,1.0000000000000000e+00,4.7050035423295199e+01,4.7050035423295199e+01,1.0000000000000000e+00,2.2137066666656629e+03,2.2137066666656629e+03,2.2137066666656629e+03,1.0000000000000000e+00,0.0000000000000000e+00,0.0000000000000000e+00,0.0000000000000000e+00,1.0000000000000000e+00,0.0000000000000000e+00,0.0000000000000000e+00,0.0000000000000000e+00,0.0000000000000000e+00,0.0000000000000000e+00,0.0000000000000000e+00,1.8827327061849790e+09,-2.1449110500571384e+18,0.0000000000000000e+00,0.0000000000000000e+00,1.0529412166162656e+29,0.0000000000000000e+00,1.8827327061849790e+09,-1.0108096556004637e+04,0.0000000000000000e+00,0.0000000000000000e+00,1.0433229535174560e+29,0.0000000000000000e+00,3.4777431783915184e+28,0.0000000000000000e+00,0.0000000000000000e+00,0.0000000000000000e+00,5.5415293893925470e+19,0.0000000000000000e+00,0.0000000000000000e+00,0.0000000000000000e+00,0.0000000000000000e+00,0.0000000000000000e+00,0.0000000000000000e+00,0.0000000000000000e+00,1.3333333333333330e+00,4.9627630773504294e+04,3.5641452775550676e-07,0.0000000000000000e+00,0.0000000000000000e+00,0.0000000000000000e+00,0.0000000000000000e+00,0.0000000000000000e+00,0.0000000000000000e+00,0.0000000000000000e+00,0.0000000000000000e+00,
0.0000000000000000e+00,5.0049999999999997e+01,1.5707963267948966e+00,3.1415926535897931e+00,1.0000000000000001e-01,3.1415926535897931e+00,6.2831853071795862e+00,-7.4249279691264000e+19,1.0000000000000000e+00,5.0050033300022221e+01,5.0050033300022221e+01,1.0000000000000000e+00,2.5050066666657794e+03,2.5050066666657794e+03,2.5050066666657794e+03,1.0000000000000000e+00,0.0000000000000000e+00,0.0000000000000000e+00,0.0000000000000000e+00,1.0000000000000000e+00,0.0000000000000000e+00,0.0000000000000000e+00,0.0000000000000000e+00,0.0000000000000000e+00,0.0000000000000000e+00,0.0000000000000000e+00,1.5739227605797276e+09,-1.8954851987748470e+18,0.0000000000000000e+00,0.0000000000000000e+00,8.3074528148697468e+28,0.0000000000000000e+00,1.5739227605797276e+09,-1.0760034420406850e+04,0.0000000000000000e+00,0.0000000000000000e+00,8.2163398804176673e+28,0.0000000000000000e+00,2.7387799601392220e+28,0.0000000000000000e+00,0.0000000000000000e+00,0.0000000000000000e+00,5.2202893115369103e+19,0.0000000000000000e+00,0.0000000000000000e+00,0.0000000000000000e+00,0.0000000000000000e+00,0.0000000000000000e+00,0.0000000000000000e+00,0.0000000000000000e+00,1.3333333333333330e+00,4.8167711190494840e+04,3.0040206210238906e-07,0.0000000000000000e+00,0.0000000000000000e+00,0.0000000000000000e+00,0.0000000000000000e+00,0.0000000000000000e+00,0.0000000000000000e+00,0.0000000000000000e+00,0.0000000000000000e+00,
0.0000000000000000e+00,5.3049999999999997e+01,1.5707963267948966e+00,3.1415926535897931e+00,1.0000000000000001e-01,3.1415926535897931e+00,6.2831853071795862e+00,-7.0050453994636624e+19,1.0000000000000000e+00,5.3050031416892999e+01,5.3050031416892999e+01,1.0000000000000000e+00,2.8143066666658769e+03,2.8143066666658769e+03,2.8143066666658769e+03,1.0000000000000000e+00,0.0000000000000000e+00,0.0000000000000000e+00,0.0000000000000000e+00,1.0000000000000000e+00,0.0000000000000000e+00,0.0000000000000000e+00,0.0000000000000000e+00,0.0000000000000000e+00,0.0000000000000000e+00,0.0000000000000000e+00,1.3277266197370572e+09,-1.6871659444012741e+18,0.0000000000000000e+00,0.0000000000000000e+00,6.6356959008099563e+28,0.0000000000000000e+00,1.3277266197370572e+09,-1.1424051112125522e+04,0.0000000000000000e+00,0.0000000000000000e+00,6.5490559300715373e+28,0.0000000000000000e+00,2.1830186433571787e+28,0.0000000000000000e+00,0.0000000000000000e+00,0.0000000000000000e+00,4.9325292316967862e+19,0.0000000000000000e+00,0.0000000000000000e+00,0.0000000000000000e+00,0.0000000000000000e+00,0.0000000000000000e+00,0.0000000000000000e+00,0.0000000000000000e+00,1.3333333333333330e+00,4.6821309879255023e+04,2.5576884732803460e-07,0.0000000000000000e+00,0.0000000000000000e+00,0.0000000000000000e+00,0.0000000000000000e+00,0.0000000000000000e+00,0.0000000000000000e+00,0.0000000000000000e+00,0.0000000000000000e+00,
0.0000000000000000e+00,5.6049999999999997e+01,1.5707963267948966e+00,3.1415926535897931e+00,1.0000000000000001e-01,3.1415926535897931e+00,6.2831853071795862e+00,-6.6301100786017673e+19,1.0000000000000000e+00,5.6050029735347451e+01,5.6050029735347451e+01,1.0000000000000000e+00,3.1416066666659594e+03,3.1416066666659594e+03,3.1416066666659594e+03,1.0000000000000000e+00,0.0000000000000000e+00,0.0000000000000000e+00,0.0000000000000000e+00,1.0000000000000000e+00,0.0000000000000000e+00,0.0000000000000000e+00,0.0000000000000000e+00,0.0000000000000000e+00,0.0000000000000000e+00,0.0000000000000000e+00,1.1290084061941125e+09,-1.5113928263429146e+18,0.0000000000000000e+00,0.0000000000000000e+00,5.3585806416611970e+28,0.0000000000000000e+00,1.1290084061941125e+09,-1.2102195610805256e+04,0.0000000000000000e+00,0.0000000000000000e+00,5.2759016972489591e+28,0.0000000000000000e+00,1.7586338990829859e+28,0.0000000000000000e+00,0.0000000000000000e+00,0.0000000000000000e+00,4.6730366039583302e+19,0.0000000000000000e+00,0.0000000000000000e+00,0.0000000000000000e+00,0.0000000000000000e+00,0.0000000000000000e+00,0.0000000000000000e+00,0.0000000000000000e+00,1.3333333333333330e+00,4.5573073444502224e+04,2.1977927586187433e-07,0.0000000000000000e+00,0.0000000000000000e+00,0.0000000000000000e+00,0.0000000000000000e+00,0.0000000000000000e+00,0.0000000000000000e+00,0.0000000000000000e+00,0.0000000000000000e+00,
0.0000000000000000e+00,5.9049999999999997e+01,1.5707963267948966e+00,3.1415926535897931e+00,1.0000000000000001e-01,3.1415926535897931e+00,6.2831853071795862e+00,-6.2932714592248013e+19,1.0000000000000000e+00,5.9050028224661609e+01,5.9050028224661609e+01,1.0000000000000000e+00,3.4869066666660297e+03,3.4869066666660297e+03,3.4869066666660297e+03,1.0000000000000000e+00,0.0000000000000000e+00,0.0000000000000000e+00,0.0000000000000000e+00,1.0000000000000000e+00,0.0000000000000000e+00,0.0000000000000000e+00,0.0000000000000000e+00,0.0000000000000000e+00,0.0000000000000000e+00,0.0000000000000000e+00,9.6681218518752372e+08,-1.3617230784186698e+18,0.0000000000000000e+00,0.0000000000000000e+00,4.3694849986779726e+28,0.0000000000000000e+00,9.6681218518752372e+08,-1.2796883327301448e+04,0.0000000000000000e+00,0.0000000000000000e+00,4.2903224094787911e+28,0.0000000000000000e+00,1.4301074698262634e+28,0.0000000000000000e+00,0.0000000000000000e+00,0.0000000000000000e+00,4.4375933833241870e+19,0.0000000000000000e+00,0.0000000000000000e+00,0.0000000000000000e+00,0.0000000000000000e+00,0.0000000000000000e+00,0.0000000000000000e+00,0.0000000000000000e+00,1.3333333333333330e+00,4.4410174610604983e+04,1.9045425732699712e-07,0.0000000000000000e+00,0.0000000000000000e+00,0.0000000000000000e+00,0.0000000000000000e+00,0.0000000000000000e+00,0.0000000000000000e+00,0.0000000000000000e+00,0.0000000000000000e+00,
0.0000000000000000e+00,6.2049999999999997e+01,1.5707963267948966e+00,3.1415926535897931e+00,1.0000000000000001e-01,3.1415926535897931e+00,6.2831853071795862e+00,-5.9890038363816362e+19,1.0000000000000000e+00,6.2050026860053286e+01,6.2050026860053286e+01,1.0000000000000000e+00,3.8502066666660894e+03,3.8502066666660894e+03,3.8502066666660894e+03,1.0000000000000000e+00,0.0000000000000000e+00,0.0000000000000000e+00,0.0000000000000000e+00,1.0000000000000000e+00,0.0000000000000000e+00,0.0000000000000000e+00,0.0000000000000000e+00,0.0000000000000000e+00,0.0000000000000000e+00,0.0000000000000000e+00,8.3307346670455348e+08,-1.2332327230895132e+18,0.0000000000000000e+00,0.0000000000000000e+00,3.5938942870125683e+28,0.0000000000000000e+00,8.3307346670455348e+08,-1.3510994637979244e+04,0.0000000000000000e+00,0.0000000000000000e+00,3.5178568559626490e+28,0.0000000000000000e+00,1.1726189519875495e+28,0.0000000000000000e+00,0.0000000000000000e+00,0.0000000000000000e+00,4.2227422683653538e+19,0.0000000000000000e+00,0.0000000000000000e+00,0.0000000000000000e+00,0.0000000000000000e+00,0.0000000000000000e+00,0.0000000000000000e+00,0.0000000000000000e+00,1.3333333333333330e+00,4.3321752487111531e+04,1.6633979968760769e-07,0.0000000000000000e+00,0.0000000000000000e+00,0.0000000000000000e+00,0.0000000000000000e+00,0.0000000000000000e+00,0.0000000000000000e+00,0.0000000000000000e+00,0.0000000000000000e+00,
0.0000000000000000e+00,6.5049999999999997e+01,1.5707963267948966e+00,3.1415926535897931e+00,1.0000000000000001e-01,3.1415926535897931e+00,6.2831853071795862e+00,-5.7128008500421509e+19,1.0000000000000000e+00,6.5050025621311875e+01,6.5050025621311875e+01,1.0000000000000000e+00,4.2315066666661414e+03,4.2315066666661414e+03,4.2315066666661414e+03,1.0000000000000000e+00,0.0000000000000000e+00,0.0000000000000000e+00,0.0000000000000000e+00,1.0000000000000000e+00,0.0000000000000000e+00,0.0000000000000000e+00,0.0000000000000000e+00,0.0000000000000000e+00,0.0000000000000000e+00,0.0000000000000000e+00,7.2176490699820101e+08,-1.1221063454709916e+18,0.0000000000000000e+00,0.0000000000000000e+00,2.9788094413720307e+28,0.0000000000000000e+00,7.2176490699820101e+08,-1.4248010974384504e+04,0.0000000000000000e+00,0.0000000000000000e+00,2.9055482859878016e+28,0.0000000000000000e+00,9.6851609532926708e+27,0.0000000000000000e+00,0.0000000000000000e+00,0.0000000000000000e+00,4.0256134328570061e+19,0.0000000000000000e+00,0.0000000000000000e+00,0.0000000000000000e+00,0.0000000000000000e+00,0.0000000000000000e+00,0.0000000000000000e+00,0.0000000000000000e+00,1.3333333333333330e+00,4.2298480283841418e+04,1.4635430123557600e-07,0.0000000000000000e+00,0.0000000000000000e+00,0.0000000000000000e+00,0.0000000000000000e+00,0.0000000000000000e+00,0.0000000000000000e+00,0.0000000000000000e+00,0.0000000000000000e+00,
0.0000000000000000e+00,6.8049999999999997e+01,1.5707963267948966e+00,3.1415926535897931e+00,1.0000000000000001e-01,3.1415926535897931e+00,6.2831853071795862e+00,-5.4609507950880408e+19,1.0000000000000000e+00,6.8050024491790836e+01,6.8050024491790836e+01,1.0000000000000000e+00,4.6308066666661871e+03,4.6308066666661871e+03,4.6308066666661871e+03,1.0000000000000000e+00,0.0000000000000000e+00,0.0000000000000000e+00,0.0000000000000000e+00,1.0000000000000000e+00,0.0000000000000000e+00,0.0000000000000000e+00,0.0000000000000000e+00,0.0000000000000000e+00,0.0000000000000000e+00,0.0000000000000000e+00,9.2478727326419815e+07,-1.0253505492311964e+18,0.0000000000000000e+00,0.0000000000000000e+00,4.8354330985471538e+27,0.0000000000000000e+00,9.2478727326419815e+07,-1.0265109217748766e+05,0.0000000000000000e+00,0.0000000000000000e+00,2.5092296586173193e+25,0.0000000000000000e+00,8.3640988620577298e+24,0.0000000000000000e+00,0.0000000000000000e+00,0.0000000000000000e+00,2.7133043677623136e+17,0.0000000000000000e+00,0.0000000000000000e+00,0.0000000000000000e+00,0.0000000000000000e+00,0.0000000000000000e+00,0.0000000000000000e+00,0.0000000000000000e+00,1.3333333333333330e+00,3.4726258650922359e+03,4.0254658312702213e-08,0.0000000000000000e+00,0.0000000000000000e+00,0.0000000000000000e+00,0.0000000000000000e+00,0.0000000000000000e+00,0.0000000000000000e+00,0.0000000000000000e+00,0.0000000000000000e+00,
0.0000000000000000e+00,7.1049999999999997e+01,1.5707963267948966e+00,3.1415926535897931e+00,1.0000000000000001e-01,3.1415926535897931e+00,6.2831853071795862e+00,-5.2303688548048331e+19,1.0000000000000000e+00,7.1050023457655044e+01,7.1050023457655044e+01,1.0000000000000000e+00,5.0481066666662264e+03,5.0481066666662264e+03,5.0481066666662264e+03,1.0000000000000000e+00,0.0000000000000000e+00,0.0000000000000000e+00,0.0000000000000000e+00,1.0000000000000000e+00,0.0000000000000000e+00,0.0000000000000000e+00,0.0000000000000000e+00,0.0000000000000000e+00,0.0000000000000000e+00,0.0000000000000000e+00,8.6915017522699013e+07,-9.4059024304474483e+17,0.0000000000000000e+00,0.0000000000000000e+00,4.3600035069395766e+27,0.0000000000000000e+00,8.6915017522699013e+07,-1.0192366443451660e+05,0.0000000000000000e+00,0.0000000000000000e+00,2.3099950334252258e+25,0.0000000000000000e+00,7.6999834447507504e+24,0.0000000000000000e+00,0.0000000000000000e+00,0.0000000000000000e+00,2.6577625315910083e+17,0.0000000000000000e+00,0.0000000000000000e+00,0.0000000000000000e+00,0.0000000000000000e+00,0.0000000000000000e+00,0.0000000000000000e+00,0.0000000000000000e+00,1.3333333333333328e+00,3.4368994465866845e+03,3.5556086526919449e-08,0.0000000000000000e+00,0.0000000000000000e+00,0.0000000000000000e+00,0.0000000000000000e+00,0.0000000000000000e+00,0.0000000000000000e+00,0.0000000000000000e+00,0.0000000000000000e+00,
0.0000000000000000e+00,7.4049999999999997e+01,1.5707963267948966e+00,3.1415926535897931e+00,1.0000000000000001e-01,3.1415926535897931e+00,6.2831853071795862e+00,-5.0184701148392448e+19,1.0000000000000000e+00,7.4050022507311454e+01,7.4050022507311454e+01,1.0000000000000000e+00,5.4834066666662629e+03,5.4834066666662629e+03,5.4834066666662629e+03,1.0000000000000000e+00,0.0000000000000000e+00,0.0000000000000000e+00,0.0000000000000000e+00,1.0000000000000000e+00,0.0000000000000000e+00,0.0000000000000000e+00,0.0000000000000000e+00,0.0000000000000000e+00,0.0000000000000000e+00,0.0000000000000000e+00,8.1887981945196182e+07,-8.6592148207499853e+17,0.0000000000000000e+00,0.0000000000000000e+00,3.9475379594616780e+27,0.0000000000000000e+00,8.1887981945196182e+07,-9.9830426201242706e+04,0.0000000000000000e+00,0.0000000000000000e+00,2.1335926445372204e+25,0.0000000000000000e+00,7.1119754817907333e+24,0.0000000000000000e+00,0.0000000000000000e+00,0.0000000000000000e+00,2.6055012826013373e+17,0.0000000000000000e+00,0.0000000000000000e+00,0.0000000000000000e+00,0.0000000000000000e+00,0.0000000000000000e+00,0.0000000000000000e+00,0.0000000000000000e+00,1.3333333333333330e+00,3.4029407280820683e+03,3.1561180808915914e-08,0.0000000000000000e+00,0.0000000000000000e+00,0.0000000000000000e+00,0.0000000000000000e+00,0.0000000000000000e+00,0.0000000000000000e+00,0.0000000000000000e+00,0.0000000000000000e+00,
0.0000000000000000e+00,7.7049999999999997e+01,1.5707963267948966e+00,3.1415926535897931e+00,1.0000000000000001e-01,3.1415926535897931e+00,6.2831853071795862e+00,-4.8230722429086605e+19,1.0000000000000000e+00,7.7050021630972523e+01,7.7050021630972523e+01,1.0000000000000000e+00,5.9367066666662931e+03,5.9367066666662931e+03,5.9367066666662931e+03,1.0000000000000000e+00,0.0000000000000000e+00,0.0000000000000000e+00,0.0000000000000000e+00,1.0000000000000000e+00,0.0000000000000000e+00,0.0000000000000000e+00,0.0000000000000000e+00,0.0000000000000000e+00,0.0000000000000000e+00,0.0000000000000000e+00,7.7327830178323954e+07,-7.9980360725705574e+17,0.0000000000000000e+00,0.0000000000000000e+00,3.5877072571117693e+27,0.0000000000000000e+00,7.7327830178323954e+07,-9.7860661968022629e+04,0.0000000000000000e+00,0.0000000000000000e+00,1.9766618361630147e+25,0.0000000000000000e+00,6.5888727872100482e+24,0.0000000000000000e+00,0.0000000000000000e+00,0.0000000000000000e+00,2.5562098908064355e+17,0.0000000000000000e+00,0.0000000000000000e+00,0.0000000000000000e+00,0.0000000000000000e+00,0.0000000000000000e+00,0.0000000000000000e+00,0.0000000000000000e+00,1.3333333333333328e+00,3.3705982785976607e+03,2.8142983111629854e-08,0.0000000000000000e+00,0.0000000000000000e+00,0.0000000000000000e+00,0.0000000000000000e+00,0.0000000000000000e+00,0.0000000000000000e+00,0.0000000000000000e+00,0.0000000000000000e+00,

25,61
0.0000000000000000e+00,6.1500000000000004e+00,1.5707963267948966e+00,3.1415926535897931e+00,1.0000000000000001e-01,3.1415926535897931e+00,6.2831853071795862e+00,-6.0424322062762888e+20,1.0000000000000000e+00,6.1502709967392253e+00,6.1502709967392253e+00,1.0000000000000000e+00,3.7826666607913985e+01,3.7826666607913985e+01,3.7826666607913985e+01,1.0000000000000000e+00,0.0000000000000000e+00,0.0000000000000000e+00,0.0000000000000000e+00,1.0000000000000000e+00,0.0000000000000000e+00,0.0000000000000000e+00,0.0000000000000000e+00,0.0000000000000000e+00,0.0000000000000000e+00,0.0000000000000000e+00,8.4424991924708994e+12,-1.2553617893403510e+20,0.0000000000000000e+00,0.0000000000000000e+00,7.7162619281476378e+33,0.0000000000000000e+00,8.4424991924708994e+12,-6.0469420026997363e+02,0.0000000000000000e+00,0.0000000000000000e+00,7.7162464998455190e+33,0.0000000000000000e+00,2.5720821666151721e+33,0.0000000000000000e+00,0.0000000000000000e+00,0.0000000000000000e+00,9.1373095980435007e+20,0.0000000000000000e+00,0.0000000000000000e+00,0.0000000000000000e+00,0.0000000000000000e+00,0.0000000000000000e+00,0.0000000000000000e+00,0.0000000000000000e+00,1.3333333333333335e+00,2.0151763084932367e+05,1.3788890043682489e-03,0.0000000000000000e+00,0.0000000000000000e+00,0.0000000000000000e+00,0.0000000000000000e+00,0.0000000000000000e+00,0.0000000000000000e+00,0.0000000000000000e+00,0.0000000000000000e+00,
0.0000000000000000e+00,9.3499999999999996e+00,1.5707963267948966e+00,3.1415926535897931e+00,1.0000000000000001e-01,3.1415926535897931e+00,6.2831853071795862e+00,-3.9744837018062986e+20,1.0000000000000000e+00,9.3501782514202940e+00,9.3501782514202940e+00,1.0000000000000000e+00,8.7426666641247579e+01,8.7426666641247579e+01,8.7426666641247579e+01,1.0000000000000000e+00,0.0000000000000000e+00,0.0000000000000000e+00,0.0000000000000000e+00,1.0000000000000000e+00,0.0000000000000000e+00,0.0000000000000000e+00,0.0000000000000000e+00,0.0000000000000000e+00,0.0000000000000000e+00,0.0000000000000000e+00,9.8110530589984448e+11,-5.4312693878998598e+19,0.0000000000000000e+00,0.0000000000000000e+00,4.3753594919613112e+32,0.0000000000000000e+00,9.8110530589984448e+11,-1.2390007814173539e+03,0.0000000000000000e+00,0.0000000000000000e+00,4.3752841941314934e+32,0.0000000000000000e+00,1.4584280647104976e+32,0.0000000000000000e+00,0.0000000000000000e+00,0.0000000000000000e+00,4.4592605213024446e+20,0.0000000000000000e+00,0.0000000000000000e+00,0.0000000000000000e+00,0.0000000000000000e+00,0.0000000000000000e+00,0.0000000000000000e+00,0.0000000000000000e+00,1.3333333333333335e+00,1.4077936619171189e+05,1.6960666093390024e-04,0.0000000000000000e+00,0.0000000000000000e+00,0.0000000000000000e+00,0.0000000000000000e+00,0.0000000000000000e+00,0.0000000000000000e+00,0.0000000000000000e+00,0.0000000000000000e+00,
0.0000000000000000e+00,1.2550000000000001e+01,1.5707963267948966e+00,3.1415926535897931e+00,1.0000000000000001e-01,3.1415926535897931e+00,6.2831853071795862e+00,-2.9610820898609509e+20,1.0000000000000000e+00,1.2550132801422192e+01,1.2550132801422192e+01,1.0000000000000000e+00,1.5750666665255764e+02,1.5750666665255764e+02,1.5750666665255764e+02,1.0000000000000000e+00,0.0000000000000000e+00,0.0000000000000000e+00,0.0000000000000000e+00,1.0000000000000000e+00,0.0000000000000000e+00,0.0000000000000000e+00,0.0000000000000000e+00,0.0000000000000000e+00,0.0000000000000000e+00,0.0000000000000000e+00,2.8380426864960144e+11,-3.0146642872415318e+19,0.0000000000000000e+00,0.0000000000000000e+00,8.3706544967137005e+31,0.0000000000000000e+00,2.8380426864960144e+11,-1.8735025002910591e+03,0.0000000000000000e+00,0.0000000000000000e+00,8.3701564418231665e+31,0.0000000000000000e+00,2.7900521472743878e+31,0.0000000000000000e+00,0.0000000000000000e+00,0.0000000000000000e+00,2.9491882204128729e+20,0.0000000000000000e+00,0.0000000000000000e+00,0.0000000000000000e+00,0.0000000000000000e+00,0.0000000000000000e+00,0.0000000000000000e+00,0.0000000000000000e+00,1.3333333333333335e+00,1.1448787104213673e+05,5.0054184039154812e-05,0.0000000000000000e+00,0.0000000000000000e+00,0.0000000000000000e+00,0.0000000000000000e+00,0.0000000000000000e+00,0.0000000000000000e+00,0.0000000000000000e+00,0.0000000000000000e+00,
0.0000000000000000e+00,1.5750000000000000e+01,1.5707963267948966e+00,3.1415926535897931e+00,1.0000000000000001e-01,3.1415926535897931e+00,6.2831853071795862e+00,-2.3594699687502119e+20,1.0000000000000000e+00,1.5750105819750333e+01,1.5750105819750333e+01,1.0000000000000000e+00,2.4806666665770842e+02,2.4806666665770842e+02,2.4806666665770842e+02,1.0000000000000000e+00,0.0000000000000000e+00,0.0000000000000000e+00,0.0000000000000000e+00,1.0000000000000000e+00,0.0000000000000000e+00,0.0000000000000000e+00,0.0000000000000000e+00,0.0000000000000000e+00,0.0000000000000000e+00,0.0000000000000000e+00,1.1829363793284508e+11,-1.9141066426107527e+19,0.0000000000000000e+00,0.0000000000000000e+00,2.6064453561378291e+31,0.0000000000000000e+00,1.1829363793284508e+11,-2.5083653825086562e+03,0.0000000000000000e+00,0.0000000000000000e+00,2.6060732201523464e+31,0.0000000000000000e+00,8.6869107338411536e+30,0.0000000000000000e+00,0.0000000000000000e+00,0.0000000000000000e+00,2.2030199810130326e+20,0.0000000000000000e+00,0.0000000000000000e+00,0.0000000000000000e+00,0.0000000000000000e+00,0.0000000000000000e+00,0.0000000000000000e+00,0.0000000000000000e+00,1.3333333333333335e+00,9.8950427792790128e+04,2.1081853787760794e-05,0.0000000000000000e+00,0.0000000000000000e+00,0.0000000000000000e+00,0.0000000000000000e+00,0.0000000000000000e+00,0.0000000000000000e+00,0.0000000000000000e+00,0.0000000000000000e+00,
0.0000000000000000e+00,1.8949999999999999e+01,1.5707963267948966e+00,3.1415926535897931e+00,1.0000000000000001e-01,3.1415926535897931e+00,6.2831853071795862e+00,-1.9610390823394814e+20,1.0000000000000000e+00,1.8950087950543484e+01,1.8950087950543484e+01,1.0000000000000000e+00,3.5910666666047837e+02,3.5910666666047837e+02,3.5910666666047837e+02,1.0000000000000000e+00,0.0000000000000000e+00,0.0000000000000000e+00,0.0000000000000000e+00,1.0000000000000000e+00,0.0000000000000000e+00,0.0000000000000000e+00,0.0000000000000000e+00,0.0000000000000000e+00,0.0000000000000000e+00,0.0000000000000000e+00,6.0118764591598946e+10,-1.3222368885135161e+19,0.0000000000000000e+00,0.0000000000000000e+00,1.0572359226146186e+31,0.0000000000000000e+00,6.0118764591598946e+10,-3.1438586900920022e+03,0.0000000000000000e+00,0.0000000000000000e+00,1.0569388252039509e+31,0.0000000000000000e+00,3.5231294173465024e+30,0.0000000000000000e+00,0.0000000000000000e+00,0.0000000000000000e+00,1.7580672209816928e+20,0.0000000000000000e+00,0.0000000000000000e+00,0.0000000000000000e+00,0.0000000000000000e+00,0.0000000000000000e+00,0.0000000000000000e+00,0.0000000000000000e+00,1.3333333333333335e+00,8.8394714804727118e+04,1.0785796663242498e-05,0.0000000000000000e+00,0.0000000000000000e+00,0.0000000000000000e+00,0.0000000000000000e+00,0.0000000000000000e+00,0.0000000000000000e+00,0.0000000000000000e+00,0.0000000000000000e+00,
0.0000000000000000e+00,2.2149999999999999e+01,1.5707963267948966e+00,3.1415926535897931e+00,1.0000000000000001e-01,3.1415926535897931e+00,6.2831853071795862e+00,-1.6777297394070471e+20,1.0000000000000000e+00,2.2150075244416964e+01,2.2150075244416964e+01,1.0000000000000000e+00,4.9062666666213738e+02,4.9062666666213738e+02,4.9062666666213738e+02,1.0000000000000000e+00,0.0000000000000000e+00,0.0000000000000000e+00,0.0000000000000000e+00,1.0000000000000000e+00,0.0000000000000000e+00,0.0000000000000000e+00,0.0000000000000000e+00,0.0000000000000000e+00,0.0000000000000000e+00,0.0000000000000000e+00,3.4610688022455360e+10,-9.6778861065481052e+18,0.0000000000000000e+00,0.0000000000000000e+00,5.0644000847182549e+30,0.0000000000000000e+00,3.4610688022455360e+10,-3.7803370321329471e+03,0.0000000000000000e+00,0.0000000000000000e+00,5.0619270154984566e+30,0.0000000000000000e+00,1.6873090051661519e+30,0.0000000000000000e+00,0.0000000000000000e+00,0.0000000000000000e+00,1.4625228092152704e+20,0.0000000000000000e+00,0.0000000000000000e+00,0.0000000000000000e+00,0.0000000000000000e+00,0.0000000000000000e+00,0.0000000000000000e+00,0.0000000000000000e+00,1.3333333333333335e+00,8.0623182984378887e+04,6.2401867138030393e-06,0.0000000000000000e+00,0.0000000000000000e+00,0.0000000000000000e+00,0.0000000000000000e+00,0.0000000000000000e+00,0.0000000000000000e+00,0.0000000000000000e+00,0.0000000000000000e+00,
0.0000000000000000e+00,2.5350000000000001e+01,1.5707963267948966e+00,3.1415926535897931e+00,1.0000000000000001e-01,3.1415926535897931e+00,6.2831853071795862e+00,-1.4659459036577653e+20,1.0000000000000000e+00,2.5350065746134337e+01,2.5350065746134337e+01,1.0000000000000000e+00,6.4262666666320865e+02,6.4262666666320865e+02,6.4262666666320865e+02,1.0000000000000000e+00,0.0000000000000000e+00,0.0000000000000000e+00,0.0000000000000000e+00,1.0000000000000000e+00,0.0000000000000000e+00,0.0000000000000000e+00,0.0000000000000000e+00,0.0000000000000000e+00,0.0000000000000000e+00,0.0000000000000000e+00,2.1708051313241722e+10,-7.3887711430983219e+18,0.0000000000000000e+00,0.0000000000000000e+00,2.7197852513456339e+30,0.0000000000000000e+00,2.1708051313241722e+10,-4.4182401004264038e+03,0.0000000000000000e+00,0.0000000000000000e+00,2.7176664717031862e+30,0.0000000000000000e+00,9.0588882390106182e+29,0.0000000000000000e+00,0.0000000000000000e+00,0.0000000000000000e+00,1.2519100219022603e+20,0.0000000000000000e+00,0.0000000000000000e+00,0.0000000000000000e+00,0.0000000000000000e+00,0.0000000000000000e+00,0.0000000000000000e+00,0.0000000000000000e+00,1.3333333333333335e+00,7.4592507613502676e+04,3.9300766367067688e-06,0.0000000000000000e+00,0.0000000000000000e+00,0.0000000000000000e+00,0.0000000000000000e+00,0.0000000000000000e+00,0.0000000000000000e+00,0.0000000000000000e+00,0.0000000000000000e+00,
0.0000000000000000e+00,2.8550000000000001e+01,1.5707963267948966e+00,3.1415926535897931e+00,1.0000000000000001e-01,3.1415926535897931e+00,6.2831853071795862e+00,-1.3016370877423339e+20,1.0000000000000000e+00,2.8550058377056491e+01,2.8550058377056491e+01,1.0000000000000000e+00,8.1510666666394047e+02,8.1510666666394047e+02,8.1510666666394047e+02,1.0000000000000000e+00,0.0000000000000000e+00,0.0000000000000000e+00,0.0000000000000000e+00,1.0000000000000000e+00,0.0000000000000000e+00,0.0000000000000000e+00,0.0000000000000000e+00,0.0000000000000000e+00,0.0000000000000000e+00,0.0000000000000000e+00,1.4493298314929516e+10,-5.8252696891784540e+18,0.0000000000000000e+00,0.0000000000000000e+00,1.5876877890146337e+30,0.0000000000000000e+00,1.4493298314929516e+10,-5.0580956323486598e+03,0.0000000000000000e+00,0.0000000000000000e+00,1.5858337943173563e+30,0.0000000000000000e+00,5.2861126477245205e+29,0.0000000000000000e+00,0.0000000000000000e+00,0.0000000000000000e+00,1.0941799488644427e+20,0.0000000000000000e+00,0.0000000000000000e+00,0.0000000000000000e+00,0.0000000000000000e+00,0.0000000000000000e+00,0.0000000000000000e+00,0.0000000000000000e+00,1.3333333333333335e+00,6.9735359915064604e+04,2.6339138309405436e-06,0.0000000000000000e+00,0.0000000000000000e+00,0.0000000000000000e+00,0.0000000000000000e+00,0.0000000000000000e+00,0.0000000000000000e+00,0.0000000000000000e+00,0.0000000000000000e+00,
0.0000000000000000e+00,3.1750000000000000e+01,1.5707963267948966e+00,3.1415926535897931e+00,1.0000000000000001e-01,3.1415926535897931e+00,6.2831853071795862e+00,-1.1704486969301187e+20,1.0000000000000000e+00,3.1750052493394925e+01,3.1750052493394925e+01,1.0000000000000000e+00,1.0080666666644622e+03,1.0080666666644622e+03,1.0080666666644622e+03,1.0000000000000000e+00,0.0000000000000000e+00,0.0000000000000000e+00,0.0000000000000000e+00,1.0000000000000000e+00,0.0000000000000000e+00,0.0000000000000000e+00,0.0000000000000000e+00,0.0000000000000000e+00,0.0000000000000000e+00,0.0000000000000000e+00,1.0147651621207565e+10,-4.7102166939395205e+18,0.0000000000000000e+00,0.0000000000000000e+00,9.8759945997300116e+29,0.0000000000000000e+00,1.0147651621207565e+10,-5.7005243602988621e+03,0.0000000000000000e+00,0.0000000000000000e+00,9.8595067913873654e+29,0.0000000000000000e+00,3.2865022637957871e+29,0.0000000000000000e+00,0.0000000000000000e+00,0.0000000000000000e+00,9.7160179536773841e+19,0.0000000000000000e+00,0.0000000000000000e+00,0.0000000000000000e+00,0.0000000000000000e+00,0.0000000000000000e+00,0.0000000000000000e+00,0.0000000000000000e+00,1.3333333333333335e+00,6.5713233806429460e+04,1.8511743178915501e-06,0.0000000000000000e+00,0.0000000000000000e+00,0.0000000000000000e+00,0.0000000000000000e+00,0.0000000000000000e+00,0.0000000000000000e+00,0.0000000000000000e+00,0.0000000000000000e+00,
0.0000000000000000e+00,3.4950000000000003e+01,1.5707963267948966e+00,3.1415926535897931e+00,1.0000000000000001e-01,3.1415926535897931e+00,6.2831853071795862e+00,-1.0632833045920527e+20,1.0000000000000000e+00,3.4950047687139616e+01,3.4950047687139616e+01,1.0000000000000000e+00,1.2215066666648477e+03,1.2215066666648477e+03,1.2215066666648477e+03,1.0000000000000000e+00,0.0000000000000000e+00,0.0000000000000000e+00,0.0000000000000000e+00,1.0000000000000000e+00,0.0000000000000000e+00,0.0000000000000000e+00,0.0000000000000000e+00,0.0000000000000000e+00,0.0000000000000000e+00,0.0000000000000000e+00,7.3755361403595438e+09,-3.8871746082409272e+18,0.0000000000000000e+00,0.0000000000000000e+00,6.4579159660641381e+29,0.0000000000000000e+00,7.3755361403595438e+09,-6.3462470265002539e+03,0.0000000000000000e+00,0.0000000000000000e+00,6.4430635971498465e+29,0.0000000000000000e+00,2.1476878657166153e+29,0.0000000000000000e+00,0.0000000000000000e+00,0.0000000000000000e+00,8.7357006040216797e+19,0.0000000000000000e+00,0.0000000000000000e+00,0.0000000000000000e+00,0.0000000000000000e+00,0.0000000000000000e+00,0.0000000000000000e+00,0.0000000000000000e+00,1.3333333333333335e+00,6.2309973487777752e+04,1.3508518328430282e-06,0.0000000000000000e+00,0.0000000000000000e+00,0.0000000000000000e+00,0.0000000000000000e+00,0.0000000000000000e+00,0.0000000000000000e+00,0.0000000000000000e+00,0.0000000000000000e+00,
0.0000000000000000e+00,3.7950000000000003e+01,1.5707963267948966e+00,3.1415926535897931e+00,1.0000000000000001e-01,3.1415926535897931e+00,6.2831853071795862e+00,-9.7922938986464854e+19,1.0000000000000000e+00,3.7950043917409801e+01,3.7950043917409801e+01,1.0000000000000000e+00,1.4402066666651235e+03,1.4402066666651235e+03,1.4402066666651235e+03,1.0000000000000000e+00,0.0000000000000000e+00,0.0000000000000000e+00,0.0000000000000000e+00,1.0000000000000000e+00,0.0000000000000000e+00,0.0000000000000000e+00,0.0000000000000000e+00,0.0000000000000000e+00,0.0000000000000000e+00,0.0000000000000000e+00,5.5245594060256014e+09,-3.2968933145192366e+18,0.0000000000000000e+00,0.0000000000000000e+00,4.3964483071533865e+29,0.0000000000000000e+00,5.5245594060256014e+09,-6.9960938586002812e+03,0.0000000000000000e+00,0.0000000000000000e+00,4.3829282852124642e+29,0.0000000000000000e+00,1.4609760950708214e+29,0.0000000000000000e+00,0.0000000000000000e+00,0.0000000000000000e+00,7.9335181647096300e+19,0.0000000000000000e+00,0.0000000000000000e+00,0.0000000000000000e+00,0.0000000000000000e+00,0.0000000000000000e+00,0.0000000000000000e+00,0.0000000000000000e+00,1.3333333333333335e+00,5.9380194230119632e+04,1.0162474896602839e-06,0.0000000000000000e+00,0.0000000000000000e+00,0.0000000000000000e+00,0.0000000000000000e+00,0.0000000000000000e+00,0.0000000000000000e+00,0.0000000000000000e+00,0.0000000000000000e+00,
0.0000000000000000e+00,4.0950000000000003e+01,1.5707963267948966e+00,3.1415926535897931e+00,1.0000000000000001e-01,3.1415926535897931e+00,6.2831853071795862e+00,-9.0749104714353361e+19,1.0000000000000000e+00,4.0950040700020473e+01,4.0950040700020473e+01,1.0000000000000000e+00,1.6769066666653414e+03,1.6769066666653414e+03,1.6769066666653414e+03,1.0000000000000000e+00,0.0000000000000000e+00,0.0000000000000000e+00,0.0000000000000000e+00,1.0000000000000000e+00,0.0000000000000000e+00,0.0000000000000000e+00,0.0000000000000000e+00,0.0000000000000000e+00,0.0000000000000000e+00,0.0000000000000000e+00,4.3096307390565739e+09,-2.8315268070799073e+18,0.0000000000000000e+00,0.0000000000000000e+00,3.1598947547896446e+29,0.0000000000000000e+00,4.3096307390565739e+09,-7.6099157829166425e+03,0.0000000000000000e+00,0.0000000000000000e+00,3.1474160797650509e+29,0.0000000000000000e+00,1.0491386932550169e+29,0.0000000000000000e+00,0.0000000000000000e+00,0.0000000000000000e+00,7.3032023770693837e+19,0.0000000000000000e+00,0.0000000000000000e+00,0.0000000000000000e+00,0.0000000000000000e+00,0.0000000000000000e+00,0.0000000000000000e+00,0.0000000000000000e+00,1.3333333333333335e+00,5.6972513087902968e+04,7.9635268751779252e-07,0.0000000000000000e+00,0.0000000000000000e+00,0.0000000000000000e+00,0.0000000000000000e+00,0.0000000000000000e+00,0.0000000000000000e+00,0.0000000000000000e+00,0.0000000000000000e+00,
0.0000000000000000e+00,4.3950000000000003e+01,1.5707963267948966e+00,3.1415926535897931e+00,1.0000000000000001e-01,3.1415926535897931e+00,6.2831853071795862e+00,-8.4554632117493121e+19,1.0000000000000000e+00,4.3950037921864570e+01,4.3950037921864570e+01,1.0000000000000000e+00,1.9316066666655161e+03,1.9316066666655161e+03,1.9316066666655161e+03,1.0000000000000000e+00,0.0000000000000000e+00,0.0000000000000000e+00,0.0000000000000000e+00,1.0000000000000000e+00,0.0000000000000000e+00,0.0000000000000000e+00,0.0000000000000000e+00,0.0000000000000000e+00,0.0000000000000000e+00,0.0000000000000000e+00,3.4241350596041918e+09,-2.4581634641420447e+18,0.0000000000000000e+00,0.0000000000000000e+00,2.3277535700598784e+29,0.0000000000000000e+00,3.4241350596041918e+09,-8.2290927219459591e+03,0.0000000000000000e+00,0.0000000000000000e+00,2.3161598266701038e+29,0.0000000000000000e+00,7.7205327555670100e+28,0.0000000000000000e+00,0.0000000000000000e+00,0.0000000000000000e+00,6.7642083927248298e+19,0.0000000000000000e+00,0.0000000000000000e+00,0.0000000000000000e+00,0.0000000000000000e+00,0.0000000000000000e+00,0.0000000000000000e+00,0.0000000000000000e+00,1.3333333333333335e+00,5.4829868328484583e+04,6.3593489423709095e-07,0.0000000000000000e+00,0.0000000000000000e+00,0.0000000000000000e+00,0.0000000000000000e+00,0.0000000000000000e+00,0.0000000000000000e+00,0.0000000000000000e+00,0.0000000000000000e+00,
0.0000000000000000e+00,4.6950000000000003e+01,1.5707963267948966e+00,3.1415926535897931e+00,1.0000000000000001e-01,3.1415926535897931e+00,6.2831853071795862e+00,-7.9151784449507115e+19,1.0000000000000000e+00,4.6950035498744114e+01,4.6950035498744114e+01,1.0000000000000000e+00,2.2043066666656587e+03,2.2043066666656587e+03,2.2043066666656587e+03,1.0000000000000000e+00,0.0000000000000000e+00,0.0000000000000000e+00,0.0000000000000000e+00,1.0000000000000000e+00,0.0000000000000000e+00,0.0000000000000000e+00,0.0000000000000000e+00,0.0000000000000000e+00,0.0000000000000000e+00,0.0000000000000000e+00,2.7635435548806596e+09,-2.1540577784432210e+18,0.0000000000000000e+00,0.0000000000000000e+00,1.7512602840378253e+29,0.0000000000000000e+00,2.7635435548806596e+09,-8.8546412874226135e+03,0.0000000000000000e+00,0.0000000000000000e+00,1.7404265721723894e+29,0.0000000000000000e+00,5.8014219072412962e+28,0.0000000000000000e+00,0.0000000000000000e+00,0.0000000000000000e+00,6.2977992934457991e+19,0.0000000000000000e+00,0.0000000000000000e+00,0.0000000000000000e+00,0.0000000000000000e+00,0.0000000000000000e+00,0.0000000000000000e+00,0.0000000000000000e+00,1.3333333333333337e+00,5.2905780392651868e+04,5.1617852500641930e-07,0.0000000000000000e+00,0.0000000000000000e+00,0.0000000000000000e+00,0.0000000000000000e+00,0.0000000000000000e+00,0.0000000000000000e+00,0.0000000000000000e+00,0.0000000000000000e+00,
0.0000000000000000e+00,4.9950000000000003e+01,1.5707963267948966e+00,3.1415926535897931e+00,1.0000000000000001e-01,3.1415926535897931e+00,6.2831853071795862e+00,-7.4397926798655619e+19,1.0000000000000000e+00,4.9950033366688892e+01,4.9950033366688892e+01,1.0000000000000000e+00,2.4950066666657763e+03,2.4950066666657763e+03,2.4950066666657763e+03,1.0000000000000000e+00,0.0000000000000000e+00,0.0000000000000000e+00,0.0000000000000000e+00,1.0000000000000000e+00,0.0000000000000000e+00,0.0000000000000000e+00,0.0000000000000000e+00,0.0000000000000000e+00,0.0000000000000000e+00,0.0000000000000000e+00,2.2607262118893447e+09,-1.9030823236902771e+18,0.0000000000000000e+00,0.0000000000000000e+00,1.3417467832061692e+29,0.0000000000000000e+00,2.2607262118893447e+09,-9.4877196359111585e+03,0.0000000000000000e+00,0.0000000000000000e+00,1.3315716339326551e+29,0.0000000000000000e+00,4.4385721131088484e+28,0.0000000000000000e+00,0.0000000000000000e+00,0.0000000000000000e+00,5.8900103387955773e+19,0.0000000000000000e+00,0.0000000000000000e+00,0.0000000000000000e+00,0.0000000000000000e+00,0.0000000000000000e+00,0.0000000000000000e+00,0.0000000000000000e+00,1.3333333333333337e+00,5.1164266022149357e+04,4.2498341223093874e-07,0.0000000000000000e+00,0.0000000000000000e+00,0.0000000000000000e+00,0.0000000000000000e+00,0.0000000000000000e+00,0.0000000000000000e+00,0.0000000000000000e+00,0.0000000000000000e+00,
0.0000000000000000e+00,5.2950000000000003e+01,1.5707963267948966e+00,3.1415926535897931e+00,1.0000000000000001e-01,3.1415926535897931e+00,6.2831853071795862e+00,-7.0182749391033672e+19,1.0000000000000000e+00,5.2950031476226080e+01,5.2950031476226080e+01,1.0000000000000000e+00,2.8037066666658739e+03,2.8037066666658739e+03,2.8037066666658739e+03,1.0000000000000000e+00,0.0000000000000000e+00,0.0000000000000000e+00,0.0000000000000000e+00,1.0000000000000000e+00,0.0000000000000000e+00,0.0000000000000000e+00,0.0000000000000000e+00,0.0000000000000000e+00,0.0000000000000000e+00,0.0000000000000000e+00,1.8712263483389504e+09,-1.6935446360403039e+18,0.0000000000000000e+00,0.0000000000000000e+00,1.0444302004652455e+29,0.0000000000000000e+00,1.8712263483389504e+09,-1.0129652458552999e+04,0.0000000000000000e+00,0.0000000000000000e+00,1.0348299041181119e+29,0.0000000000000000e+00,3.4494330137270385e+28,0.0000000000000000e+00,0.0000000000000000e+00,0.0000000000000000e+00,5.5302172652181185e+19,0.0000000000000000e+00,0.0000000000000000e+00,0.0000000000000000e+00,0.0000000000000000e+00,0.0000000000000000e+00,0.0000000000000000e+00,0.0000000000000000e+00,1.3333333333333335e+00,4.9576951567041055e+04,3.5432726485305074e-07,0.0000000000000000e+00,0.0000000000000000e+00,0.0000000000000000e+00,0.0000000000000000e+00,0.0000000000000000e+00,0.0000000000000000e+00,0.0000000000000000e+00,0.0000000000000000e+00,
0.0000000000000000e+00,5.5950000000000003e+01,1.5707963267948966e+00,3.1415926535897931e+00,1.0000000000000001e-01,3.1415926535897931e+00,6.2831853071795862e+00,-6.6419601349946049e+19,1.0000000000000000e+00,5.5950029788493701e+01,5.5950029788493701e+01,1.0000000000000000e+00,3.1304066666659569e+03,3.1304066666659569e+03,3.1304066666659569e+03,1.0000000000000000e+00,0.0000000000000000e+00,0.0000000000000000e+00,0.0000000000000000e+00,1.0000000000000000e+00,0.0000000000000000e+00,0.0000000000000000e+00,0.0000000000000000e+00,0.0000000000000000e+00,0.0000000000000000e+00,0.0000000000000000e+00,1.5648055668093529e+09,-1.5168003083356628e+18,0.0000000000000000e+00,0.0000000000000000e+00,8.2438967105298179e+28,0.0000000000000000e+00,1.5648055668093529e+09,-1.0781963206836184e+04,0.0000000000000000e+00,0.0000000000000000e+00,8.1529419629831710e+28,0.0000000000000000e+00,2.7176473209943894e+28,0.0000000000000000e+00,0.0000000000000000e+00,0.0000000000000000e+00,5.2101900105892626e+19,0.0000000000000000e+00,0.0000000000000000e+00,0.0000000000000000e+00,0.0000000000000000e+00,0.0000000000000000e+00,0.0000000000000000e+00,0.0000000000000000e+00,1.3333333333333335e+00,4.8121095416741984e+04,2.9874870427917106e-07,0.0000000000000000e+00,0.0000000000000000e+00,0.0000000000000000e+00,0.0000000000000000e+00,0.0000000000000000e+00,0.0000000000000000e+00,0.0000000000000000e+00,0.0000000000000000e+00,
0.0000000000000000e+00,5.8950000000000003e+01,1.5707963267948966e+00,3.1415926535897931e+00,1.0000000000000001e-01,3.1415926535897931e+00,6.2831853071795862e+00,-6.3039470630305898e+19,1.0000000000000000e+00,5.8950028272540571e+01,5.8950028272540571e+01,1.0000000000000000e+00,3.4751066666660267e+03,3.4751066666660267e+03,3.4751066666660267e+03,1.0000000000000000e+00,0.0000000000000000e+00,0.0000000000000000e+00,0.0000000000000000e+00,1.0000000000000000e+00,0.0000000000000000e+00,0.0000000000000000e+00,0.0000000000000000e+00,0.0000000000000000e+00,0.0000000000000000e+00,0.0000000000000000e+00,1.3204082269567475e+09,-1.3663469214483753e+18,0.0000000000000000e+00,0.0000000000000000e+00,6.5874693375866498e+28,0.0000000000000000e+00,1.3204082269567475e+09,-1.1446416002809447e+04,0.0000000000000000e+00,0.0000000000000000e+00,6.5009692326903219e+28,0.0000000000000000e+00,2.1669897442301066e+28,0.0000000000000000e+00,0.0000000000000000e+00,0.0000000000000000e+00,4.9234498785688592e+19,0.0000000000000000e+00,0.0000000000000000e+00,0.0000000000000000e+00,0.0000000000000000e+00,0.0000000000000000e+00,0.0000000000000000e+00,0.0000000000000000e+00,1.3333333333333335e+00,4.6778197822624323e+04,2.5444269591544862e-07,0.0000000000000000e+00,0.0000000000000000e+00,0.0000000000000000e+00,0.0000000000000000e+00,0.0000000000000000e+00,0.0000000000000000e+00,0.0000000000000000e+00,0.0000000000000000e+00,
0.0000000000000000e+00,6.1950000000000003e+01,1.5707963267948966e+00,3.1415926535897931e+00,1.0000000000000001e-01,3.1415926535897931e+00,6.2831853071795862e+00,-5.9986713121485357e+19,1.0000000000000000e+00,6.1950026903410887e+01,6.1950026903410887e+01,1.0000000000000000e+00,3.8378066666660879e+03,3.8378066666660879e+03,3.8378066666660879e+03,1.0000000000000000e+00,0.0000000000000000e+00,0.0000000000000000e+00,0.0000000000000000e+00,1.0000000000000000e+00,0.0000000000000000e+00,0.0000000000000000e+00,0.0000000000000000e+00,0.0000000000000000e+00,0.0000000000000000e+00,0.0000000000000000e+00,1.1230649586634076e+09,-1.2372173164722668e+18,0.0000000000000000e+00,0.0000000000000000e+00,5.3214571588039793e+28,0.0000000000000000e+00,1.1230649586634076e+09,-1.2125070749683851e+04,0.0000000000000000e+00,0.0000000000000000e+00,5.2389022594445068e+28,0.0000000000000000e+00,1.7463007531481684e+28,0.0000000000000000e+00,0.0000000000000000e+00,0.0000000000000000e+00,4.6648220752967057e+19,0.0000000000000000e+00,0.0000000000000000e+00,0.0000000000000000e+00,0.0000000000000000e+00,0.0000000000000000e+00,0.0000000000000000e+00,0.0000000000000000e+00,1.3333333333333335e+00,4.5533000364364736e+04,2.1870370249181232e-07,0.0000000000000000e+00,0.0000000000000000e+00,0.0000000000000000e+00,0.0000000000000000e+00,0.0000000000000000e+00,0.0000000000000000e+00,0.0000000000000000e+00,0.0000000000000000e+00,
0.0000000000000000e+00,6.4950000000000003e+01,1.5707963267948966e+00,3.1415926535897931e+00,1.0000000000000001e-01,3.1415926535897931e+00,6.2831853071795862e+00,-5.7215965368700740e+19,1.0000000000000000e+00,6.4950025660759621e+01,6.4950025660759621e+01,1.0000000000000000e+00,4.2185066666661405e+03,4.2185066666661405e+03,4.2185066666661405e+03,1.0000000000000000e+00,0.0000000000000000e+00,0.0000000000000000e+00,0.0000000000000000e+00,1.0000000000000000e+00,0.0000000000000000e+00,0.0000000000000000e+00,0.0000000000000000e+00,0.0000000000000000e+00,0.0000000000000000e+00,0.0000000000000000e+00,9.6193398768527150e+08,-1.1255642975782852e+18,0.0000000000000000e+00,0.0000000000000000e+00,4.3405357846342677e+28,0.0000000000000000e+00,9.6193398768527150e+08,-1.2820356599147339e+04,0.0000000000000000e+00,0.0000000000000000e+00,4.2614834071306889e+28,0.0000000000000000e+00,1.4204944690435621e+28,0.0000000000000000e+00,0.0000000000000000e+00,0.0000000000000000e+00,4.4301172813035667e+19,0.0000000000000000e+00,0.0000000000000000e+00,0.0000000000000000e+00,0.0000000000000000e+00,0.0000000000000000e+00,0.0000000000000000e+00,0.0000000000000000e+00,1.3333333333333335e+00,4.4372749491657545e+04,1.8957337020935461e-07,0.0000000000000000e+00,0.0000000000000000e+00,0.0000000000000000e+00,0.0000000000000000e+00,0.0000000000000000e+00,0.0000000000000000e+00,0.0000000000000000e+00,0.0000000000000000e+00,
0.0000000000000000e+00,6.7950000000000003e+01,1.5707963267948966e+00,3.1415926535897931e+00,1.0000000000000001e-01,3.1415926535897931e+00,6.2831853071795862e+00,-5.4689875115343995e+19,1.0000000000000000e+00,6.7950024527834657e+01,6.7950024527834657e+01,1.0000000000000000e+00,4.6172066666661840e+03,4.6172066666661840e+03,4.6172066666661840e+03,1.0000000000000000e+00,0.0000000000000000e+00,0.0000000000000000e+00,0.0000000000000000e+00,1.0000000000000000e+00,0.0000000000000000e+00,0.0000000000000000e+00,0.0000000000000000e+00,0.0000000000000000e+00,0.0000000000000000e+00,0.0000000000000000e+00,8.2903061581595564e+08,-1.0283707253990661e+18,0.0000000000000000e+00,0.0000000000000000e+00,3.5710521859709229e+28,0.0000000000000000e+00,8.2903061581595564e+08,-1.3535171518838346e+04,0.0000000000000000e+00,0.0000000000000000e+00,3.4951127115016688e+28,0.0000000000000000e+00,1.1650375705005557e+28,0.0000000000000000e+00,0.0000000000000000e+00,0.0000000000000000e+00,4.2159002937296306e+19,0.0000000000000000e+00,0.0000000000000000e+00,0.0000000000000000e+00,0.0000000000000000e+00,0.0000000000000000e+00,0.0000000000000000e+00,0.0000000000000000e+00,1.3333333333333335e+00,4.3286641835105482e+04,1.6561224744707136e-07,0.0000000000000000e+00,0.0000000000000000e+00,0.0000000000000000e+00,0.0000000000000000e+00,0.0000000000000000e+00,0.0000000000000000e+00,0.0000000000000000e+00,0.0000000000000000e+00,
0.0000000000000000e+00,7.0950000000000003e+01,1.5707963267948966e+00,3.1415926535897931e+00,1.0000000000000001e-01,3.1415926535897931e+00,6.2831853071795862e+00,-5.2377407605473403e+19,1.0000000000000000e+00,7.0950023490717271e+01,7.0950023490717271e+01,1.0000000000000000e+00,5.0339066666662247e+03,5.0339066666662247e+03,5.0339066666662247e+03,1.0000000000000000e+00,0.0000000000000000e+00,0.0000000000000000e+00,0.0000000000000000e+00,1.0000000000000000e+00,0.0000000000000000e+00,0.0000000000000000e+00,0.0000000000000000e+00,0.0000000000000000e+00,0.0000000000000000e+00,0.0000000000000000e+00,7.1838423744948745e+08,-9.4324352829215795e+17,0.0000000000000000e+00,0.0000000000000000e+00,2.9605909733244179e+28,0.0000000000000000e+00,7.1838423744948745e+08,-1.4273019906531339e+04,0.0000000000000000e+00,0.0000000000000000e+00,2.8874167607436953e+28,0.0000000000000000e+00,9.6247225358123149e+27,0.0000000000000000e+00,0.0000000000000000e+00,0.0000000000000000e+00,4.0193184152777736e+19,0.0000000000000000e+00,0.0000000000000000e+00,0.0000000000000000e+00,0.0000000000000000e+00,0.0000000000000000e+00,0.0000000000000000e+00,0.0000000000000000e+00,1.3333333333333335e+00,4.2265395409008328e+04,8.5244284112698743e-01,0.0000000000000000e+00,0.0000000000000000e+00,0.0000000000000000e+00,0.0000000000000000e+00,0.0000000000000000e+00,0.0000000000000000e+00,0.0000000000000000e+00,0.0000000000000000e+00,
0.0000000000000000e+00,7.3950000000000003e+01,1.5707963267948966e+00,3.1415926535897931e+00,1.0000000000000001e-01,3.1415926535897931e+00,6.2831853071795862e+00,-5.0252564144827752e+19,1.0000000000000000e+00,7.3950022537747301e+01,7.3950022537747301e+01,1.0000000000000000e+00,5.4686066666662600e+03,5.4686066666662600e+03,5.4686066666662600e+03,1.0000000000000000e+00,0.0000000000000000e+00,0.0000000000000000e+00,0.0000000000000000e+00,1.0000000000000000e+00,0.0000000000000000e+00,0.0000000000000000e+00,0.0000000000000000e+00,0.0000000000000000e+00,0.0000000000000000e+00,0.0000000000000000e+00,9.2283782332572192e+07,-8.6826497586190259e+17,0.0000000000000000e+00,0.0000000000000000e+00,4.8184428045189622e+27,0.0000000000000000e+00,9.2283782332572192e+07,-9.9898142017566250e+04,0.0000000000000000e+00,0.0000000000000000e+00,2.5021795347590665e+25,0.0000000000000000e+00,8.3405984491968879e+24,0.0000000000000000e+00,0.0000000000000000e+00,0.0000000000000000e+00,2.7113964799024086e+17,0.0000000000000000e+00,0.0000000000000000e+00,0.0000000000000000e+00,0.0000000000000000e+00,0.0000000000000000e+00,0.0000000000000000e+00,0.0000000000000000e+00,1.3333333333333335e+00,3.4714047441555508e+03,4.0085098651703129e-08,0.0000000000000000e+00,0.0000000000000000e+00,0.0000000000000000e+00,0.0000000000000000e+00,0.0000000000000000e+00,0.0000000000000000e+00,0.0000000000000000e+00,0.0000000000000000e+00,
0.0000000000000000e+00,7.6950000000000003e+01,1.5707963267948966e+00,3.1415926535897931e+00,1.0000000000000001e-01,3.1415926535897931e+00,6.2831853071795862e+00,-4.8293400413313245e+19,1.0000000000000000e+00,7.6950021659082935e+01,7.6950021659082935e+01,1.0000000000000000e+00,5.9213066666662917e+03,5.9213066666662917e+03,5.9213066666662917e+03,1.0000000000000000e+00,0.0000000000000000e+00,0.0000000000000000e+00,0.0000000000000000e+00,1.0000000000000000e+00,0.0000000000000000e+00,0.0000000000000000e+00,0.0000000000000000e+00,0.0000000000000000e+00,0.0000000000000000e+00,0.0000000000000000e+00,8.6739225313710555e+07,-8.0188371949897062e+17,0.0000000000000000e+00,0.0000000000000000e+00,4.3453038659642855e+27,0.0000000000000000e+00,8.6739225313710555e+07,-9.7924459194956828e+04,0.0000000000000000e+00,0.0000000000000000e+00,2.3037676138474935e+25,0.0000000000000000e+00,7.6792253794916430e+24,0.0000000000000000e+00,0.0000000000000000e+00,0.0000000000000000e+00,2.6559694804209882e+17,0.0000000000000000e+00,0.0000000000000000e+00,0.0000000000000000e+00,0.0000000000000000e+00,0.0000000000000000e+00,0.0000000000000000e+00,0.0000000000000000e+00,1.3333333333333335e+00,3.4357399043023147e+03,3.5412379635068085e-08,0.0000000000000000e+00,0.0000000000000000e+00,0.0000000000000000e+00,0.0000000000000000e+00,0.0000000000000000e+00,0.0000000000000000e+00,0.0000000000000000e+00,0.0000000000000000e+00,
0.0000000000000000e+00,7.9950000000000003e+01,1.5707963267948966e+00,3.1415926535897931e+00,1.0000000000000001e-01,3.1415926535897931e+00,6.2831853071795862e+00,-4.6481265795087778e+19,1.0000000000000000e+00,7.9950020846359578e+01,7.9950020846359578e+01,1.0000000000000000e+00,6.3920066666663188e+03,6.3920066666663188e+03,6.3920066666663188e+03,1.0000000000000000e+00,0.0000000000000000e+00,0.0000000000000000e+00,0.0000000000000000e+00,1.0000000000000000e+00,0.0000000000000000e+00,0.0000000000000000e+00,0.0000000000000000e+00,0.0000000000000000e+00,0.0000000000000000e+00,0.0000000000000000e+00,8.1728807752585709e+07,-7.4283389629255296e+17,0.0000000000000000e+00,0.0000000000000000e+00,3.9347467210715317e+27,0.0000000000000000e+00,8.1728807752585709e+07,-9.6062933845119318e+04,0.0000000000000000e+00,0.0000000000000000e+00,2.1280647216152945e+25,0.0000000000000000e+00,7.0935490720509787e+24,0.0000000000000000e+00,0.0000000000000000e+00,0.0000000000000000e+00,2.6038119931498330e+17,0.0000000000000000e+00,0.0000000000000000e+00,0.0000000000000000e+00,0.0000000000000000e+00,0.0000000000000000e+00,0.0000000000000000e+00,0.0000000000000000e+00,1.3333333333333335e+00,3.4018373926528834e+03,3.1438570623982381e-08,0.0000000000000000e+00,0.0000000000000000e+00,0.0000000000000000e+00,0.0000000000000000e+00,0.0000000000000000e+00,0.0000000000000000e+00,0.0000000000000000e+00,0.0000000000000000e+00,

