1
1
61
0
(28 0
((0) (15) (0))
((16) (31) (0))
((32) (47) (0))
((48) (63) (0))
((64) (79) (0))
((80) (95) (0))
((96) (111) (0))
((112) (127) (0))
((128) (143) (0))
((144) (159) (0))
((160) (175) (0))
((176) (191) (0))
((192) (207) (0))
((208) (223) (0))
((224) (239) (0))
((240) (255) (0))
((256) (271) (0))
((272) (287) (0))
((288) (303) (0))
((304) (319) (0))
((320) (335) (0))
((336) (351) (0))
((352) (367) (0))
((368) (382) (0))
((383) (398) (0))
((399) (413) (0))
((414) (429) (0))
((430) (444) (0))
)
28
FabOnDisk: Cell_D_00012 0
FabOnDisk: Cell_D_00000 0
FabOnDisk: Cell_D_00000 7885
FabOnDisk: Cell_D_00001 0
FabOnDisk: Cell_D_00001 7885
FabOnDisk: Cell_D_00013 0
FabOnDisk: Cell_D_00002 0
FabOnDisk: Cell_D_00002 7886
FabOnDisk: Cell_D_00003 0
FabOnDisk: Cell_D_00003 7887
FabOnDisk: Cell_D_00004 0
FabOnDisk: Cell_D_00004 7887
FabOnDisk: Cell_D_00014 0
FabOnDisk: Cell_D_00005 0
FabOnDisk: Cell_D_00005 7887
FabOnDisk: Cell_D_00006 0
FabOnDisk: Cell_D_00006 7887
FabOnDisk: Cell_D_00007 0
FabOnDisk: Cell_D_00007 7887
FabOnDisk: Cell_D_00015 0
FabOnDisk: Cell_D_00008 0
FabOnDisk: Cell_D_00008 7887
FabOnDisk: Cell_D_00009 0
FabOnDisk: Cell_D_00009 7887
FabOnDisk: Cell_D_00010 0
FabOnDisk: Cell_D_00010 7887
FabOnDisk: Cell_D_00011 0
FabOnDisk: Cell_D_00011 7887

28,61
1.2000000000000000e+01,4.0250000000000000e+01,1.5707963267948966e+00,3.1415926535897931e+00,5.0000000000000000e-01,3.1415926535897931e+00,6.2831853071795862e+00,-4.6163104300246852e+19,1.0000000000000000e+00,4.0251035183375336e+01,4.0251035183375336e+01,1.0000000000000000e+00,1.6201666658093720e+03,1.6201666658093720e+03,1.6201666658093720e+03,1.0000000000000000e+00,0.0000000000000000e+00,0.0000000000000000e+00,0.0000000000000000e+00,1.0000000000000000e+00,0.0000000000000000e+00,0.0000000000000000e+00,0.0000000000000000e+00,0.0000000000000000e+00,0.0000000000000000e+00,0.0000000000000000e+00,1.2193003426922438e+10,-2.9308348796142095e+18,0.0000000000000000e+00,0.0000000000000000e+00,3.5589940687768786e+29,0.0000000000000000e+00,1.2193003426922438e+10,-1.7079661060156041e+03,0.0000000000000000e+00,0.0000000000000000e+00,3.5572157104418198e+29,0.0000000000000000e+00,1.1857385701472731e+29,0.0000000000000000e+00,0.0000000000000000e+00,0.0000000000000000e+00,2.9173435434435596e+19,0.0000000000000000e+00,0.0000000000000000e+00,0.0000000000000000e+00,0.0000000000000000e+00,0.0000000000000000e+00,0.0000000000000000e+00,0.0000000000000000e+00,1.3333333333333330e+00,3.6008251304104007e+04,4.8557556981940526e-05,0.0000000000000000e+00,0.0000000000000000e+00,0.0000000000000000e+00,0.0000000000000000e+00,0.0000000000000000e+00,0.0000000000000000e+00,0.0000000000000000e+00,0.0000000000000000e+00,
0.0000000000000000e+00,4.8250000000000000e+01,1.5707963267948966e+00,3.1415926535897931e+00,5.0000000000000000e-01,3.1415926535897931e+00,6.2831853071795862e+00,-3.8509268699080516e+19,1.0000000000000000e+00,4.8250863550130646e+01,4.8250863550130646e+01,1.0000000000000000e+00,2.3281666660700866e+03,2.3281666660700866e+03,2.3281666660700866e+03,1.0000000000000000e+00,0.0000000000000000e+00,0.0000000000000000e+00,0.0000000000000000e+00,1.0000000000000000e+00,0.0000000000000000e+00,0.0000000000000000e+00,0.0000000000000000e+00,0.0000000000000000e+00,0.0000000000000000e+00,0.0000000000000000e+00,7.6560746546295614e+09,-2.0395304039295508e+18,0.0000000000000000e+00,0.0000000000000000e+00,1.9141736194593099e+29,0.0000000000000000e+00,7.6560746546295614e+09,-1.9954400639289634e+03,0.0000000000000000e+00,0.0000000000000000e+00,1.9126494302257475e+29,0.0000000000000000e+00,6.3754981007524906e+28,0.0000000000000000e+00,0.0000000000000000e+00,0.0000000000000000e+00,2.4981611552453763e+19,0.0000000000000000e+00,0.0000000000000000e+00,0.0000000000000000e+00,0.0000000000000000e+00,0.0000000000000000e+00,0.0000000000000000e+00,0.0000000000000000e+00,1.3333333333333328e+00,3.3321044094132143e+04,3.0699514215140932e-05,0.0000000000000000e+00,0.0000000000000000e+00,0.0000000000000000e+00,0.0000000000000000e+00,0.0000000000000000e+00,0.0000000000000000e+00,0.0000000000000000e+00,0.0000000000000000e+00,
0.0000000000000000e+00,5.6250000000000000e+01,1.5707963267948966e+00,3.1415926535897931e+00,5.0000000000000000e-01,3.1415926535897931e+00,6.2831853071795862e+00,-3.3032473032072176e+19,1.0000000000000000e+00,5.6250740735863467e+01,5.6250740735863467e+01,1.0000000000000000e+00,3.1641666662277121e+03,3.1641666662277121e+03,3.1641666662277121e+03,1.0000000000000000e+00,0.0000000000000000e+00,0.0000000000000000e+00,0.0000000000000000e+00,1.0000000000000000e+00,0.0000000000000000e+00,0.0000000000000000e+00,0.0000000000000000e+00,0.0000000000000000e+00,0.0000000000000000e+00,0.0000000000000000e+00,5.1157867234372282e+09,-1.5006547682209129e+18,0.0000000000000000e+00,0.0000000000000000e+00,1.1186493022522111e+29,0.0000000000000000e+00,5.1157867234372282e+09,-2.2838123744784120e+03,0.0000000000000000e+00,0.0000000000000000e+00,1.1173151910261615e+29,0.0000000000000000e+00,3.7243839700872039e+28,0.0000000000000000e+00,0.0000000000000000e+00,0.0000000000000000e+00,2.1840197327900762e+19,0.0000000000000000e+00,0.0000000000000000e+00,0.0000000000000000e+00,0.0000000000000000e+00,0.0000000000000000e+00,0.0000000000000000e+00,0.0000000000000000e+00,1.3333333333333330e+00,3.1155644530343427e+04,2.0634697428566283e-05,0.0000000000000000e+00,0.0000000000000000e+00,0.0000000000000000e+00,0.0000000000000000e+00,0.0000000000000000e+00,0.0000000000000000e+00,0.0000000000000000e+00,0.0000000000000000e+00,
1.0000000000000000e+00,6.4250000000000000e+01,1.5707963267948966e+00,3.1415926535897931e+00,5.0000000000000000e-01,3.1415926535897931e+00,6.2831853071795862e+00,-2.8919524748099678e+19,1.0000000000000000e+00,6.4250648505157756e+01,6.4250648505157756e+01,1.0000000000000000e+00,4.1281666663302176e+03,4.1281666663302176e+03,4.1281666663302176e+03,1.0000000000000000e+00,0.0000000000000000e+00,0.0000000000000000e+00,0.0000000000000000e+00,1.0000000000000000e+00,0.0000000000000000e+00,0.0000000000000000e+00,0.0000000000000000e+00,0.0000000000000000e+00,0.0000000000000000e+00,0.0000000000000000e+00,3.5841539701039071e+09,-1.1502182387827246e+18,0.0000000000000000e+00,0.0000000000000000e+00,6.9643578138451206e+28,0.0000000000000000e+00,3.5841539701039071e+09,-2.5733676293749741e+03,0.0000000000000000e+00,0.0000000000000000e+00,6.9524905275578956e+28,0.0000000000000000e+00,2.3174968425192983e+28,0.0000000000000000e+00,0.0000000000000000e+00,0.0000000000000000e+00,1.9397619422870057e+19,0.0000000000000000e+00,0.0000000000000000e+00,0.0000000000000000e+00,0.0000000000000000e+00,0.0000000000000000e+00,0.0000000000000000e+00,0.0000000000000000e+00,1.3333333333333328e+00,2.9361804096934742e+04,1.4535737747008934e-05,0.0000000000000000e+00,0.0000000000000000e+00,0.0000000000000000e+00,0.0000000000000000e+00,0.0000000000000000e+00,0.0000000000000000e+00,0.0000000000000000e+00,0.0000000000000000e+00,
1.0000000000000000e+00,7.2250000000000000e+01,1.5707963267948966e+00,3.1415926535897931e+00,5.0000000000000000e-01,3.1415926535897931e+00,6.2831853071795862e+00,-2.5717389989463888e+19,1.0000000000000000e+00,7.2250576698967123e+01,7.2250576698967123e+01,1.0000000000000000e+00,5.2201666664005988e+03,5.2201666664005988e+03,5.2201666664005988e+03,1.0000000000000000e+00,0.0000000000000000e+00,0.0000000000000000e+00,0.0000000000000000e+00,1.0000000000000000e+00,0.0000000000000000e+00,0.0000000000000000e+00,0.0000000000000000e+00,0.0000000000000000e+00,0.0000000000000000e+00,0.0000000000000000e+00,2.6063399473775845e+09,-9.0960171284908992e+17,0.0000000000000000e+00,0.0000000000000000e+00,4.5570710351222912e+28,0.0000000000000000e+00,2.6063399473775845e+09,-2.8644364962082414e+03,0.0000000000000000e+00,0.0000000000000000e+00,4.5463787086294409e+28,0.0000000000000000e+00,1.5154595695431467e+28,0.0000000000000000e+00,0.0000000000000000e+00,0.0000000000000000e+00,1.7443363660613188e+19,0.0000000000000000e+00,0.0000000000000000e+00,0.0000000000000000e+00,0.0000000000000000e+00,0.0000000000000000e+00,0.0000000000000000e+00,0.0000000000000000e+00,1.3333333333333330e+00,2.7843490540210521e+04,1.0626702826958995e-05,0.0000000000000000e+00,0.0000000000000000e+00,0.0000000000000000e+00,0.0000000000000000e+00,0.0000000000000000e+00,0.0000000000000000e+00,0.0000000000000000e+00,0.0000000000000000e+00,
1.3000000000000000e+01,8.0250000000000000e+01,1.5707963267948966e+00,3.1415926535897931e+00,5.0000000000000000e-01,3.1415926535897931e+00,6.2831853071795862e+00,-2.3153680144003420e+19,1.0000000000000000e+00,8.0250519209119958e+01,8.0250519209119958e+01,1.0000000000000000e+00,6.4401666664510030e+03,6.4401666664510030e+03,6.4401666664510030e+03,1.0000000000000000e+00,0.0000000000000000e+00,0.0000000000000000e+00,0.0000000000000000e+00,1.0000000000000000e+00,0.0000000000000000e+00,0.0000000000000000e+00,0.0000000000000000e+00,0.0000000000000000e+00,0.0000000000000000e+00,0.0000000000000000e+00,1.9530226911338725e+09,-7.3728809014608819e+17,0.0000000000000000e+00,0.0000000000000000e+00,3.1040657875348236e+28,0.0000000000000000e+00,1.9530226911338725e+09,-3.1574000974112255e+03,0.0000000000000000e+00,0.0000000000000000e+00,3.0943309097855978e+28,0.0000000000000000e+00,1.0314436365951991e+28,0.0000000000000000e+00,0.0000000000000000e+00,0.0000000000000000e+00,1.5843673736004856e+19,0.0000000000000000e+00,0.0000000000000000e+00,0.0000000000000000e+00,0.0000000000000000e+00,0.0000000000000000e+00,0.0000000000000000e+00,0.0000000000000000e+00,1.3333333333333330e+00,2.6536065910317433e+04,8.0066571096544593e-06,0.0000000000000000e+00,0.0000000000000000e+00,0.0000000000000000e+00,0.0000000000000000e+00,0.0000000000000000e+00,0.0000000000000000e+00,0.0000000000000000e+00,0.0000000000000000e+00,
2.0000000000000000e+00,8.8250000000000000e+01,1.5707963267948966e+00,3.1415926535897931e+00,5.0000000000000000e-01,3.1415926535897931e+00,6.2831853071795862e+00,-2.1054774752931320e+19,1.0000000000000000e+00,8.8250472142268620e+01,8.8250472142268620e+01,1.0000000000000000e+00,7.7881666664883323e+03,7.7881666664883323e+03,7.7881666664883323e+03,1.0000000000000000e+00,0.0000000000000000e+00,0.0000000000000000e+00,0.0000000000000000e+00,1.0000000000000000e+00,0.0000000000000000e+00,0.0000000000000000e+00,0.0000000000000000e+00,0.0000000000000000e+00,0.0000000000000000e+00,0.0000000000000000e+00,1.5000125915858865e+09,-6.0967461928565901e+17,0.0000000000000000e+00,0.0000000000000000e+00,2.1853966931959723e+28,0.0000000000000000e+00,1.5000125915858865e+09,-3.4526958416547359e+03,0.0000000000000000e+00,0.0000000000000000e+00,2.1764558917568332e+28,0.0000000000000000e+00,7.2548529725227748e+27,0.0000000000000000e+00,0.0000000000000000e+00,0.0000000000000000e+00,1.4509483360426846e+19,0.0000000000000000e+00,0.0000000000000000e+00,0.0000000000000000e+00,0.0000000000000000e+00,0.0000000000000000e+00,0.0000000000000000e+00,0.0000000000000000e+00,1.3333333333333330e+00,2.5394203154540461e+04,6.1852737692323097e-06,0.0000000000000000e+00,0.0000000000000000e+00,0.0000000000000000e+00,0.0000000000000000e+00,0.0000000000000000e+00,0.0000000000000000e+00,0.0000000000000000e+00,0.0000000000000000e+00,
2.0000000000000000e+00,9.6250000000000000e+01,1.5707963267948966e+00,3.1415926535897931e+00,5.0000000000000000e-01,3.1415926535897931e+00,6.2831853071795862e+00,-1.9304775728476246e+19,1.0000000000000000e+00,9.6250432899459383e+01,9.6250432899459383e+01,1.0000000000000000e+00,9.2641666665167431e+03,9.2641666665167431e+03,9.2641666665167431e+03,1.0000000000000000e+00,0.0000000000000000e+00,0.0000000000000000e+00,0.0000000000000000e+00,1.0000000000000000e+00,0.0000000000000000e+00,0.0000000000000000e+00,0.0000000000000000e+00,0.0000000000000000e+00,0.0000000000000000e+00,0.0000000000000000e+00,1.1760546119537892e+09,-5.1253821564086963e+17,0.0000000000000000e+00,0.0000000000000000e+00,1.5817471350771441e+28,0.0000000000000000e+00,1.1760546119537892e+09,-3.7508250683935121e+03,0.0000000000000000e+00,0.0000000000000000e+00,1.5734744455363117e+28,0.0000000000000000e+00,5.2449148184543708e+27,0.0000000000000000e+00,0.0000000000000000e+00,0.0000000000000000e+00,1.3379183846267062e+19,0.0000000000000000e+00,0.0000000000000000e+00,0.0000000000000000e+00,0.0000000000000000e+00,0.0000000000000000e+00,0.0000000000000000e+00,0.0000000000000000e+00,1.3333333333333330e+00,2.4385038413631697e+04,4.8800763442458232e-06,0.0000000000000000e+00,0.0000000000000000e+00,0.0000000000000000e+00,0.0000000000000000e+00,0.0000000000000000e+00,0.0000000000000000e+00,0.0000000000000000e+00,0.0000000000000000e+00,
3.0000000000000000e+00,1.0425000000000000e+02,1.5707963267948966e+00,3.1415926535897931e+00,5.0000000000000000e-01,3.1415926535897931e+00,6.2831853071795862e+00,-1.7823360005460560e+19,1.0000000000000000e+00,1.0425039967948965e+02,1.0425039967948965e+02,1.0000000000000000e+00,1.0868166666538873e+04,1.0868166666538873e+04,1.0868166666538873e+04,1.0000000000000000e+00,0.0000000000000000e+00,0.0000000000000000e+00,0.0000000000000000e+00,1.0000000000000000e+00,0.0000000000000000e+00,0.0000000000000000e+00,0.0000000000000000e+00,0.0000000000000000e+00,0.0000000000000000e+00,0.0000000000000000e+00,9.3826795463962758e+08,-4.3689366336121709e+17,0.0000000000000000e+00,0.0000000000000000e+00,1.1719871579389347e+28,0.0000000000000000e+00,9.3826795463962758e+08,-4.0523630074873222e+03,0.0000000000000000e+00,0.0000000000000000e+00,1.1642832737005154e+28,0.0000000000000000e+00,3.8809442456683842e+27,0.0000000000000000e+00,0.0000000000000000e+00,0.0000000000000000e+00,1.2408792826911648e+19,0.0000000000000000e+00,0.0000000000000000e+00,0.0000000000000000e+00,0.0000000000000000e+00,0.0000000000000000e+00,0.0000000000000000e+00,0.0000000000000000e+00,1.3333333333333330e+00,2.3484072608764473e+04,3.9204960743024712e-06,0.0000000000000000e+00,0.0000000000000000e+00,0.0000000000000000e+00,0.0000000000000000e+00,0.0000000000000000e+00,0.0000000000000000e+00,0.0000000000000000e+00,0.0000000000000000e+00,
3.0000000000000000e+00,1.1225000000000000e+02,1.5707963267948966e+00,3.1415926535897931e+00,5.0000000000000000e-01,3.1415926535897931e+00,6.2831853071795862e+00,-1.6553102629642584e+19,1.0000000000000000e+00,1.1225037119463495e+02,1.1225037119463495e+02,1.0000000000000000e+00,1.2600166666556439e+04,1.2600166666556439e+04,1.2600166666556439e+04,1.0000000000000000e+00,0.0000000000000000e+00,0.0000000000000000e+00,0.0000000000000000e+00,1.0000000000000000e+00,0.0000000000000000e+00,0.0000000000000000e+00,0.0000000000000000e+00,0.0000000000000000e+00,0.0000000000000000e+00,0.0000000000000000e+00,7.5979190135296333e+08,-3.7683851888929203e+17,0.0000000000000000e+00,0.0000000000000000e+00,8.8599896915008456e+27,0.0000000000000000e+00,7.5979190135296333e+08,-4.3579717490849571e+03,0.0000000000000000e+00,0.0000000000000000e+00,8.7878407255835389e+27,0.0000000000000000e+00,2.9292802418611789e+27,0.0000000000000000e+00,0.0000000000000000e+00,0.0000000000000000e+00,1.1566062925190853e+19,0.0000000000000000e+00,0.0000000000000000e+00,0.0000000000000000e+00,0.0000000000000000e+00,0.0000000000000000e+00,0.0000000000000000e+00,0.0000000000000000e+00,1.3333333333333330e+00,2.2672605654978954e+04,3.1993845248797746e-06,0.0000000000000000e+00,0.0000000000000000e+00,0.0000000000000000e+00,0.0000000000000000e+00,0.0000000000000000e+00,0.0000000000000000e+00,0.0000000000000000e+00,0.0000000000000000e+00,
4.0000000000000000e+00,1.2025000000000000e+02,1.5707963267948966e+00,3.1415926535897931e+00,5.0000000000000000e-01,3.1415926535897931e+00,6.2831853071795862e+00,-1.5451860002976700e+19,1.0000000000000000e+00,1.2025034649984730e+02,1.2025034649984730e+02,1.0000000000000000e+00,1.4460166666570616e+04,1.4460166666570616e+04,1.4460166666570616e+04,1.0000000000000000e+00,0.0000000000000000e+00,0.0000000000000000e+00,0.0000000000000000e+00,1.0000000000000000e+00,0.0000000000000000e+00,0.0000000000000000e+00,0.0000000000000000e+00,0.0000000000000000e+00,0.0000000000000000e+00,0.0000000000000000e+00,6.2321586014345467e+08,-3.2836579373435994e+17,0.0000000000000000e+00,0.0000000000000000e+00,6.8153742020355475e+27,0.0000000000000000e+00,6.2321586014345467e+08,-4.6684171980969923e+03,0.0000000000000000e+00,0.0000000000000000e+00,6.7474624694372032e+27,0.0000000000000000e+00,2.2491541564790667e+27,0.0000000000000000e+00,0.0000000000000000e+00,0.0000000000000000e+00,1.0826803071293415e+19,0.0000000000000000e+00,0.0000000000000000e+00,0.0000000000000000e+00,0.0000000000000000e+00,0.0000000000000000e+00,0.0000000000000000e+00,0.0000000000000000e+00,1.3333333333333330e+00,2.1936068168109148e+04,2.6471260386615487e-06,0.0000000000000000e+00,0.0000000000000000e+00,0.0000000000000000e+00,0.0000000000000000e+00,0.0000000000000000e+00,0.0000000000000000e+00,0.0000000000000000e+00,0.0000000000000000e+00,
4.0000000000000000e+00,1.2825000000000000e+02,1.5707963267948966e+00,3.1415926535897931e+00,5.0000000000000000e-01,3.1415926535897931e+00,6.2831853071795862e+00,-1.4488003812237971e+19,1.0000000000000000e+00,1.2825032488587831e+02,1.2825032488587831e+02,1.0000000000000000e+00,1.6448166666582227e+04,1.6448166666582227e+04,1.6448166666582227e+04,1.0000000000000000e+00,0.0000000000000000e+00,0.0000000000000000e+00,0.0000000000000000e+00,1.0000000000000000e+00,0.0000000000000000e+00,0.0000000000000000e+00,0.0000000000000000e+00,0.0000000000000000e+00,0.0000000000000000e+00,0.0000000000000000e+00,5.1691677013873923e+08,-2.8867781400355584e+17,0.0000000000000000e+00,0.0000000000000000e+00,5.3225709878342541e+27,0.0000000000000000e+00,5.1691677013873923e+08,-4.9845914022263187e+03,0.0000000000000000e+00,0.0000000000000000e+00,5.2583544275914526e+27,0.0000000000000000e+00,1.7527848091971504e+27,0.0000000000000000e+00,0.0000000000000000e+00,0.0000000000000000e+00,1.0172499414146695e+19,0.0000000000000000e+00,0.0000000000000000e+00,0.0000000000000000e+00,0.0000000000000000e+00,0.0000000000000000e+00,0.0000000000000000e+00,0.0000000000000000e+00,1.3333333333333328e+00,2.1262900784099111e+04,2.2171575762926084e-06,0.0000000000000000e+00,0.0000000000000000e+00,0.0000000000000000e+00,0.0000000000000000e+00,0.0000000000000000e+00,0.0000000000000000e+00,0.0000000000000000e+00,0.0000000000000000e+00,
1.4000000000000000e+01,1.3625000000000000e+02,1.5707963267948966e+00,3.1415926535897931e+00,5.0000000000000000e-01,3.1415926535897931e+00,6.2831853071795862e+00,-1.3637333997636151e+19,1.0000000000000000e+00,1.3625030581005436e+02,1.3625030581005436e+02,1.0000000000000000e+00,1.8564166666591849e+04,1.8564166666591849e+04,1.8564166666591849e+04,1.0000000000000000e+00,0.0000000000000000e+00,0.0000000000000000e+00,0.0000000000000000e+00,1.0000000000000000e+00,0.0000000000000000e+00,0.0000000000000000e+00,0.0000000000000000e+00,0.0000000000000000e+00,0.0000000000000000e+00,0.0000000000000000e+00,4.3293291299916524e+08,-2.5577329383612550e+17,0.0000000000000000e+00,0.0000000000000000e+00,4.2122681658857796e+27,0.0000000000000000e+00,4.3293291299916524e+08,-5.3075422732623392e+03,0.0000000000000000e+00,0.0000000000000000e+00,4.1512899015490133e+27,0.0000000000000000e+00,1.3837633005163370e+27,0.0000000000000000e+00,0.0000000000000000e+00,0.0000000000000000e+00,9.5887291462634435e+18,0.0000000000000000e+00,0.0000000000000000e+00,0.0000000000000000e+00,0.0000000000000000e+00,0.0000000000000000e+00,0.0000000000000000e+00,0.0000000000000000e+00,1.3333333333333330e+00,2.0643779321692447e+04,1.8775398021797656e-06,0.0000000000000000e+00,0.0000000000000000e+00,0.0000000000000000e+00,0.0000000000000000e+00,0.0000000000000000e+00,0.0000000000000000e+00,0.0000000000000000e+00,0.0000000000000000e+00,
5.0000000000000000e+00,1.4425000000000000e+02,1.5707963267948966e+00,3.1415926535897931e+00,5.0000000000000000e-01,3.1415926535897931e+00,6.2831853071795862e+00,-1.2881018939717057e+19,1.0000000000000000e+00,1.4425028885008629e+02,1.4425028885008629e+02,1.0000000000000000e+00,2.0808166666599922e+04,2.0808166666599922e+04,2.0808166666599922e+04,1.0000000000000000e+00,0.0000000000000000e+00,0.0000000000000000e+00,0.0000000000000000e+00,1.0000000000000000e+00,0.0000000000000000e+00,0.0000000000000000e+00,0.0000000000000000e+00,0.0000000000000000e+00,0.0000000000000000e+00,0.0000000000000000e+00,3.6568543247297382e+08,-2.2819000987028218e+17,0.0000000000000000e+00,0.0000000000000000e+00,3.3727402090058888e+27,0.0000000000000000e+00,3.6568543247297382e+08,-5.6385137051077772e+03,0.0000000000000000e+00,0.0000000000000000e+00,3.3146096270024515e+27,0.0000000000000000e+00,1.1048698756674834e+27,0.0000000000000000e+00,0.0000000000000000e+00,0.0000000000000000e+00,9.0640740626848195e+18,0.0000000000000000e+00,0.0000000000000000e+00,0.0000000000000000e+00,0.0000000000000000e+00,0.0000000000000000e+00,0.0000000000000000e+00,0.0000000000000000e+00,1.3333333333333330e+00,2.0071064671115008e+04,1.6058782275751979e-06,0.0000000000000000e+00,0.0000000000000000e+00,0.0000000000000000e+00,0.0000000000000000e+00,0.0000000000000000e+00,0.0000000000000000e+00,0.0000000000000000e+00,0.0000000000000000e+00,
5.0000000000000000e+00,1.5225000000000000e+02,1.5707963267948966e+00,3.1415926535897931e+00,5.0000000000000000e-01,3.1415926535897931e+00,6.2831853071795862e+00,-1.2204185040539505e+19,1.0000000000000000e+00,1.5225027367244152e+02,1.5225027367244152e+02,1.0000000000000000e+00,2.3180166666606754e+04,2.3180166666606754e+04,2.3180166666606754e+04,1.0000000000000000e+00,0.0000000000000000e+00,0.0000000000000000e+00,0.0000000000000000e+00,1.0000000000000000e+00,0.0000000000000000e+00,0.0000000000000000e+00,0.0000000000000000e+00,0.0000000000000000e+00,0.0000000000000000e+00,0.0000000000000000e+00,3.1118546763704628e+08,-2.0483950264264166e+17,0.0000000000000000e+00,0.0000000000000000e+00,2.7285122960476339e+27,0.0000000000000000e+00,3.1118546763704628e+08,-5.9790006700487529e+03,0.0000000000000000e+00,0.0000000000000000e+00,2.6728905772790230e+27,0.0000000000000000e+00,8.9096352575967414e+26,0.0000000000000000e+00,0.0000000000000000e+00,0.0000000000000000e+00,8.5893578441528248e+18,0.0000000000000000e+00,0.0000000000000000e+00,0.0000000000000000e+00,0.0000000000000000e+00,0.0000000000000000e+00,0.0000000000000000e+00,0.0000000000000000e+00,1.3333333333333330e+00,1.9538401965108696e+04,1.3861712406350393e-06,0.0000000000000000e+00,0.0000000000000000e+00,0.0000000000000000e+00,0.0000000000000000e+00,0.0000000000000000e+00,0.0000000000000000e+00,0.0000000000000000e+00,0.0000000000000000e+00,
6.0000000000000000e+00,1.6025000000000000e+02,1.5707963267948966e+00,3.1415926535897931e+00,5.0000000000000000e-01,3.1415926535897931e+00,6.2831853071795862e+00,-1.1594928767535077e+19,1.0000000000000000e+00,1.6025026001018949e+02,1.6025026001018949e+02,1.0000000000000000e+00,2.5680166666612582e+04,2.5680166666612582e+04,2.5680166666612582e+04,1.0000000000000000e+00,0.0000000000000000e+00,0.0000000000000000e+00,0.0000000000000000e+00,1.0000000000000000e+00,0.0000000000000000e+00,0.0000000000000000e+00,0.0000000000000000e+00,0.0000000000000000e+00,0.0000000000000000e+00,0.0000000000000000e+00,2.6652879213317966e+08,-1.8489802698777539e+17,0.0000000000000000e+00,0.0000000000000000e+00,2.2275181393866404e+27,0.0000000000000000e+00,2.6652879213317966e+08,-6.3308264885066283e+03,0.0000000000000000e+00,0.0000000000000000e+00,2.1741068602902843e+27,0.0000000000000000e+00,7.2470228676342793e+26,0.0000000000000000e+00,0.0000000000000000e+00,0.0000000000000000e+00,8.1570977578150175e+18,0.0000000000000000e+00,0.0000000000000000e+00,0.0000000000000000e+00,0.0000000000000000e+00,0.0000000000000000e+00,0.0000000000000000e+00,0.0000000000000000e+00,1.3333333333333330e+00,1.9040420227118455e+04,1.2068054176287095e-06,0.0000000000000000e+00,0.0000000000000000e+00,0.0000000000000000e+00,0.0000000000000000e+00,0.0000000000000000e+00,0.0000000000000000e+00,0.0000000000000000e+00,0.0000000000000000e+00,
6.0000000000000000e+00,1.6825000000000000e+02,1.5707963267948966e+00,3.1415926535897931e+00,5.0000000000000000e-01,3.1415926535897931e+00,6.2831853071795862e+00,-1.1043610549410683e+19,1.0000000000000000e+00,1.6825024764716792e+02,1.6825024764716792e+02,1.0000000000000000e+00,2.8308166666617606e+04,2.8308166666617606e+04,2.8308166666617606e+04,1.0000000000000000e+00,0.0000000000000000e+00,0.0000000000000000e+00,0.0000000000000000e+00,1.0000000000000000e+00,0.0000000000000000e+00,0.0000000000000000e+00,0.0000000000000000e+00,0.0000000000000000e+00,0.0000000000000000e+00,0.0000000000000000e+00,3.3846860130271569e+07,-1.6773289400430339e+17,0.0000000000000000e+00,0.0000000000000000e+00,3.5565093222026677e+26,0.0000000000000000e+00,3.3846860130271569e+07,-4.5482610822427756e+04,0.0000000000000000e+00,0.0000000000000000e+00,6.5691509969894209e+24,0.0000000000000000e+00,2.1897169989964734e+24,0.0000000000000000e+00,0.0000000000000000e+00,0.0000000000000000e+00,1.9408440477184070e+17,0.0000000000000000e+00,0.0000000000000000e+00,0.0000000000000000e+00,0.0000000000000000e+00,0.0000000000000000e+00,0.0000000000000000e+00,0.0000000000000000e+00,1.3333333333333333e+00,2.9370007124337421e+03,3.2929137254977828e-07,0.0000000000000000e+00,0.0000000000000000e+00,0.0000000000000000e+00,0.0000000000000000e+00,0.0000000000000000e+00,0.0000000000000000e+00,0.0000000000000000e+00,0.0000000000000000e+00,
7.0000000000000000e+00,1.7625000000000000e+02,1.5707963267948966e+00,3.1415926535897931e+00,5.0000000000000000e-01,3.1415926535897931e+00,6.2831853071795862e+00,-1.0542340971684549e+19,1.0000000000000000e+00,1.7625023640646083e+02,1.7625023640646083e+02,1.0000000000000000e+00,3.1064166666621961e+04,3.1064166666621961e+04,3.1064166666621961e+04,1.0000000000000000e+00,0.0000000000000000e+00,0.0000000000000000e+00,0.0000000000000000e+00,1.0000000000000000e+00,0.0000000000000000e+00,0.0000000000000000e+00,0.0000000000000000e+00,0.0000000000000000e+00,0.0000000000000000e+00,0.0000000000000000e+00,3.1669673107994612e+07,-1.5285166120192352e+17,0.0000000000000000e+00,0.0000000000000000e+00,3.1824139974865462e+26,0.0000000000000000e+00,3.1669673107994612e+07,-4.5351793299710676e+04,0.0000000000000000e+00,0.0000000000000000e+00,6.0118687521860132e+24,0.0000000000000000e+00,2.0039562507286704e+24,0.0000000000000000e+00,0.0000000000000000e+00,0.0000000000000000e+00,1.8983037726448086e+17,0.0000000000000000e+00,0.0000000000000000e+00,0.0000000000000000e+00,0.0000000000000000e+00,0.0000000000000000e+00,0.0000000000000000e+00,0.0000000000000000e+00,1.3333333333333330e+00,2.9046351463871688e+03,2.8819788406183139e-07,0.0000000000000000e+00,0.0000000000000000e+00,0.0000000000000000e+00,0.0000000000000000e+00,0.0000000000000000e+00,0.0000000000000000e+00,0.0000000000000000e+00,0.0000000000000000e+00,
7.0000000000000000e+00,1.8425000000000000e+02,1.5707963267948966e+00,3.1415926535897931e+00,5.0000000000000000e-01,3.1415926535897931e+00,6.2831853071795862e+00,-1.0084600825634589e+19,1.0000000000000000e+00,1.8425022614187844e+02,1.8425022614187844e+02,1.0000000000000000e+00,3.3948166666625759e+04,3.3948166666625759e+04,3.3948166666625759e+04,1.0000000000000000e+00,0.0000000000000000e+00,0.0000000000000000e+00,0.0000000000000000e+00,1.0000000000000000e+00,0.0000000000000000e+00,0.0000000000000000e+00,0.0000000000000000e+00,0.0000000000000000e+00,0.0000000000000000e+00,0.0000000000000000e+00,2.9716810294613425e+07,-1.3986641586191621e+17,0.0000000000000000e+00,0.0000000000000000e+00,2.8611991755915216e+26,0.0000000000000000e+00,2.9716810294613425e+07,-4.4343735280879686e+04,0.0000000000000000e+00,0.0000000000000000e+00,5.5227361448557474e+24,0.0000000000000000e+00,1.8409120482852488e+24,0.0000000000000000e+00,0.0000000000000000e+00,0.0000000000000000e+00,1.8584544450534349e+17,0.0000000000000000e+00,0.0000000000000000e+00,0.0000000000000000e+00,0.0000000000000000e+00,0.0000000000000000e+00,0.0000000000000000e+00,0.0000000000000000e+00,1.3333333333333330e+00,2.8739862984412075e+03,2.5366631341828910e-07,0.0000000000000000e+00,0.0000000000000000e+00,0.0000000000000000e+00,0.0000000000000000e+00,0.0000000000000000e+00,0.0000000000000000e+00,0.0000000000000000e+00,0.0000000000000000e+00,
1.5000000000000000e+01,1.9225000000000000e+02,1.5707963267948966e+00,3.1415926535897931e+00,5.0000000000000000e-01,3.1415926535897931e+00,6.2831853071795862e+00,-9.6649560210568724e+18,1.0000000000000000e+00,1.9225021673156402e+02,1.9225021673156402e+02,1.0000000000000000e+00,3.6960166666629091e+04,3.6960166666629091e+04,3.6960166666629091e+04,1.0000000000000000e+00,0.0000000000000000e+00,0.0000000000000000e+00,0.0000000000000000e+00,1.0000000000000000e+00,0.0000000000000000e+00,0.0000000000000000e+00,0.0000000000000000e+00,0.0000000000000000e+00,0.0000000000000000e+00,0.0000000000000000e+00,2.7957176629574265e+07,-1.2846823689200707e+17,0.0000000000000000e+00,0.0000000000000000e+00,2.5836270786731710e+26,0.0000000000000000e+00,2.7957176629574265e+07,-4.3399266708772484e+04,0.0000000000000000e+00,0.0000000000000000e+00,5.0910704846469291e+24,0.0000000000000000e+00,1.6970234948823092e+24,0.0000000000000000e+00,0.0000000000000000e+00,0.0000000000000000e+00,1.8210238380913274e+17,0.0000000000000000e+00,0.0000000000000000e+00,0.0000000000000000e+00,0.0000000000000000e+00,0.0000000000000000e+00,0.0000000000000000e+00,0.0000000000000000e+00,1.3333333333333328e+00,2.8448970137164770e+03,2.2443753894055023e-07,0.0000000000000000e+00,0.0000000000000000e+00,0.0000000000000000e+00,0.0000000000000000e+00,0.0000000000000000e+00,0.0000000000000000e+00,0.0000000000000000e+00,0.0000000000000000e+00,
8.0000000000000000e+00,2.0025000000000000e+02,1.5707963267948966e+00,3.1415926535897931e+00,5.0000000000000000e-01,3.1415926535897931e+00,6.2831853071795862e+00,-9.2788408342579343e+18,1.0000000000000000e+00,2.0025020807313368e+02,2.0025020807313368e+02,1.0000000000000000e+00,4.0100166666632023e+04,4.0100166666632023e+04,4.0100166666632023e+04,1.0000000000000000e+00,0.0000000000000000e+00,0.0000000000000000e+00,0.0000000000000000e+00,1.0000000000000000e+00,0.0000000000000000e+00,0.0000000000000000e+00,0.0000000000000000e+00,0.0000000000000000e+00,0.0000000000000000e+00,0.0000000000000000e+00,2.6365008863740399e+07,-1.1840865022013635e+17,0.0000000000000000e+00,0.0000000000000000e+00,2.3423584765376962e+26,0.0000000000000000e+00,2.6365008863740399e+07,-4.2511971028058768e+04,0.0000000000000000e+00,0.0000000000000000e+00,4.7082037598415361e+24,0.0000000000000000e+00,1.5694012532805119e+24,0.0000000000000000e+00,0.0000000000000000e+00,0.0000000000000000e+00,1.7857767828809728e+17,0.0000000000000000e+00,0.0000000000000000e+00,0.0000000000000000e+00,0.0000000000000000e+00,0.0000000000000000e+00,0.0000000000000000e+00,0.0000000000000000e+00,1.3333333333333330e+00,2.8172301049858947e+03,1.9953156542632433e-07,0.0000000000000000e+00,0.0000000000000000e+00,0.0000000000000000e+00,0.0000000000000000e+00,0.0000000000000000e+00,0.0000000000000000e+00,0.0000000000000000e+00,0.0000000000000000e+00,
8.0000000000000000e+00,2.0825000000000000e+02,1.5707963267948966e+00,3.1415926535897931e+00,5.0000000000000000e-01,3.1415926535897931e+00,6.2831853071795862e+00,-8.9223911155022070e+18,1.0000000000000000e+00,2.0825020007993589e+02,2.0825020007993589e+02,1.0000000000000000e+00,4.3368166666634643e+04,4.3368166666634643e+04,4.3368166666634643e+04,1.0000000000000000e+00,0.0000000000000000e+00,0.0000000000000000e+00,0.0000000000000000e+00,1.0000000000000000e+00,0.0000000000000000e+00,0.0000000000000000e+00,0.0000000000000000e+00,0.0000000000000000e+00,0.0000000000000000e+00,0.0000000000000000e+00,2.4918799080117360e+07,-1.0948597162387058e+17,0.0000000000000000e+00,0.0000000000000000e+00,2.1315082067535865e+26,0.0000000000000000e+00,2.4918799080117360e+07,-4.1676303033977987e+04,0.0000000000000000e+00,0.0000000000000000e+00,4.3670432310526344e+24,0.0000000000000000e+00,1.4556810770175443e+24,0.0000000000000000e+00,0.0000000000000000e+00,0.0000000000000000e+00,1.7525089249953062e+17,0.0000000000000000e+00,0.0000000000000000e+00,0.0000000000000000e+00,0.0000000000000000e+00,0.0000000000000000e+00,0.0000000000000000e+00,0.0000000000000000e+00,1.3333333333333330e+00,2.7908651597105777e+03,1.7817797266031200e-07,0.0000000000000000e+00,0.0000000000000000e+00,0.0000000000000000e+00,0.0000000000000000e+00,0.0000000000000000e+00,0.0000000000000000e+00,0.0000000000000000e+00,0.0000000000000000e+00,
9.0000000000000000e+00,2.1625000000000000e+02,1.5707963267948966e+00,3.1415926535897931e+00,5.0000000000000000e-01,3.1415926535897931e+00,6.2831853071795862e+00,-8.5923145184905974e+18,1.0000000000000000e+00,2.1625019267814153e+02,2.1625019267814153e+02,1.0000000000000000e+00,4.6764166666636971e+04,4.6764166666636971e+04,4.6764166666636971e+04,1.0000000000000000e+00,0.0000000000000000e+00,0.0000000000000000e+00,0.0000000000000000e+00,1.0000000000000000e+00,0.0000000000000000e+00,0.0000000000000000e+00,0.0000000000000000e+00,0.0000000000000000e+00,0.0000000000000000e+00,0.0000000000000000e+00,2.3600465982655440e+07,-1.0153511846623715e+17,0.0000000000000000e+00,0.0000000000000000e+00,1.9463165769744350e+26,0.0000000000000000e+00,2.3600465982655440e+07,-4.0887442411044009e+04,0.0000000000000000e+00,0.0000000000000000e+00,4.0617399130188316e+24,0.0000000000000000e+00,1.3539133043396103e+24,0.0000000000000000e+00,0.0000000000000000e+00,0.0000000000000000e+00,1.7210417202658560e+17,0.0000000000000000e+00,0.0000000000000000e+00,0.0000000000000000e+00,0.0000000000000000e+00,0.0000000000000000e+00,0.0000000000000000e+00,0.0000000000000000e+00,1.3333333333333330e+00,2.7656959549527705e+03,1.5976536064603363e-07,0.0000000000000000e+00,0.0000000000000000e+00,0.0000000000000000e+00,0.0000000000000000e+00,0.0000000000000000e+00,0.0000000000000000e+00,0.0000000000000000e+00,0.0000000000000000e+00,
9.0000000000000000e+00,2.2425000000000000e+02,1.5707963267948966e+00,3.1415926535897931e+00,5.0000000000000000e-01,3.1415926535897931e+00,6.2831853071795862e+00,-8.2857885067160863e+18,1.0000000000000000e+00,2.2425018580445666e+02,2.2425018580445666e+02,1.0000000000000000e+00,5.0288166666639059e+04,5.0288166666639059e+04,5.0288166666639059e+04,1.0000000000000000e+00,0.0000000000000000e+00,0.0000000000000000e+00,0.0000000000000000e+00,1.0000000000000000e+00,0.0000000000000000e+00,0.0000000000000000e+00,0.0000000000000000e+00,0.0000000000000000e+00,0.0000000000000000e+00,0.0000000000000000e+00,2.2467028528552394e+07,-9.4419918725907312e+16,0.0000000000000000e+00,0.0000000000000000e+00,1.7925421478093105e+26,0.0000000000000000e+00,2.2467028528552394e+07,-4.0141176278586274e+04,0.0000000000000000e+00,0.0000000000000000e+00,3.8037519078180708e+24,0.0000000000000000e+00,1.2679173026060234e+24,0.0000000000000000e+00,0.0000000000000000e+00,0.0000000000000000e+00,1.6930368883999811e+17,0.0000000000000000e+00,0.0000000000000000e+00,0.0000000000000000e+00,0.0000000000000000e+00,0.0000000000000000e+00,0.0000000000000000e+00,0.0000000000000000e+00,1.3333333333333330e+00,2.7431019323831870e+03,1.4473800839890642e-07,0.0000000000000000e+00,0.0000000000000000e+00,0.0000000000000000e+00,0.0000000000000000e+00,0.0000000000000000e+00,0.0000000000000000e+00,0.0000000000000000e+00,0.0000000000000000e+00,
1.0000000000000000e+01,2.3175000000000000e+02,1.5707963267948966e+00,3.1415926535897931e+00,5.0000000000000000e-01,3.1415926535897931e+00,6.2831853071795862e+00,-8.0176402228613396e+18,1.0000000000000000e+00,2.3175017979137218e+02,2.3175017979137218e+02,1.0000000000000000e+00,5.3708166666640798e+04,5.3708166666640798e+04,5.3708166666640798e+04,1.0000000000000000e+00,0.0000000000000000e+00,0.0000000000000000e+00,0.0000000000000000e+00,1.0000000000000000e+00,0.0000000000000000e+00,0.0000000000000000e+00,0.0000000000000000e+00,0.0000000000000000e+00,0.0000000000000000e+00,0.0000000000000000e+00,2.1354949592695806e+07,-8.8407488156779376e+16,0.0000000000000000e+00,0.0000000000000000e+00,1.6466417889450893e+26,0.0000000000000000e+00,2.1354949592695806e+07,-3.9476939242670596e+04,0.0000000000000000e+00,0.0000000000000000e+00,3.5548072956779033e+24,0.0000000000000000e+00,1.1849357652259674e+24,0.0000000000000000e+00,0.0000000000000000e+00,0.0000000000000000e+00,1.6646287641319264e+17,0.0000000000000000e+00,0.0000000000000000e+00,0.0000000000000000e+00,0.0000000000000000e+00,0.0000000000000000e+00,0.0000000000000000e+00,0.0000000000000000e+00,1.3333333333333330e+00,2.7199907897212997e+03,1.3071542120754746e-07,0.0000000000000000e+00,0.0000000000000000e+00,0.0000000000000000e+00,0.0000000000000000e+00,0.0000000000000000e+00,0.0000000000000000e+00,0.0000000000000000e+00,0.0000000000000000e+00,
1.0000000000000000e+01,2.3975000000000000e+02,1.5707963267948966e+00,3.1415926535897931e+00,5.0000000000000000e-01,3.1415926535897931e+00,6.2831853071795862e+00,-7.7501070654675384e+18,1.0000000000000000e+00,2.3975017379208160e+02,2.3975017379208160e+02,1.0000000000000000e+00,5.7480166666642501e+04,5.7480166666642501e+04,5.7480166666642501e+04,1.0000000000000000e+00,0.0000000000000000e+00,0.0000000000000000e+00,0.0000000000000000e+00,1.0000000000000000e+00,0.0000000000000000e+00,0.0000000000000000e+00,0.0000000000000000e+00,0.0000000000000000e+00,0.0000000000000000e+00,0.0000000000000000e+00,2.0393446006423905e+07,-8.2605947414510016e+16,0.0000000000000000e+00,0.0000000000000000e+00,1.5245340455974146e+26,0.0000000000000000e+00,2.0393446006423905e+07,-3.8803057302693604e+04,0.0000000000000000e+00,0.0000000000000000e+00,3.3430187606115631e+24,0.0000000000000000e+00,1.1143395868705207e+24,0.0000000000000000e+00,0.0000000000000000e+00,0.0000000000000000e+00,1.6392609224616224e+17,0.0000000000000000e+00,0.0000000000000000e+00,0.0000000000000000e+00,0.0000000000000000e+00,0.0000000000000000e+00,0.0000000000000000e+00,0.0000000000000000e+00,1.3333333333333330e+00,2.6991857930823999e+03,1.1916764624204976e-07,0.0000000000000000e+00,0.0000000000000000e+00,0.0000000000000000e+00,0.0000000000000000e+00,0.0000000000000000e+00,0.0000000000000000e+00,0.0000000000000000e+00,0.0000000000000000e+00,
1.1000000000000000e+01,2.4725000000000000e+02,1.5707963267948966e+00,3.1415926535897931e+00,5.0000000000000000e-01,3.1415926535897931e+00,6.2831853071795862e+00,-7.5150180351177001e+18,1.0000000000000000e+00,2.4725016852033355e+02,2.4725016852033355e+02,1.0000000000000000e+00,6.1132666666643941e+04,6.1132666666643941e+04,6.1132666666643941e+04,1.0000000000000000e+00,0.0000000000000000e+00,0.0000000000000000e+00,0.0000000000000000e+00,1.0000000000000000e+00,0.0000000000000000e+00,0.0000000000000000e+00,0.0000000000000000e+00,0.0000000000000000e+00,0.0000000000000000e+00,0.0000000000000000e+00,1.9445093014783397e+07,-7.7670474275965552e+16,0.0000000000000000e+00,0.0000000000000000e+00,1.4078234239336965e+26,0.0000000000000000e+00,1.9445093014783397e+07,-3.8201228449473354e+04,0.0000000000000000e+00,0.0000000000000000e+00,3.1373623894358045e+24,0.0000000000000000e+00,1.0457874631452682e+24,0.0000000000000000e+00,0.0000000000000000e+00,0.0000000000000000e+00,1.6134464563158214e+17,0.0000000000000000e+00,0.0000000000000000e+00,0.0000000000000000e+00,0.0000000000000000e+00,0.0000000000000000e+00,0.0000000000000000e+00,0.0000000000000000e+00,1.3333333333333330e+00,2.6778485761462839e+03,1.0830126173109301e-07,0.0000000000000000e+00,0.0000000000000000e+00,0.0000000000000000e+00,0.0000000000000000e+00,0.0000000000000000e+00,0.0000000000000000e+00,0.0000000000000000e+00,0.0000000000000000e+00,
1.1000000000000000e+01,2.5525000000000000e+02,1.5707963267948966e+00,3.1415926535897931e+00,5.0000000000000000e-01,3.1415926535897931e+00,6.2831853071795862e+00,-7.2794838325296640e+18,1.0000000000000000e+00,2.5525016323860274e+02,2.5525016323860274e+02,1.0000000000000000e+00,6.5152666666645338e+04,6.5152666666645338e+04,6.5152666666645338e+04,1.0000000000000000e+00,0.0000000000000000e+00,0.0000000000000000e+00,0.0000000000000000e+00,1.0000000000000000e+00,0.0000000000000000e+00,0.0000000000000000e+00,0.0000000000000000e+00,0.0000000000000000e+00,0.0000000000000000e+00,0.0000000000000000e+00,1.8621087310434557e+07,-7.2878103956711680e+16,0.0000000000000000e+00,0.0000000000000000e+00,1.3094668221099509e+26,0.0000000000000000e+00,1.8621087310434557e+07,-3.7588739770238484e+04,0.0000000000000000e+00,0.0000000000000000e+00,2.9613610781356089e+24,0.0000000000000000e+00,9.8712035937853620e+23,0.0000000000000000e+00,0.0000000000000000e+00,0.0000000000000000e+00,1.5903262591017290e+17,0.0000000000000000e+00,0.0000000000000000e+00,0.0000000000000000e+00,0.0000000000000000e+00,0.0000000000000000e+00,0.0000000000000000e+00,0.0000000000000000e+00,1.3333333333333330e+00,2.6585929689746604e+03,9.9281762098254590e-08,0.0000000000000000e+00,0.0000000000000000e+00,0.0000000000000000e+00,0.0000000000000000e+00,0.0000000000000000e+00,0.0000000000000000e+00,0.0000000000000000e+00,0.0000000000000000e+00,

28,61
1.2000000000000000e+01,4.7750000000000000e+01,1.5707963267948966e+00,3.1415926535897931e+00,5.0000000000000000e-01,3.1415926535897931e+00,6.2831853071795862e+00,-3.8912499783945421e+19,1.0000000000000000e+00,4.7750872592376005e+01,4.7750872592376005e+01,1.0000000000000000e+00,2.2801666660575274e+03,2.2801666660575274e+03,2.2801666660575274e+03,1.0000000000000000e+00,0.0000000000000000e+00,0.0000000000000000e+00,0.0000000000000000e+00,1.0000000000000000e+00,0.0000000000000000e+00,0.0000000000000000e+00,0.0000000000000000e+00,0.0000000000000000e+00,0.0000000000000000e+00,0.0000000000000000e+00,2.0367107293654484e+10,-2.0824663168224786e+18,0.0000000000000000e+00,0.0000000000000000e+00,7.0523661632052352e+29,0.0000000000000000e+00,2.0367107293654484e+10,-1.4390596618153411e+03,0.0000000000000000e+00,0.0000000000000000e+00,7.0502573944246324e+29,0.0000000000000000e+00,2.3500857981415437e+29,0.0000000000000000e+00,0.0000000000000000e+00,0.0000000000000000e+00,3.4614562284131926e+19,0.0000000000000000e+00,0.0000000000000000e+00,0.0000000000000000e+00,0.0000000000000000e+00,0.0000000000000000e+00,0.0000000000000000e+00,0.0000000000000000e+00,1.3333333333333335e+00,3.9222697994669572e+04,8.8555358527755927e-05,0.0000000000000000e+00,0.0000000000000000e+00,0.0000000000000000e+00,0.0000000000000000e+00,0.0000000000000000e+00,0.0000000000000000e+00,0.0000000000000000e+00,0.0000000000000000e+00,
0.0000000000000000e+00,5.5750000000000000e+01,1.5707963267948966e+00,3.1415926535897931e+00,5.0000000000000000e-01,3.1415926535897931e+00,6.2831853071795862e+00,-3.3328724441605943e+19,1.0000000000000000e+00,5.5750747379145771e+01,5.5750747379145771e+01,1.0000000000000000e+00,3.1081666662198031e+03,3.1081666662198031e+03,3.1081666662198031e+03,1.0000000000000000e+00,0.0000000000000000e+00,0.0000000000000000e+00,0.0000000000000000e+00,1.0000000000000000e+00,0.0000000000000000e+00,0.0000000000000000e+00,0.0000000000000000e+00,0.0000000000000000e+00,0.0000000000000000e+00,0.0000000000000000e+00,1.1817437845295620e+10,-1.5276928679137692e+18,0.0000000000000000e+00,0.0000000000000000e+00,3.4136384065450227e+29,0.0000000000000000e+00,1.1817437845295620e+10,-1.7259116907694176e+03,0.0000000000000000e+00,0.0000000000000000e+00,3.4118784134703708e+29,0.0000000000000000e+00,1.1372928044901235e+29,0.0000000000000000e+00,0.0000000000000000e+00,0.0000000000000000e+00,2.8870781034565726e+19,0.0000000000000000e+00,0.0000000000000000e+00,0.0000000000000000e+00,0.0000000000000000e+00,0.0000000000000000e+00,0.0000000000000000e+00,0.0000000000000000e+00,1.3333333333333335e+00,3.5820984722292924e+04,4.7084057102572303e-05,0.0000000000000000e+00,0.0000000000000000e+00,0.0000000000000000e+00,0.0000000000000000e+00,0.0000000000000000e+00,0.0000000000000000e+00,0.0000000000000000e+00,0.0000000000000000e+00,
0.0000000000000000e+00,6.3750000000000000e+01,1.5707963267948966e+00,3.1415926535897931e+00,5.0000000000000000e-01,3.1415926535897931e+00,6.2831853071795862e+00,-2.9146342233615114e+19,1.0000000000000000e+00,6.3750653591420779e+01,6.3750653591420779e+01,1.0000000000000000e+00,4.0641666663249198e+03,4.0641666663249198e+03,4.0641666663249198e+03,1.0000000000000000e+00,0.0000000000000000e+00,0.0000000000000000e+00,0.0000000000000000e+00,1.0000000000000000e+00,0.0000000000000000e+00,0.0000000000000000e+00,0.0000000000000000e+00,0.0000000000000000e+00,0.0000000000000000e+00,0.0000000000000000e+00,7.4533578940240164e+09,-1.1683315404166551e+18,0.0000000000000000e+00,0.0000000000000000e+00,1.8469355485653702e+29,0.0000000000000000e+00,7.4533578940240164e+09,-2.0134342825799158e+03,0.0000000000000000e+00,0.0000000000000000e+00,1.8454248336914390e+29,0.0000000000000000e+00,6.1514161123047968e+28,0.0000000000000000e+00,0.0000000000000000e+00,0.0000000000000000e+00,2.4759152483099177e+19,0.0000000000000000e+00,0.0000000000000000e+00,0.0000000000000000e+00,0.0000000000000000e+00,0.0000000000000000e+00,0.0000000000000000e+00,0.0000000000000000e+00,1.3333333333333335e+00,3.3172352328051253e+04,2.9898318168265538e-05,0.0000000000000000e+00,0.0000000000000000e+00,0.0000000000000000e+00,0.0000000000000000e+00,0.0000000000000000e+00,0.0000000000000000e+00,0.0000000000000000e+00,0.0000000000000000e+00,
1.0000000000000000e+00,7.1750000000000000e+01,1.5707963267948966e+00,3.1415926535897931e+00,5.0000000000000000e-01,3.1415926535897931e+00,6.2831853071795862e+00,-2.5896603805218111e+19,1.0000000000000000e+00,7.1750580717742849e+01,7.1750580717742849e+01,1.0000000000000000e+00,5.1481666663968790e+03,5.1481666663968790e+03,5.1481666663968790e+03,1.0000000000000000e+00,0.0000000000000000e+00,0.0000000000000000e+00,0.0000000000000000e+00,1.0000000000000000e+00,0.0000000000000000e+00,0.0000000000000000e+00,0.0000000000000000e+00,0.0000000000000000e+00,0.0000000000000000e+00,0.0000000000000000e+00,4.9969589169571781e+09,-9.2232320919727168e+17,0.0000000000000000e+00,0.0000000000000000e+00,1.0841699864605391e+29,0.0000000000000000e+00,4.9969589169571781e+09,-2.3018717296764594e+03,0.0000000000000000e+00,0.0000000000000000e+00,1.0828461725098791e+29,0.0000000000000000e+00,3.6094872416995962e+28,0.0000000000000000e+00,0.0000000000000000e+00,0.0000000000000000e+00,2.1669773659317637e+19,0.0000000000000000e+00,0.0000000000000000e+00,0.0000000000000000e+00,0.0000000000000000e+00,0.0000000000000000e+00,0.0000000000000000e+00,0.0000000000000000e+00,1.3333333333333337e+00,3.1033849739776775e+04,2.0162443482811300e-05,0.0000000000000000e+00,0.0000000000000000e+00,0.0000000000000000e+00,0.0000000000000000e+00,0.0000000000000000e+00,0.0000000000000000e+00,0.0000000000000000e+00,0.0000000000000000e+00,
1.0000000000000000e+00,7.9750000000000000e+01,1.5707963267948966e+00,3.1415926535897931e+00,5.0000000000000000e-01,3.1415926535897931e+00,6.2831853071795862e+00,-2.3298843334782087e+19,1.0000000000000000e+00,7.9750522464328299e+01,7.9750522464328299e+01,1.0000000000000000e+00,6.3601666664482909e+03,6.3601666664482909e+03,6.3601666664482909e+03,1.0000000000000000e+00,0.0000000000000000e+00,0.0000000000000000e+00,0.0000000000000000e+00,1.0000000000000000e+00,0.0000000000000000e+00,0.0000000000000000e+00,0.0000000000000000e+00,0.0000000000000000e+00,0.0000000000000000e+00,0.0000000000000000e+00,3.5099701920944815e+09,-7.4656203265916147e+17,0.0000000000000000e+00,0.0000000000000000e+00,6.7730733306730085e+28,0.0000000000000000e+00,3.5099701920944815e+09,-2.5915113989958350e+03,0.0000000000000000e+00,0.0000000000000000e+00,6.7612872098284858e+28,0.0000000000000000e+00,2.2537624032761614e+28,0.0000000000000000e+00,0.0000000000000000e+00,0.0000000000000000e+00,1.9262857647066972e+19,0.0000000000000000e+00,0.0000000000000000e+00,0.0000000000000000e+00,0.0000000000000000e+00,0.0000000000000000e+00,0.0000000000000000e+00,0.0000000000000000e+00,1.3333333333333335e+00,2.9259633380690560e+04,1.4239632947783446e-05,0.0000000000000000e+00,0.0000000000000000e+00,0.0000000000000000e+00,0.0000000000000000e+00,0.0000000000000000e+00,0.0000000000000000e+00,0.0000000000000000e+00,0.0000000000000000e+00,
1.3000000000000000e+01,8.7750000000000000e+01,1.5707963267948966e+00,3.1415926535897931e+00,5.0000000000000000e-01,3.1415926535897931e+00,6.2831853071795862e+00,-2.1174744332096106e+19,1.0000000000000000e+00,8.7750474832523466e+01,8.7750474832523466e+01,1.0000000000000000e+00,7.7001666664862951e+03,7.7001666664862951e+03,7.7001666664862951e+03,1.0000000000000000e+00,0.0000000000000000e+00,0.0000000000000000e+00,0.0000000000000000e+00,1.0000000000000000e+00,0.0000000000000000e+00,0.0000000000000000e+00,0.0000000000000000e+00,0.0000000000000000e+00,0.0000000000000000e+00,0.0000000000000000e+00,2.5576672385517702e+09,-6.1664225381305242e+17,0.0000000000000000e+00,0.0000000000000000e+00,4.4441557218715329e+28,0.0000000000000000e+00,2.5576672385517702e+09,-2.8826869696520848e+03,0.0000000000000000e+00,0.0000000000000000e+00,4.4335289378985269e+28,0.0000000000000000e+00,1.4778429792995087e+28,0.0000000000000000e+00,0.0000000000000000e+00,0.0000000000000000e+00,1.7334097938471764e+19,0.0000000000000000e+00,0.0000000000000000e+00,0.0000000000000000e+00,0.0000000000000000e+00,0.0000000000000000e+00,0.0000000000000000e+00,0.0000000000000000e+00,1.3333333333333333e+00,2.7756147480443033e+04,1.0431754104490213e-05,0.0000000000000000e+00,0.0000000000000000e+00,0.0000000000000000e+00,0.0000000000000000e+00,0.0000000000000000e+00,0.0000000000000000e+00,0.0000000000000000e+00,0.0000000000000000e+00,
2.0000000000000000e+00,9.5750000000000000e+01,1.5707963267948966e+00,3.1415926535897931e+00,5.0000000000000000e-01,3.1415926535897931e+00,6.2831853071795862e+00,-1.9405583499862483e+19,1.0000000000000000e+00,9.5750435160020729e+01,9.5750435160020729e+01,1.0000000000000000e+00,9.1681666665151752e+03,9.1681666665151752e+03,9.1681666665151752e+03,1.0000000000000000e+00,0.0000000000000000e+00,0.0000000000000000e+00,0.0000000000000000e+00,1.0000000000000000e+00,0.0000000000000000e+00,0.0000000000000000e+00,0.0000000000000000e+00,0.0000000000000000e+00,0.0000000000000000e+00,0.0000000000000000e+00,1.9197775039192619e+09,-5.1790505916885434e+17,0.0000000000000000e+00,0.0000000000000000e+00,3.0339809549652244e+28,0.0000000000000000e+00,1.9197775039192619e+09,-3.1757828943826171e+03,0.0000000000000000e+00,0.0000000000000000e+00,3.0243000367587997e+28,0.0000000000000000e+00,1.0081000122529330e+28,0.0000000000000000e+00,0.0000000000000000e+00,0.0000000000000000e+00,1.5753259970458079e+19,0.0000000000000000e+00,0.0000000000000000e+00,0.0000000000000000e+00,0.0000000000000000e+00,0.0000000000000000e+00,0.0000000000000000e+00,0.0000000000000000e+00,1.3333333333333335e+00,2.6460242109287399e+04,7.8731286331508083e-06,0.0000000000000000e+00,0.0000000000000000e+00,0.0000000000000000e+00,0.0000000000000000e+00,0.0000000000000000e+00,0.0000000000000000e+00,0.0000000000000000e+00,0.0000000000000000e+00,
2.0000000000000000e+00,1.0375000000000000e+02,1.5707963267948966e+00,3.1415926535897931e+00,5.0000000000000000e-01,3.1415926535897931e+00,6.2831853071795862e+00,-1.7909255384632539e+19,1.0000000000000000e+00,1.0375040160564841e+02,1.0375040160564841e+02,1.0000000000000000e+00,1.0764166666537636e+04,1.0764166666537636e+04,1.0764166666537636e+04,1.0000000000000000e+00,0.0000000000000000e+00,0.0000000000000000e+00,0.0000000000000000e+00,1.0000000000000000e+00,0.0000000000000000e+00,0.0000000000000000e+00,0.0000000000000000e+00,0.0000000000000000e+00,0.0000000000000000e+00,0.0000000000000000e+00,1.4765379453527222e+09,-4.4111482549667373e+17,0.0000000000000000e+00,0.0000000000000000e+00,2.1400560215163240e+28,0.0000000000000000e+00,1.4765379453527222e+09,-3.4712403324071697e+03,0.0000000000000000e+00,0.0000000000000000e+00,2.1311603460447275e+28,0.0000000000000000e+00,7.1038678201490895e+27,0.0000000000000000e+00,0.0000000000000000e+00,0.0000000000000000e+00,1.4433396028492272e+19,0.0000000000000000e+00,0.0000000000000000e+00,0.0000000000000000e+00,0.0000000000000000e+00,0.0000000000000000e+00,0.0000000000000000e+00,0.0000000000000000e+00,1.3333333333333333e+00,2.5327532456789813e+04,6.0907753767884172e-06,0.0000000000000000e+00,0.0000000000000000e+00,0.0000000000000000e+00,0.0000000000000000e+00,0.0000000000000000e+00,0.0000000000000000e+00,0.0000000000000000e+00,0.0000000000000000e+00,
3.0000000000000000e+00,1.1175000000000000e+02,1.5707963267948966e+00,3.1415926535897931e+00,5.0000000000000000e-01,3.1415926535897931e+00,6.2831853071795862e+00,-1.6627165482093445e+19,1.0000000000000000e+00,1.1175037285545552e+02,1.1175037285545552e+02,1.0000000000000000e+00,1.2488166666555449e+04,1.2488166666555449e+04,1.2488166666555449e+04,1.0000000000000000e+00,0.0000000000000000e+00,0.0000000000000000e+00,0.0000000000000000e+00,1.0000000000000000e+00,0.0000000000000000e+00,0.0000000000000000e+00,0.0000000000000000e+00,0.0000000000000000e+00,0.0000000000000000e+00,0.0000000000000000e+00,1.1590098847803800e+09,-3.8021821399454042e+17,0.0000000000000000e+00,0.0000000000000000e+00,1.5513764169881966e+28,0.0000000000000000e+00,1.1590098847803800e+09,-3.7695649222787029e+03,0.0000000000000000e+00,0.0000000000000000e+00,1.5431419545821803e+28,0.0000000000000000e+00,5.1438065152739331e+27,0.0000000000000000e+00,0.0000000000000000e+00,0.0000000000000000e+00,1.3314233820444195e+19,0.0000000000000000e+00,0.0000000000000000e+00,0.0000000000000000e+00,0.0000000000000000e+00,0.0000000000000000e+00,0.0000000000000000e+00,0.0000000000000000e+00,1.3333333333333335e+00,2.4325777166432486e+04,4.8113378130348646e-06,0.0000000000000000e+00,0.0000000000000000e+00,0.0000000000000000e+00,0.0000000000000000e+00,0.0000000000000000e+00,0.0000000000000000e+00,0.0000000000000000e+00,0.0000000000000000e+00,
3.0000000000000000e+00,1.1975000000000000e+02,1.5707963267948966e+00,3.1415926535897931e+00,5.0000000000000000e-01,3.1415926535897931e+00,6.2831853071795862e+00,-1.5516376976668170e+19,1.0000000000000000e+00,1.1975034794660654e+02,1.1975034794660654e+02,1.0000000000000000e+00,1.4340166666569812e+04,1.4340166666569812e+04,1.4340166666569812e+04,1.0000000000000000e+00,0.0000000000000000e+00,0.0000000000000000e+00,0.0000000000000000e+00,1.0000000000000000e+00,0.0000000000000000e+00,0.0000000000000000e+00,0.0000000000000000e+00,0.0000000000000000e+00,0.0000000000000000e+00,0.0000000000000000e+00,9.2559401121310365e+08,-3.3111360867602957e+17,0.0000000000000000e+00,0.0000000000000000e+00,1.1510325273172595e+28,0.0000000000000000e+00,9.2559401121310365e+08,-4.0713369068956786e+03,0.0000000000000000e+00,0.0000000000000000e+00,1.1433613710198113e+28,0.0000000000000000e+00,3.8112045700660375e+27,0.0000000000000000e+00,0.0000000000000000e+00,0.0000000000000000e+00,1.2352667668889633e+19,0.0000000000000000e+00,0.0000000000000000e+00,0.0000000000000000e+00,0.0000000000000000e+00,0.0000000000000000e+00,0.0000000000000000e+00,0.0000000000000000e+00,1.3333333333333335e+00,2.3430903053338003e+04,3.8693127839361813e-06,0.0000000000000000e+00,0.0000000000000000e+00,0.0000000000000000e+00,0.0000000000000000e+00,0.0000000000000000e+00,0.0000000000000000e+00,0.0000000000000000e+00,0.0000000000000000e+00,
4.0000000000000000e+00,1.2775000000000000e+02,1.5707963267948966e+00,3.1415926535897931e+00,5.0000000000000000e-01,3.1415926535897931e+00,6.2831853071795862e+00,-1.4544708183647087e+19,1.0000000000000000e+00,1.2775032615744405e+02,1.2775032615744405e+02,1.0000000000000000e+00,1.6320166666581566e+04,1.6320166666581566e+04,1.6320166666581566e+04,1.0000000000000000e+00,0.0000000000000000e+00,0.0000000000000000e+00,0.0000000000000000e+00,1.0000000000000000e+00,0.0000000000000000e+00,0.0000000000000000e+00,0.0000000000000000e+00,0.0000000000000000e+00,0.0000000000000000e+00,0.0000000000000000e+00,7.5017248597102928e+08,-2.9094194216011891e+17,0.0000000000000000e+00,0.0000000000000000e+00,8.7116750598999239e+27,0.0000000000000000e+00,7.5017248597102928e+08,-4.3772243203843636e+03,0.0000000000000000e+00,0.0000000000000000e+00,8.6398087421458301e+27,0.0000000000000000e+00,2.8799362473819426e+27,0.0000000000000000e+00,0.0000000000000000e+00,0.0000000000000000e+00,1.1517044538499299e+19,0.0000000000000000e+00,0.0000000000000000e+00,0.0000000000000000e+00,0.0000000000000000e+00,0.0000000000000000e+00,0.0000000000000000e+00,0.0000000000000000e+00,1.3333333333333335e+00,2.2624510039957058e+04,3.1604984864816601e-06,0.0000000000000000e+00,0.0000000000000000e+00,0.0000000000000000e+00,0.0000000000000000e+00,0.0000000000000000e+00,0.0000000000000000e+00,0.0000000000000000e+00,0.0000000000000000e+00,
4.0000000000000000e+00,1.3575000000000000e+02,1.5707963267948966e+00,3.1415926535897931e+00,5.0000000000000000e-01,3.1415926535897931e+00,6.2831853071795862e+00,-1.3687563475424541e+19,1.0000000000000000e+00,1.3575030693642401e+02,1.3575030693642401e+02,1.0000000000000000e+00,1.8428166666591300e+04,1.8428166666591300e+04,1.8428166666591300e+04,1.0000000000000000e+00,0.0000000000000000e+00,0.0000000000000000e+00,0.0000000000000000e+00,1.0000000000000000e+00,0.0000000000000000e+00,0.0000000000000000e+00,0.0000000000000000e+00,0.0000000000000000e+00,0.0000000000000000e+00,0.0000000000000000e+00,6.1578285826358199e+08,-2.5766091108489238e+17,0.0000000000000000e+00,0.0000000000000000e+00,6.7080408094710591e+27,0.0000000000000000e+00,6.1578285826358199e+08,-4.6880002324799607e+03,0.0000000000000000e+00,0.0000000000000000e+00,6.6403749102828602e+27,0.0000000000000000e+00,2.2134583034276195e+27,0.0000000000000000e+00,0.0000000000000000e+00,0.0000000000000000e+00,1.0783587691045534e+19,0.0000000000000000e+00,0.0000000000000000e+00,0.0000000000000000e+00,0.0000000000000000e+00,0.0000000000000000e+00,0.0000000000000000e+00,0.0000000000000000e+00,1.3333333333333335e+00,2.1892245314334246e+04,2.6170621011322540e-06,0.0000000000000000e+00,0.0000000000000000e+00,0.0000000000000000e+00,0.0000000000000000e+00,0.0000000000000000e+00,0.0000000000000000e+00,0.0000000000000000e+00,0.0000000000000000e+00,
1.4000000000000000e+01,1.4375000000000000e+02,1.5707963267948966e+00,3.1415926535897931e+00,5.0000000000000000e-01,3.1415926535897931e+00,6.2831853071795862e+00,-1.2925822393670541e+19,1.0000000000000000e+00,1.4375028985478025e+02,1.4375028985478025e+02,1.0000000000000000e+00,2.0664166666599456e+04,2.0664166666599456e+04,2.0664166666599456e+04,1.0000000000000000e+00,0.0000000000000000e+00,0.0000000000000000e+00,0.0000000000000000e+00,1.0000000000000000e+00,0.0000000000000000e+00,0.0000000000000000e+00,0.0000000000000000e+00,0.0000000000000000e+00,0.0000000000000000e+00,0.0000000000000000e+00,5.1108185128558183e+08,-2.2978017774229779e+17,0.0000000000000000e+00,0.0000000000000000e+00,5.2433639351238254e+27,0.0000000000000000e+00,5.1108185128558183e+08,-5.0045654713974818e+03,0.0000000000000000e+00,0.0000000000000000e+00,5.1793623817194000e+27,0.0000000000000000e+00,1.7264541272397994e+27,0.0000000000000000e+00,0.0000000000000000e+00,0.0000000000000000e+00,1.0134079090059874e+19,0.0000000000000000e+00,0.0000000000000000e+00,0.0000000000000000e+00,0.0000000000000000e+00,0.0000000000000000e+00,0.0000000000000000e+00,0.0000000000000000e+00,1.3333333333333335e+00,2.1222709091885255e+04,2.1935567740623498e-06,0.0000000000000000e+00,0.0000000000000000e+00,0.0000000000000000e+00,0.0000000000000000e+00,0.0000000000000000e+00,0.0000000000000000e+00,0.0000000000000000e+00,0.0000000000000000e+00,
5.0000000000000000e+00,1.5175000000000000e+02,1.5707963267948966e+00,3.1415926535897931e+00,5.0000000000000000e-01,3.1415926535897931e+00,6.2831853071795862e+00,-1.2244396450736151e+19,1.0000000000000000e+00,1.5175027457416124e+02,1.5175027457416124e+02,1.0000000000000000e+00,2.3028166666606354e+04,2.3028166666606354e+04,2.3028166666606354e+04,1.0000000000000000e+00,0.0000000000000000e+00,0.0000000000000000e+00,0.0000000000000000e+00,1.0000000000000000e+00,0.0000000000000000e+00,0.0000000000000000e+00,0.0000000000000000e+00,0.0000000000000000e+00,0.0000000000000000e+00,0.0000000000000000e+00,4.2828772531990862e+08,-2.0619157367482397e+17,0.0000000000000000e+00,0.0000000000000000e+00,4.1527969599095316e+27,0.0000000000000000e+00,4.2828772531990862e+08,-5.3279788941962488e+03,0.0000000000000000e+00,0.0000000000000000e+00,4.0920075168939036e+27,0.0000000000000000e+00,1.3640025056313008e+27,0.0000000000000000e+00,0.0000000000000000e+00,0.0000000000000000e+00,9.5543114774673633e+18,0.0000000000000000e+00,0.0000000000000000e+00,0.0000000000000000e+00,0.0000000000000000e+00,0.0000000000000000e+00,0.0000000000000000e+00,0.0000000000000000e+00,1.3333333333333335e+00,2.0606696766504017e+04,1.8587631385925114e-06,0.0000000000000000e+00,0.0000000000000000e+00,0.0000000000000000e+00,0.0000000000000000e+00,0.0000000000000000e+00,0.0000000000000000e+00,0.0000000000000000e+00,0.0000000000000000e+00,
5.0000000000000000e+00,1.5975000000000000e+02,1.5707963267948966e+00,3.1415926535897931e+00,5.0000000000000000e-01,3.1415926535897931e+00,6.2831853071795862e+00,-1.1631219565237674e+19,1.0000000000000000e+00,1.5975026082399160e+02,1.5975026082399160e+02,1.0000000000000000e+00,2.5520166666612247e+04,2.5520166666612247e+04,2.5520166666612247e+04,1.0000000000000000e+00,0.0000000000000000e+00,0.0000000000000000e+00,0.0000000000000000e+00,1.0000000000000000e+00,0.0000000000000000e+00,0.0000000000000000e+00,0.0000000000000000e+00,0.0000000000000000e+00,0.0000000000000000e+00,0.0000000000000000e+00,3.6194048213792682e+08,-1.8605725848132627e+17,0.0000000000000000e+00,0.0000000000000000e+00,3.3273918637281861e+27,0.0000000000000000e+00,3.6194048213792682e+08,-5.6594982860235332e+03,0.0000000000000000e+00,0.0000000000000000e+00,3.2694275407644081e+27,0.0000000000000000e+00,1.0898091802548025e+27,0.0000000000000000e+00,0.0000000000000000e+00,0.0000000000000000e+00,9.0330264393728840e+18,0.0000000000000000e+00,0.0000000000000000e+00,0.0000000000000000e+00,0.0000000000000000e+00,0.0000000000000000e+00,0.0000000000000000e+00,0.0000000000000000e+00,1.3333333333333335e+00,2.0036659989976473e+04,1.5907637326354268e-06,0.0000000000000000e+00,0.0000000000000000e+00,0.0000000000000000e+00,0.0000000000000000e+00,0.0000000000000000e+00,0.0000000000000000e+00,0.0000000000000000e+00,0.0000000000000000e+00,
6.0000000000000000e+00,1.6775000000000000e+02,1.5707963267948966e+00,3.1415926535897931e+00,5.0000000000000000e-01,3.1415926535897931e+00,6.2831853071795862e+00,-1.1076527372723778e+19,1.0000000000000000e+00,1.6775024838531036e+02,1.6775024838531036e+02,1.0000000000000000e+00,2.8140166666617315e+04,2.8140166666617315e+04,2.8140166666617315e+04,1.0000000000000000e+00,0.0000000000000000e+00,0.0000000000000000e+00,0.0000000000000000e+00,1.0000000000000000e+00,0.0000000000000000e+00,0.0000000000000000e+00,0.0000000000000000e+00,0.0000000000000000e+00,0.0000000000000000e+00,0.0000000000000000e+00,3.0813159866449505e+08,-1.6873428145077706e+17,0.0000000000000000e+00,0.0000000000000000e+00,2.6934486128431138e+27,0.0000000000000000e+00,3.0813159866449505e+08,-6.0006365966216645e+03,0.0000000000000000e+00,0.0000000000000000e+00,2.6379734235962837e+27,0.0000000000000000e+00,8.7932447453209437e+26,0.0000000000000000e+00,0.0000000000000000e+00,0.0000000000000000e+00,8.5611677807043809e+18,0.0000000000000000e+00,0.0000000000000000e+00,0.0000000000000000e+00,0.0000000000000000e+00,0.0000000000000000e+00,0.0000000000000000e+00,0.0000000000000000e+00,1.3333333333333335e+00,1.9506313346231156e+04,1.3738808502418943e-06,0.0000000000000000e+00,0.0000000000000000e+00,0.0000000000000000e+00,0.0000000000000000e+00,0.0000000000000000e+00,0.0000000000000000e+00,0.0000000000000000e+00,0.0000000000000000e+00,
6.0000000000000000e+00,1.7575000000000000e+02,1.5707963267948966e+00,3.1415926535897931e+00,5.0000000000000000e-01,3.1415926535897931e+00,6.2831853071795862e+00,-1.0572333366480220e+19,1.0000000000000000e+00,1.7575023707902454e+02,1.7575023707902454e+02,1.0000000000000000e+00,3.0888166666621706e+04,3.0888166666621706e+04,3.0888166666621706e+04,1.0000000000000000e+00,0.0000000000000000e+00,0.0000000000000000e+00,0.0000000000000000e+00,1.0000000000000000e+00,0.0000000000000000e+00,0.0000000000000000e+00,0.0000000000000000e+00,0.0000000000000000e+00,0.0000000000000000e+00,0.0000000000000000e+00,2.6401227952599654e+08,-1.5372260848865622e+17,0.0000000000000000e+00,0.0000000000000000e+00,2.2000622983006489e+27,0.0000000000000000e+00,2.6401227952599654e+08,-6.3532409231122183e+03,0.0000000000000000e+00,0.0000000000000000e+00,2.1467800172008092e+27,0.0000000000000000e+00,7.1559333906693627e+26,0.0000000000000000e+00,0.0000000000000000e+00,0.0000000000000000e+00,8.1313439913359380e+18,0.0000000000000000e+00,0.0000000000000000e+00,0.0000000000000000e+00,0.0000000000000000e+00,0.0000000000000000e+00,0.0000000000000000e+00,0.0000000000000000e+00,1.3333333333333335e+00,1.9010339059757312e+04,8.4617071497204388e-01,0.0000000000000000e+00,0.0000000000000000e+00,0.0000000000000000e+00,0.0000000000000000e+00,0.0000000000000000e+00,0.0000000000000000e+00,0.0000000000000000e+00,0.0000000000000000e+00,
7.0000000000000000e+00,1.8375000000000000e+02,1.5707963267948966e+00,3.1415926535897931e+00,5.0000000000000000e-01,3.1415926535897931e+00,6.2831853071795862e+00,-1.0112041882498730e+19,1.0000000000000000e+00,1.8375022675722968e+02,1.8375022675722968e+02,1.0000000000000000e+00,3.3764166666625533e+04,3.3764166666625533e+04,3.3764166666625533e+04,1.0000000000000000e+00,0.0000000000000000e+00,0.0000000000000000e+00,0.0000000000000000e+00,1.0000000000000000e+00,0.0000000000000000e+00,0.0000000000000000e+00,0.0000000000000000e+00,0.0000000000000000e+00,0.0000000000000000e+00,0.0000000000000000e+00,3.3703536851553634e+07,-1.4062862878102680e+17,0.0000000000000000e+00,0.0000000000000000e+00,3.5313717068496868e+26,0.0000000000000000e+00,3.3703536851553634e+07,-4.4404804137724386e+04,0.0000000000000000e+00,0.0000000000000000e+00,6.5320880817421141e+24,0.0000000000000000e+00,2.1773626939140372e+24,0.0000000000000000e+00,0.0000000000000000e+00,0.0000000000000000e+00,1.9381006962262733e+17,0.0000000000000000e+00,0.0000000000000000e+00,0.0000000000000000e+00,0.0000000000000000e+00,0.0000000000000000e+00,0.0000000000000000e+00,0.0000000000000000e+00,1.3333333333333335e+00,2.9349242774034378e+03,3.2650208736185662e-07,0.0000000000000000e+00,0.0000000000000000e+00,0.0000000000000000e+00,0.0000000000000000e+00,0.0000000000000000e+00,0.0000000000000000e+00,0.0000000000000000e+00,0.0000000000000000e+00,
7.0000000000000000e+00,1.9175000000000000e+02,1.5707963267948966e+00,3.1415926535897931e+00,5.0000000000000000e-01,3.1415926535897931e+00,6.2831853071795862e+00,-9.6901579639060869e+18,1.0000000000000000e+00,1.9175021729670439e+02,1.9175021729670439e+02,1.0000000000000000e+00,3.6768166666628902e+04,3.6768166666628902e+04,3.6768166666628902e+04,1.0000000000000000e+00,0.0000000000000000e+00,0.0000000000000000e+00,0.0000000000000000e+00,1.0000000000000000e+00,0.0000000000000000e+00,0.0000000000000000e+00,0.0000000000000000e+00,0.0000000000000000e+00,0.0000000000000000e+00,0.0000000000000000e+00,3.1541400391817983e+07,-1.2913908778351661e+17,0.0000000000000000e+00,0.0000000000000000e+00,3.1608958266911662e+26,0.0000000000000000e+00,3.1541400391817983e+07,-4.3456559147890686e+04,0.0000000000000000e+00,0.0000000000000000e+00,5.9794239198393993e+24,0.0000000000000000e+00,1.9931413066131328e+24,0.0000000000000000e+00,0.0000000000000000e+00,0.0000000000000000e+00,1.8957373854985523e+17,0.0000000000000000e+00,0.0000000000000000e+00,0.0000000000000000e+00,0.0000000000000000e+00,0.0000000000000000e+00,0.0000000000000000e+00,0.0000000000000000e+00,1.3333333333333335e+00,2.9026710407345695e+03,2.8586214408225456e-07,0.0000000000000000e+00,0.0000000000000000e+00,0.0000000000000000e+00,0.0000000000000000e+00,0.0000000000000000e+00,0.0000000000000000e+00,0.0000000000000000e+00,0.0000000000000000e+00,
1.5000000000000000e+01,1.9975000000000000e+02,1.5707963267948966e+00,3.1415926535897931e+00,5.0000000000000000e-01,3.1415926535897931e+00,6.2831853071795862e+00,-9.3020669447877960e+18,1.0000000000000000e+00,1.9975020859396699e+02,1.9975020859396699e+02,1.0000000000000000e+00,3.9900166666631863e+04,3.9900166666631863e+04,3.9900166666631863e+04,1.0000000000000000e+00,0.0000000000000000e+00,0.0000000000000000e+00,0.0000000000000000e+00,1.0000000000000000e+00,0.0000000000000000e+00,0.0000000000000000e+00,0.0000000000000000e+00,0.0000000000000000e+00,0.0000000000000000e+00,0.0000000000000000e+00,2.9601463768739775e+07,-1.1900217604929781e+17,0.0000000000000000e+00,0.0000000000000000e+00,2.8426569549596129e+26,0.0000000000000000e+00,2.9601463768739775e+07,-4.2565860855345207e+04,0.0000000000000000e+00,0.0000000000000000e+00,5.4941724626655231e+24,0.0000000000000000e+00,1.8313908208885073e+24,0.0000000000000000e+00,0.0000000000000000e+00,0.0000000000000000e+00,1.8560467831246854e+17,0.0000000000000000e+00,0.0000000000000000e+00,0.0000000000000000e+00,0.0000000000000000e+00,0.0000000000000000e+00,0.0000000000000000e+00,0.0000000000000000e+00,1.3333333333333337e+00,2.8721240442967910e+03,2.5169556031391576e-07,0.0000000000000000e+00,0.0000000000000000e+00,0.0000000000000000e+00,0.0000000000000000e+00,0.0000000000000000e+00,0.0000000000000000e+00,0.0000000000000000e+00,0.0000000000000000e+00,
8.0000000000000000e+00,2.0775000000000000e+02,1.5707963267948966e+00,3.1415926535897931e+00,5.0000000000000000e-01,3.1415926535897931e+00,6.2831853071795862e+00,-8.9438649602968474e+18,1.0000000000000000e+00,2.0775020056147559e+02,2.0775020056147559e+02,1.0000000000000000e+00,4.3160166666634490e+04,4.3160166666634490e+04,4.3160166666634490e+04,1.0000000000000000e+00,0.0000000000000000e+00,0.0000000000000000e+00,0.0000000000000000e+00,1.0000000000000000e+00,0.0000000000000000e+00,0.0000000000000000e+00,0.0000000000000000e+00,0.0000000000000000e+00,0.0000000000000000e+00,0.0000000000000000e+00,2.7853002532453969e+07,-1.1001361384184045e+17,0.0000000000000000e+00,0.0000000000000000e+00,2.5675518029275314e+26,0.0000000000000000e+00,2.7853002532453969e+07,-4.1727114229527768e+04,0.0000000000000000e+00,0.0000000000000000e+00,5.0657923877266553e+24,0.0000000000000000e+00,1.6885974625755515e+24,0.0000000000000000e+00,0.0000000000000000e+00,0.0000000000000000e+00,1.8187591896544499e+17,0.0000000000000000e+00,0.0000000000000000e+00,0.0000000000000000e+00,0.0000000000000000e+00,0.0000000000000000e+00,0.0000000000000000e+00,0.0000000000000000e+00,1.3333333333333335e+00,2.8431274885452212e+03,2.2276319518942255e-07,0.0000000000000000e+00,0.0000000000000000e+00,0.0000000000000000e+00,0.0000000000000000e+00,0.0000000000000000e+00,0.0000000000000000e+00,0.0000000000000000e+00,0.0000000000000000e+00,
8.0000000000000000e+00,2.1575000000000000e+02,1.5707963267948966e+00,3.1415926535897931e+00,5.0000000000000000e-01,3.1415926535897931e+00,6.2831853071795862e+00,-8.6122271646924995e+18,1.0000000000000000e+00,2.1575019312467219e+02,2.1575019312467219e+02,1.0000000000000000e+00,4.6548166666636833e+04,4.6548166666636833e+04,4.6548166666636833e+04,1.0000000000000000e+00,0.0000000000000000e+00,0.0000000000000000e+00,0.0000000000000000e+00,1.0000000000000000e+00,0.0000000000000000e+00,0.0000000000000000e+00,0.0000000000000000e+00,0.0000000000000000e+00,0.0000000000000000e+00,0.0000000000000000e+00,2.6270547972763691e+07,-1.0200627826527024e+17,0.0000000000000000e+00,0.0000000000000000e+00,2.3283436338688014e+26,0.0000000000000000e+00,2.6270547972763691e+07,-4.0935457354445403e+04,0.0000000000000000e+00,0.0000000000000000e+00,4.6857257120916522e+24,0.0000000000000000e+00,1.5619085706972170e+24,0.0000000000000000e+00,0.0000000000000000e+00,0.0000000000000000e+00,1.7836415305017594e+17,0.0000000000000000e+00,0.0000000000000000e+00,0.0000000000000000e+00,0.0000000000000000e+00,0.0000000000000000e+00,0.0000000000000000e+00,0.0000000000000000e+00,1.3333333333333335e+00,2.8155453211212021e+03,1.9809995324631837e-07,0.0000000000000000e+00,0.0000000000000000e+00,0.0000000000000000e+00,0.0000000000000000e+00,0.0000000000000000e+00,0.0000000000000000e+00,0.0000000000000000e+00,0.0000000000000000e+00,
9.0000000000000000e+00,2.2375000000000000e+02,1.5707963267948966e+00,3.1415926535897931e+00,5.0000000000000000e-01,3.1415926535897931e+00,6.2831853071795862e+00,-8.3043042198298532e+18,1.0000000000000000e+00,2.2375018621966177e+02,2.2375018621966177e+02,1.0000000000000000e+00,5.0064166666638921e+04,5.0064166666638921e+04,5.0064166666638921e+04,1.0000000000000000e+00,0.0000000000000000e+00,0.0000000000000000e+00,0.0000000000000000e+00,1.0000000000000000e+00,0.0000000000000000e+00,0.0000000000000000e+00,0.0000000000000000e+00,0.0000000000000000e+00,0.0000000000000000e+00,0.0000000000000000e+00,2.4832828428145647e+07,-9.4842378509177152e+16,0.0000000000000000e+00,0.0000000000000000e+00,2.1192262542294359e+26,0.0000000000000000e+00,2.4832828428145647e+07,-4.0186642373440125e+04,0.0000000000000000e+00,0.0000000000000000e+00,4.3469662018393653e+24,0.0000000000000000e+00,1.4489887339464546e+24,0.0000000000000000e+00,0.0000000000000000e+00,0.0000000000000000e+00,1.7504911998009322e+17,0.0000000000000000e+00,0.0000000000000000e+00,0.0000000000000000e+00,0.0000000000000000e+00,0.0000000000000000e+00,0.0000000000000000e+00,0.0000000000000000e+00,1.3333333333333335e+00,2.7892580865532268e+03,1.7694664881832758e-07,0.0000000000000000e+00,0.0000000000000000e+00,0.0000000000000000e+00,0.0000000000000000e+00,0.0000000000000000e+00,0.0000000000000000e+00,0.0000000000000000e+00,0.0000000000000000e+00,
9.0000000000000000e+00,2.3125000000000000e+02,1.5707963267948966e+00,3.1415926535897931e+00,5.0000000000000000e-01,3.1415926535897931e+00,6.2831853071795862e+00,-8.0349756476885678e+18,1.0000000000000000e+00,2.3125018018011002e+02,2.3125018018011002e+02,1.0000000000000000e+00,5.3476666666640704e+04,5.3476666666640704e+04,5.3476666666640704e+04,1.0000000000000000e+00,0.0000000000000000e+00,0.0000000000000000e+00,0.0000000000000000e+00,1.0000000000000000e+00,0.0000000000000000e+00,0.0000000000000000e+00,0.0000000000000000e+00,0.0000000000000000e+00,0.0000000000000000e+00,0.0000000000000000e+00,2.3521953730471559e+07,-8.8790203959333984e+16,0.0000000000000000e+00,0.0000000000000000e+00,1.9355014323898694e+26,0.0000000000000000e+00,2.3521953730471559e+07,-3.9520214101325699e+04,0.0000000000000000e+00,0.0000000000000000e+00,4.0437335188414545e+24,0.0000000000000000e+00,1.3479111729471511e+24,0.0000000000000000e+00,0.0000000000000000e+00,0.0000000000000000e+00,1.7191311234997981e+17,0.0000000000000000e+00,0.0000000000000000e+00,0.0000000000000000e+00,0.0000000000000000e+00,0.0000000000000000e+00,0.0000000000000000e+00,0.0000000000000000e+00,1.3333333333333335e+00,2.7641603743555329e+03,1.5870049584349987e-07,0.0000000000000000e+00,0.0000000000000000e+00,0.0000000000000000e+00,0.0000000000000000e+00,0.0000000000000000e+00,0.0000000000000000e+00,0.0000000000000000e+00,0.0000000000000000e+00,
1.0000000000000000e+01,2.3925000000000000e+02,1.5707963267948966e+00,3.1415926535897931e+00,5.0000000000000000e-01,3.1415926535897931e+00,6.2831853071795862e+00,-7.7663037246731284e+18,1.0000000000000000e+00,2.3925017415528316e+02,2.3925017415528316e+02,1.0000000000000000e+00,5.7240666666642413e+04,5.7240666666642413e+04,5.7240666666642413e+04,1.0000000000000000e+00,0.0000000000000000e+00,0.0000000000000000e+00,0.0000000000000000e+00,1.0000000000000000e+00,0.0000000000000000e+00,0.0000000000000000e+00,0.0000000000000000e+00,0.0000000000000000e+00,0.0000000000000000e+00,0.0000000000000000e+00,2.2394710401919533e+07,-8.2951578490464736e+16,0.0000000000000000e+00,0.0000000000000000e+00,1.7829035629856841e+26,0.0000000000000000e+00,2.2394710401919533e+07,-3.8844182359481143e+04,0.0000000000000000e+00,0.0000000000000000e+00,3.7874356966868503e+24,0.0000000000000000e+00,1.2624785655622832e+24,0.0000000000000000e+00,0.0000000000000000e+00,0.0000000000000000e+00,1.6912183893025984e+17,0.0000000000000000e+00,0.0000000000000000e+00,0.0000000000000000e+00,0.0000000000000000e+00,0.0000000000000000e+00,0.0000000000000000e+00,0.0000000000000000e+00,1.3333333333333335e+00,2.7416283472075302e+03,1.4380440046554130e-07,0.0000000000000000e+00,0.0000000000000000e+00,0.0000000000000000e+00,0.0000000000000000e+00,0.0000000000000000e+00,0.0000000000000000e+00,0.0000000000000000e+00,0.0000000000000000e+00,
1.0000000000000000e+01,2.4675000000000000e+02,1.5707963267948966e+00,3.1415926535897931e+00,5.0000000000000000e-01,3.1415926535897931e+00,6.2831853071795862e+00,-7.5302460247782052e+18,1.0000000000000000e+00,2.4675016886181319e+02,2.4675016886181319e+02,1.0000000000000000e+00,6.0885666666643854e+04,6.0885666666643854e+04,6.0885666666643854e+04,1.0000000000000000e+00,0.0000000000000000e+00,0.0000000000000000e+00,0.0000000000000000e+00,1.0000000000000000e+00,0.0000000000000000e+00,0.0000000000000000e+00,0.0000000000000000e+00,0.0000000000000000e+00,0.0000000000000000e+00,0.0000000000000000e+00,2.1288509329350647e+07,-7.7985567046632336e+16,0.0000000000000000e+00,0.0000000000000000e+00,1.6380829299249816e+26,0.0000000000000000e+00,2.1288509329350647e+07,-3.8240494916750904e+04,0.0000000000000000e+00,0.0000000000000000e+00,3.5400684911397674e+24,0.0000000000000000e+00,1.1800228303799222e+24,0.0000000000000000e+00,0.0000000000000000e+00,0.0000000000000000e+00,1.6629006209564842e+17,0.0000000000000000e+00,0.0000000000000000e+00,0.0000000000000000e+00,0.0000000000000000e+00,0.0000000000000000e+00,0.0000000000000000e+00,0.0000000000000000e+00,1.3333333333333335e+00,2.7185785367912017e+03,1.2990027912135600e-07,0.0000000000000000e+00,0.0000000000000000e+00,0.0000000000000000e+00,0.0000000000000000e+00,0.0000000000000000e+00,0.0000000000000000e+00,0.0000000000000000e+00,0.0000000000000000e+00,
1.1000000000000000e+01,2.5475000000000000e+02,1.5707963267948966e+00,3.1415926535897931e+00,5.0000000000000000e-01,3.1415926535897931e+00,6.2831853071795862e+00,-7.2937713284342835e+18,1.0000000000000000e+00,2.5475016355899228e+02,2.5475016355899228e+02,1.0000000000000000e+00,6.4897666666645266e+04,6.4897666666645266e+04,6.4897666666645266e+04,1.0000000000000000e+00,0.0000000000000000e+00,0.0000000000000000e+00,0.0000000000000000e+00,1.0000000000000000e+00,0.0000000000000000e+00,0.0000000000000000e+00,0.0000000000000000e+00,0.0000000000000000e+00,0.0000000000000000e+00,0.0000000000000000e+00,2.0331925798990287e+07,-7.3164461561331696e+16,0.0000000000000000e+00,0.0000000000000000e+00,1.5168500706167326e+26,0.0000000000000000e+00,2.0331925798990287e+07,-3.7626173200793048e+04,0.0000000000000000e+00,0.0000000000000000e+00,3.3295791637119730e+24,0.0000000000000000e+00,1.1098597212373241e+24,0.0000000000000000e+00,0.0000000000000000e+00,0.0000000000000000e+00,1.6376108953600954e+17,0.0000000000000000e+00,0.0000000000000000e+00,0.0000000000000000e+00,0.0000000000000000e+00,0.0000000000000000e+00,0.0000000000000000e+00,0.0000000000000000e+00,1.3333333333333335e+00,2.6978269945592879e+03,1.1844696222565558e-07,0.0000000000000000e+00,0.0000000000000000e+00,0.0000000000000000e+00,0.0000000000000000e+00,0.0000000000000000e+00,0.0000000000000000e+00,0.0000000000000000e+00,0.0000000000000000e+00,
1.1000000000000000e+01,2.6225000000000000e+02,1.5707963267948966e+00,3.1415926535897931e+00,5.0000000000000000e-01,3.1415926535897931e+00,6.2831853071795862e+00,-7.0851793309739766e+18,1.0000000000000000e+00,2.6225015888142633e+02,2.6225015888142633e+02,1.0000000000000000e+00,6.8775166666646488e+04,6.8775166666646488e+04,6.8775166666646488e+04,1.0000000000000000e+00,0.0000000000000000e+00,0.0000000000000000e+00,0.0000000000000000e+00,1.0000000000000000e+00,0.0000000000000000e+00,0.0000000000000000e+00,0.0000000000000000e+00,0.0000000000000000e+00,0.0000000000000000e+00,0.0000000000000000e+00,1.9388276049597844e+07,-6.9039490918561632e+16,0.0000000000000000e+00,0.0000000000000000e+00,1.4009499421955024e+26,0.0000000000000000e+00,1.9388276049597844e+07,-3.7075963353614869e+04,0.0000000000000000e+00,0.0000000000000000e+00,3.1251455233053280e+24,0.0000000000000000e+00,1.0417151744351092e+24,0.0000000000000000e+00,0.0000000000000000e+00,0.0000000000000000e+00,1.6118734710876870e+17,0.0000000000000000e+00,0.0000000000000000e+00,0.0000000000000000e+00,0.0000000000000000e+00,0.0000000000000000e+00,0.0000000000000000e+00,0.0000000000000000e+00,1.3333333333333335e+00,2.6765429105485077e+03,1.0766674380566792e-07,0.0000000000000000e+00,0.0000000000000000e+00,0.0000000000000000e+00,0.0000000000000000e+00,0.0000000000000000e+00,0.0000000000000000e+00,0.0000000000000000e+00,0.0000000000000000e+00,

