1
1
61
0
(28 0
((0) (31) (0))
((32) (63) (0))
((64) (95) (0))
((96) (127) (0))
((128) (159) (0))
((160) (191) (0))
((192) (223) (0))
((224) (255) (0))
((256) (287) (0))
((288) (319) (0))
((320) (351) (0))
((352) (383) (0))
((384) (415) (0))
((416) (447) (0))
((448) (479) (0))
((480) (509) (0))
((510) (539) (0))
((540) (569) (0))
((570) (599) (0))
((600) (629) (0))
((630) (659) (0))
((660) (689) (0))
((690) (719) (0))
((720) (749) (0))
((750) (779) (0))
((780) (809) (0))
((810) (839) (0))
((840) (869) (0))
)
28
FabOnDisk: Cell_D_00000 0
FabOnDisk: Cell_D_00000 15692
FabOnDisk: Cell_D_00000 31385
FabOnDisk: Cell_D_00000 47078
FabOnDisk: Cell_D_00000 62772
FabOnDisk: Cell_D_00000 78467
FabOnDisk: Cell_D_00000 94162
FabOnDisk: Cell_D_00000 109857
FabOnDisk: Cell_D_00000 125552
FabOnDisk: Cell_D_00000 141247
FabOnDisk: Cell_D_00000 156942
FabOnDisk: Cell_D_00000 172637
FabOnDisk: Cell_D_00000 188332
FabOnDisk: Cell_D_00000 204027
FabOnDisk: Cell_D_00000 219722
FabOnDisk: Cell_D_00000 235417
FabOnDisk: Cell_D_00000 250136
FabOnDisk: Cell_D_00000 264855
FabOnDisk: Cell_D_00000 279574
FabOnDisk: Cell_D_00000 294293
FabOnDisk: Cell_D_00000 309012
FabOnDisk: Cell_D_00000 323731
FabOnDisk: Cell_D_00000 338450
FabOnDisk: Cell_D_00000 353169
FabOnDisk: Cell_D_00000 367888
FabOnDisk: Cell_D_00000 382607
FabOnDisk: Cell_D_00000 397326
FabOnDisk: Cell_D_00000 412045

28,61
0.0000000000000000e+00,3.0499999999999998e+00,1.5707963267948966e+00,3.1415926535897931e+00,1.0000000000000001e-01,3.1415926535897931e+00,6.2831853071795862e+00,-1.2183097631095671e+21,1.0000000000000000e+00,3.0505463991400927e+00,3.0505463991400927e+00,1.0000000000000000e+00,9.3066664278036537e+00,9.3066664278036537e+00,9.3066664278036537e+00,1.0000000000000000e+00,0.0000000000000000e+00,0.0000000000000000e+00,0.0000000000000000e+00,1.0000000000000000e+00,0.0000000000000000e+00,0.0000000000000000e+00,0.0000000000000000e+00,0.0000000000000000e+00,0.0000000000000000e+00,0.0000000000000000e+00,8.1736558606796667e+11,-5.1037585896255678e+20,0.0000000000000000e+00,0.0000000000000000e+00,3.7044260751455540e+32,0.0000000000000000e+00,8.1736558606796667e+11,-1.5359648221793016e+03,0.0000000000000000e+00,0.0000000000000000e+00,3.7043296698169759e+32,0.0000000000000000e+00,1.2347765566056587e+32,0.0000000000000000e+00,0.0000000000000000e+00,0.0000000000000000e+00,4.5317356858501497e+20,0.0000000000000000e+00,0.0000000000000000e+00,0.0000000000000000e+00,0.0000000000000000e+00,0.0000000000000000e+00,0.0000000000000000e+00,0.0000000000000000e+00,1.3333333333333330e+00,1.4191876741184478e+05,1.7785198384027089e-04,0.0000000000000000e+00,0.0000000000000000e+00,0.0000000000000000e+00,0.0000000000000000e+00,0.0000000000000000e+00,0.0000000000000000e+00,0.0000000000000000e+00,0.0000000000000000e+00,
0.0000000000000000e+00,6.2500000000000000e+00,1.5707963267948966e+00,3.1415926535897931e+00,1.0000000000000001e-01,3.1415926535897931e+00,6.2831853071795862e+00,-5.9457574496069524e+20,1.0000000000000000e+00,6.2502666609778990e+00,6.2502666609778990e+00,1.0000000000000000e+00,3.9066666609778984e+01,3.9066666609778984e+01,3.9066666609778984e+01,1.0000000000000000e+00,0.0000000000000000e+00,0.0000000000000000e+00,0.0000000000000000e+00,1.0000000000000000e+00,0.0000000000000000e+00,0.0000000000000000e+00,0.0000000000000000e+00,0.0000000000000000e+00,0.0000000000000000e+00,0.0000000000000000e+00,2.3256421840978717e+11,-1.2155124348190938e+20,0.0000000000000000e+00,0.0000000000000000e+00,6.9327770613660351e+31,0.0000000000000000e+00,2.3256421840978717e+11,-2.3354516316330460e+03,0.0000000000000000e+00,0.0000000000000000e+00,6.9321428501166209e+31,0.0000000000000000e+00,2.3107142833722068e+31,0.0000000000000000e+00,0.0000000000000000e+00,0.0000000000000000e+00,2.9806582371906388e+20,0.0000000000000000e+00,0.0000000000000000e+00,0.0000000000000000e+00,0.0000000000000000e+00,0.0000000000000000e+00,0.0000000000000000e+00,0.0000000000000000e+00,1.3333333333333330e+00,1.1509708233191147e+05,5.1658660829659466e-05,0.0000000000000000e+00,0.0000000000000000e+00,0.0000000000000000e+00,0.0000000000000000e+00,0.0000000000000000e+00,0.0000000000000000e+00,0.0000000000000000e+00,0.0000000000000000e+00,
0.0000000000000000e+00,9.4499999999999993e+00,1.5707963267948966e+00,3.1415926535897931e+00,1.0000000000000001e-01,3.1415926535897931e+00,6.2831853071795862e+00,-3.9324264623594059e+20,1.0000000000000000e+00,9.4501763651972670e+00,9.4501763651972670e+00,1.0000000000000000e+00,8.9306666641782684e+01,8.9306666641782684e+01,8.9306666641782684e+01,1.0000000000000000e+00,0.0000000000000000e+00,0.0000000000000000e+00,0.0000000000000000e+00,1.0000000000000000e+00,0.0000000000000000e+00,0.0000000000000000e+00,0.0000000000000000e+00,0.0000000000000000e+00,0.0000000000000000e+00,0.0000000000000000e+00,9.6143433425290680e+10,-5.3169311424153477e+19,0.0000000000000000e+00,0.0000000000000000e+00,2.1353165591965875e+31,0.0000000000000000e+00,9.6143433425290680e+10,-3.1356402892239507e+03,0.0000000000000000e+00,0.0000000000000000e+00,2.1348439190655682e+31,0.0000000000000000e+00,7.1161463968852258e+30,0.0000000000000000e+00,0.0000000000000000e+00,0.0000000000000000e+00,2.2204428565128623e+20,0.0000000000000000e+00,0.0000000000000000e+00,0.0000000000000000e+00,0.0000000000000000e+00,0.0000000000000000e+00,0.0000000000000000e+00,0.0000000000000000e+00,1.3333333333333330e+00,9.9340937439719317e+04,2.1587805800517602e-05,0.0000000000000000e+00,0.0000000000000000e+00,0.0000000000000000e+00,0.0000000000000000e+00,0.0000000000000000e+00,0.0000000000000000e+00,0.0000000000000000e+00,0.0000000000000000e+00,
0.0000000000000000e+00,1.2650000000000000e+01,1.5707963267948966e+00,3.1415926535897931e+00,1.0000000000000001e-01,3.1415926535897931e+00,6.2831853071795862e+00,-2.9376745710744348e+20,1.0000000000000000e+00,1.2650131751619554e+01,1.2650131751619554e+01,1.0000000000000000e+00,1.6002666665277982e+02,1.6002666665277982e+02,1.6002666665277982e+02,1.0000000000000000e+00,0.0000000000000000e+00,0.0000000000000000e+00,0.0000000000000000e+00,1.0000000000000000e+00,0.0000000000000000e+00,0.0000000000000000e+00,0.0000000000000000e+00,0.0000000000000000e+00,0.0000000000000000e+00,0.0000000000000000e+00,4.8618037692169548e+10,-2.9671902480148652e+19,0.0000000000000000e+00,0.0000000000000000e+00,8.6044887736483139e+30,0.0000000000000000e+00,4.8618037692169548e+10,-3.9370696563403585e+03,0.0000000000000000e+00,0.0000000000000000e+00,8.6007208134483623e+30,0.0000000000000000e+00,2.8669069378161204e+30,0.0000000000000000e+00,0.0000000000000000e+00,0.0000000000000000e+00,1.7690212052169268e+20,0.0000000000000000e+00,0.0000000000000000e+00,0.0000000000000000e+00,0.0000000000000000e+00,0.0000000000000000e+00,0.0000000000000000e+00,0.0000000000000000e+00,1.3333333333333330e+00,8.8669667031733989e+04,1.0994070045035844e-05,0.0000000000000000e+00,0.0000000000000000e+00,0.0000000000000000e+00,0.0000000000000000e+00,0.0000000000000000e+00,0.0000000000000000e+00,0.0000000000000000e+00,0.0000000000000000e+00,
0.0000000000000000e+00,1.5850000000000000e+01,1.5707963267948966e+00,3.1415926535897931e+00,1.0000000000000001e-01,3.1415926535897931e+00,6.2831853071795862e+00,-2.3445838219632830e+20,1.0000000000000000e+00,1.5850105152122284e+01,1.5850105152122284e+01,1.0000000000000000e+00,2.5122666665782103e+02,2.5122666665782103e+02,2.5122666665782103e+02,1.0000000000000000e+00,0.0000000000000000e+00,0.0000000000000000e+00,0.0000000000000000e+00,1.0000000000000000e+00,0.0000000000000000e+00,0.0000000000000000e+00,0.0000000000000000e+00,0.0000000000000000e+00,0.0000000000000000e+00,0.0000000000000000e+00,2.7892842967920238e+10,-1.8900301489570980e+19,0.0000000000000000e+00,0.0000000000000000e+00,4.1032337440472206e+30,0.0000000000000000e+00,2.7892842967920238e+10,-4.7404495799274337e+03,0.0000000000000000e+00,0.0000000000000000e+00,4.1000997600165820e+30,0.0000000000000000e+00,1.3666999200055272e+30,0.0000000000000000e+00,0.0000000000000000e+00,0.0000000000000000e+00,1.4699366149550457e+20,0.0000000000000000e+00,0.0000000000000000e+00,0.0000000000000000e+00,0.0000000000000000e+00,0.0000000000000000e+00,0.0000000000000000e+00,0.0000000000000000e+00,1.3333333333333330e+00,8.0827271504089091e+04,6.3420858172139109e-06,0.0000000000000000e+00,0.0000000000000000e+00,0.0000000000000000e+00,0.0000000000000000e+00,0.0000000000000000e+00,0.0000000000000000e+00,0.0000000000000000e+00,0.0000000000000000e+00,
0.0000000000000000e+00,1.9050000000000001e+01,1.5707963267948966e+00,3.1415926535897931e+00,1.0000000000000001e-01,3.1415926535897931e+00,6.2831853071795862e+00,-1.9507449613301613e+20,1.0000000000000000e+00,1.9050087488862967e+01,1.9050087488862967e+01,1.0000000000000000e+00,3.6290666666054312e+02,3.6290666666054312e+02,3.6290666666054312e+02,1.0000000000000000e+00,0.0000000000000000e+00,0.0000000000000000e+00,0.0000000000000000e+00,1.0000000000000000e+00,0.0000000000000000e+00,0.0000000000000000e+00,0.0000000000000000e+00,0.0000000000000000e+00,0.0000000000000000e+00,0.0000000000000000e+00,1.7448207285808865e+10,-1.3083916032409883e+19,0.0000000000000000e+00,0.0000000000000000e+00,2.1961854356608136e+30,0.0000000000000000e+00,1.7448207285808865e+10,-5.5466649436298203e+03,0.0000000000000000e+00,0.0000000000000000e+00,2.1935014452743760e+30,0.0000000000000000e+00,7.3116714842479181e+29,0.0000000000000000e+00,0.0000000000000000e+00,0.0000000000000000e+00,1.2571435966175022e+20,0.0000000000000000e+00,0.0000000000000000e+00,0.0000000000000000e+00,0.0000000000000000e+00,0.0000000000000000e+00,0.0000000000000000e+00,0.0000000000000000e+00,1.3333333333333330e+00,7.4748260770188892e+04,3.9865450566377335e-06,0.0000000000000000e+00,0.0000000000000000e+00,0.0000000000000000e+00,0.0000000000000000e+00,0.0000000000000000e+00,0.0000000000000000e+00,0.0000000000000000e+00,0.0000000000000000e+00,
0.0000000000000000e+00,2.2250000000000000e+01,1.5707963267948966e+00,3.1415926535897931e+00,1.0000000000000001e-01,3.1415926535897931e+00,6.2831853071795862e+00,-1.6701894064702597e+20,1.0000000000000000e+00,2.2250074906240958e+01,2.2250074906240958e+01,1.0000000000000000e+00,4.9506666666217785e+02,4.9506666666217785e+02,4.9506666666217785e+02,1.0000000000000000e+00,0.0000000000000000e+00,0.0000000000000000e+00,0.0000000000000000e+00,1.0000000000000000e+00,0.0000000000000000e+00,0.0000000000000000e+00,0.0000000000000000e+00,0.0000000000000000e+00,0.0000000000000000e+00,0.0000000000000000e+00,1.1623483768087938e+10,-9.5910895061540680e+18,0.0000000000000000e+00,0.0000000000000000e+00,1.2785469825768619e+30,0.0000000000000000e+00,1.1623483768087938e+10,-6.3567864133361136e+03,0.0000000000000000e+00,0.0000000000000000e+00,1.2761985467432160e+30,0.0000000000000000e+00,4.2539951558107198e+29,0.0000000000000000e+00,0.0000000000000000e+00,0.0000000000000000e+00,1.0979440982245692e+20,0.0000000000000000e+00,0.0000000000000000e+00,0.0000000000000000e+00,0.0000000000000000e+00,0.0000000000000000e+00,0.0000000000000000e+00,0.0000000000000000e+00,1.3333333333333330e+00,6.9855207053255435e+04,2.6684033530861826e-06,0.0000000000000000e+00,0.0000000000000000e+00,0.0000000000000000e+00,0.0000000000000000e+00,0.0000000000000000e+00,0.0000000000000000e+00,0.0000000000000000e+00,0.0000000000000000e+00,
0.0000000000000000e+00,2.5449999999999999e+01,1.5707963267948966e+00,3.1415926535897931e+00,1.0000000000000001e-01,3.1415926535897931e+00,6.2831853071795862e+00,-1.4601858167263630e+20,1.0000000000000000e+00,2.5450065487800483e+01,2.5450065487800483e+01,1.0000000000000000e+00,6.4770666666323575e+02,6.4770666666323575e+02,6.4770666666323575e+02,1.0000000000000000e+00,0.0000000000000000e+00,0.0000000000000000e+00,0.0000000000000000e+00,1.0000000000000000e+00,0.0000000000000000e+00,0.0000000000000000e+00,0.0000000000000000e+00,0.0000000000000000e+00,0.0000000000000000e+00,0.0000000000000000e+00,8.1221658264735069e+09,-7.3308202951170857e+18,0.0000000000000000e+00,0.0000000000000000e+00,7.9343310766843172e+29,0.0000000000000000e+00,8.1221658264735069e+09,-7.1720869923602231e+03,0.0000000000000000e+00,0.0000000000000000e+00,7.9134414496858443e+29,0.0000000000000000e+00,2.6378138165619472e+29,0.0000000000000000e+00,0.0000000000000000e+00,0.0000000000000000e+00,9.7429885757065003e+19,0.0000000000000000e+00,0.0000000000000000e+00,0.0000000000000000e+00,0.0000000000000000e+00,0.0000000000000000e+00,0.0000000000000000e+00,0.0000000000000000e+00,1.3333333333333330e+00,6.5804376941418304e+04,1.8740077170640737e-06,0.0000000000000000e+00,0.0000000000000000e+00,0.0000000000000000e+00,0.0000000000000000e+00,0.0000000000000000e+00,0.0000000000000000e+00,0.0000000000000000e+00,0.0000000000000000e+00,
0.0000000000000000e+00,2.8649999999999999e+01,1.5707963267948966e+00,3.1415926535897931e+00,1.0000000000000001e-01,3.1415926535897931e+00,6.2831853071795862e+00,-1.2970938610751193e+20,1.0000000000000000e+00,2.8650058173297545e+01,2.8650058173297545e+01,1.0000000000000000e+00,8.2082666666395937e+02,8.2082666666395937e+02,8.2082666666395937e+02,1.0000000000000000e+00,0.0000000000000000e+00,0.0000000000000000e+00,0.0000000000000000e+00,1.0000000000000000e+00,0.0000000000000000e+00,0.0000000000000000e+00,0.0000000000000000e+00,0.0000000000000000e+00,0.0000000000000000e+00,0.0000000000000000e+00,5.8921568160563068e+09,-5.7846756401681889e+18,0.0000000000000000e+00,0.0000000000000000e+00,5.1770700998162729e+29,0.0000000000000000e+00,5.8921568160563068e+09,-7.9940655262955352e+03,0.0000000000000000e+00,0.0000000000000000e+00,5.1582432412758542e+29,0.0000000000000000e+00,1.7194144137586180e+29,0.0000000000000000e+00,0.0000000000000000e+00,0.0000000000000000e+00,8.7544007998032183e+19,0.0000000000000000e+00,0.0000000000000000e+00,0.0000000000000000e+00,0.0000000000000000e+00,0.0000000000000000e+00,0.0000000000000000e+00,0.0000000000000000e+00,1.3333333333333330e+00,6.2376630097502515e+04,1.3670560364401914e-06,0.0000000000000000e+00,0.0000000000000000e+00,0.0000000000000000e+00,0.0000000000000000e+00,0.0000000000000000e+00,0.0000000000000000e+00,0.0000000000000000e+00,0.0000000000000000e+00,
0.0000000000000000e+00,3.1850000000000001e+01,1.5707963267948966e+00,3.1415926535897931e+00,1.0000000000000001e-01,3.1415926535897931e+00,6.2831853071795862e+00,-1.1667738248080268e+20,1.0000000000000000e+00,3.1850052328580770e+01,3.1850052328580770e+01,1.0000000000000000e+00,1.0144266666644761e+03,1.0144266666644761e+03,1.0144266666644761e+03,1.0000000000000000e+00,0.0000000000000000e+00,0.0000000000000000e+00,0.0000000000000000e+00,1.0000000000000000e+00,0.0000000000000000e+00,0.0000000000000000e+00,0.0000000000000000e+00,0.0000000000000000e+00,0.0000000000000000e+00,0.0000000000000000e+00,4.4049998582608709e+09,-4.6806856518300918e+18,0.0000000000000000e+00,0.0000000000000000e+00,3.5171171554840647e+29,0.0000000000000000e+00,4.4049998582608709e+09,-8.8244791166089672e+03,0.0000000000000000e+00,0.0000000000000000e+00,3.4999660341007296e+29,0.0000000000000000e+00,1.1666553447002432e+29,0.0000000000000000e+00,0.0000000000000000e+00,0.0000000000000000e+00,7.9454229762726543e+19,0.0000000000000000e+00,0.0000000000000000e+00,0.0000000000000000e+00,0.0000000000000000e+00,0.0000000000000000e+00,0.0000000000000000e+00,0.0000000000000000e+00,1.3333333333333330e+00,5.9424729571352786e+04,1.0284726402021610e-06,0.0000000000000000e+00,0.0000000000000000e+00,0.0000000000000000e+00,0.0000000000000000e+00,0.0000000000000000e+00,0.0000000000000000e+00,0.0000000000000000e+00,0.0000000000000000e+00,
0.0000000000000000e+00,3.5049999999999997e+01,1.5707963267948966e+00,3.1415926535897931e+00,1.0000000000000001e-01,3.1415926535897931e+00,6.2831853071795862e+00,-1.0602496901555120e+20,1.0000000000000000e+00,3.5050047551085200e+01,3.5050047551085200e+01,1.0000000000000000e+00,1.2285066666648579e+03,1.2285066666648579e+03,1.2285066666648579e+03,1.0000000000000000e+00,0.0000000000000000e+00,0.0000000000000000e+00,0.0000000000000000e+00,1.0000000000000000e+00,0.0000000000000000e+00,0.0000000000000000e+00,0.0000000000000000e+00,0.0000000000000000e+00,0.0000000000000000e+00,0.0000000000000000e+00,3.3753662486241684e+09,-3.8650255252719334e+18,0.0000000000000000e+00,0.0000000000000000e+00,2.4698934764890025e+29,0.0000000000000000e+00,3.3753662486241684e+09,-9.6653872688866995e+03,0.0000000000000000e+00,0.0000000000000000e+00,2.4541272370792531e+29,0.0000000000000000e+00,8.1804241235975069e+28,0.0000000000000000e+00,0.0000000000000000e+00,0.0000000000000000e+00,7.2706862437847409e+19,0.0000000000000000e+00,0.0000000000000000e+00,0.0000000000000000e+00,0.0000000000000000e+00,0.0000000000000000e+00,0.0000000000000000e+00,0.0000000000000000e+00,1.3333333333333330e+00,5.6845541882563084e+04,7.9380046196572948e-07,0.0000000000000000e+00,0.0000000000000000e+00,0.0000000000000000e+00,0.0000000000000000e+00,0.0000000000000000e+00,0.0000000000000000e+00,0.0000000000000000e+00,0.0000000000000000e+00,
0.0000000000000000e+00,3.8250000000000000e+01,1.5707963267948966e+00,3.1415926535897931e+00,1.0000000000000001e-01,3.1415926535897931e+00,6.2831853071795862e+00,-9.7154916813952877e+19,1.0000000000000000e+00,3.8250043572959925e+01,3.8250043572959925e+01,1.0000000000000000e+00,1.4630666666651477e+03,1.4630666666651477e+03,1.4630666666651477e+03,1.0000000000000000e+00,0.0000000000000000e+00,0.0000000000000000e+00,0.0000000000000000e+00,1.0000000000000000e+00,0.0000000000000000e+00,0.0000000000000000e+00,0.0000000000000000e+00,0.0000000000000000e+00,0.0000000000000000e+00,0.0000000000000000e+00,2.6399454308059845e+09,-3.2453801780385362e+18,0.0000000000000000e+00,0.0000000000000000e+00,1.7830679611398633e+29,0.0000000000000000e+00,2.6399454308059845e+09,-1.0519211836873383e+04,0.0000000000000000e+00,0.0000000000000000e+00,1.7684619972122735e+29,0.0000000000000000e+00,5.8948733240409118e+28,0.0000000000000000e+00,0.0000000000000000e+00,0.0000000000000000e+00,6.6988479764117873e+19,0.0000000000000000e+00,0.0000000000000000e+00,0.0000000000000000e+00,0.0000000000000000e+00,0.0000000000000000e+00,0.0000000000000000e+00,0.0000000000000000e+00,1.3333333333333330e+00,5.4564323420998684e+04,6.2607103038180177e-07,0.0000000000000000e+00,0.0000000000000000e+00,0.0000000000000000e+00,0.0000000000000000e+00,0.0000000000000000e+00,0.0000000000000000e+00,0.0000000000000000e+00,0.0000000000000000e+00,
0.0000000000000000e+00,4.1450000000000003e+01,1.5707963267948966e+00,3.1415926535897931e+00,1.0000000000000001e-01,3.1415926535897931e+00,6.2831853071795862e+00,-8.9654424181849637e+19,1.0000000000000000e+00,4.1450040209067758e+01,4.1450040209067758e+01,1.0000000000000000e+00,1.7181066666653733e+03,1.7181066666653733e+03,1.7181066666653733e+03,1.0000000000000000e+00,0.0000000000000000e+00,0.0000000000000000e+00,0.0000000000000000e+00,1.0000000000000000e+00,0.0000000000000000e+00,0.0000000000000000e+00,0.0000000000000000e+00,0.0000000000000000e+00,0.0000000000000000e+00,0.0000000000000000e+00,2.1006564345128644e+09,-2.7636269886066156e+18,0.0000000000000000e+00,0.0000000000000000e+00,1.3176178318164256e+29,0.0000000000000000e+00,2.1006564345128644e+09,-1.1388818711100104e+04,0.0000000000000000e+00,0.0000000000000000e+00,1.3039945607182038e+29,0.0000000000000000e+00,4.3466485357273458e+28,0.0000000000000000e+00,0.0000000000000000e+00,0.0000000000000000e+00,6.2075492912950886e+19,0.0000000000000000e+00,0.0000000000000000e+00,0.0000000000000000e+00,0.0000000000000000e+00,0.0000000000000000e+00,0.0000000000000000e+00,0.0000000000000000e+00,1.3333333333333330e+00,5.2525331908202352e+04,5.0304589314989405e-07,0.0000000000000000e+00,0.0000000000000000e+00,0.0000000000000000e+00,0.0000000000000000e+00,0.0000000000000000e+00,0.0000000000000000e+00,0.0000000000000000e+00,0.0000000000000000e+00,
0.0000000000000000e+00,4.4649999999999999e+01,1.5707963267948966e+00,3.1415926535897931e+00,1.0000000000000001e-01,3.1415926535897931e+00,6.2831853071795862e+00,-8.3229028699646607e+19,1.0000000000000000e+00,4.4650037327345352e+01,4.4650037327345352e+01,1.0000000000000000e+00,1.9936266666655520e+03,1.9936266666655520e+03,1.9936266666655520e+03,1.0000000000000000e+00,0.0000000000000000e+00,0.0000000000000000e+00,0.0000000000000000e+00,1.0000000000000000e+00,0.0000000000000000e+00,0.0000000000000000e+00,0.0000000000000000e+00,0.0000000000000000e+00,0.0000000000000000e+00,0.0000000000000000e+00,1.6961637774267616e+09,-2.3816919985963510e+18,0.0000000000000000e+00,0.0000000000000000e+00,9.9323538743115215e+28,0.0000000000000000e+00,1.6961637774267616e+09,-1.2277630179059379e+04,0.0000000000000000e+00,0.0000000000000000e+00,9.8045140986433413e+28,0.0000000000000000e+00,3.2681713662144458e+28,0.0000000000000000e+00,0.0000000000000000e+00,0.0000000000000000e+00,5.7803985666528354e+19,0.0000000000000000e+00,0.0000000000000000e+00,0.0000000000000000e+00,0.0000000000000000e+00,0.0000000000000000e+00,0.0000000000000000e+00,0.0000000000000000e+00,1.3333333333333330e+00,5.0685952492023280e+04,4.1080174597217701e-07,0.0000000000000000e+00,0.0000000000000000e+00,0.0000000000000000e+00,0.0000000000000000e+00,0.0000000000000000e+00,0.0000000000000000e+00,0.0000000000000000e+00,0.0000000000000000e+00,
0.0000000000000000e+00,4.7850000000000001e+01,1.5707963267948966e+00,3.1415926535897931e+00,1.0000000000000001e-01,3.1415926535897931e+00,6.2831853071795862e+00,-7.7663037246731256e+19,1.0000000000000000e+00,4.7850034831056632e+01,4.7850034831056632e+01,1.0000000000000000e+00,2.2896266666656961e+03,2.2896266666656961e+03,2.2896266666656961e+03,1.0000000000000000e+00,0.0000000000000000e+00,0.0000000000000000e+00,0.0000000000000000e+00,1.0000000000000000e+00,0.0000000000000000e+00,0.0000000000000000e+00,0.0000000000000000e+00,0.0000000000000000e+00,0.0000000000000000e+00,0.0000000000000000e+00,1.3867656207076850e+09,-2.0737894622616179e+18,0.0000000000000000e+00,0.0000000000000000e+00,7.6162280394905099e+28,0.0000000000000000e+00,1.3867656207076850e+09,-1.3189781722081118e+04,0.0000000000000000e+00,0.0000000000000000e+00,7.4956002162820022e+28,0.0000000000000000e+00,2.4985334054273336e+28,0.0000000000000000e+00,0.0000000000000000e+00,0.0000000000000000e+00,5.4050895919875211e+19,0.0000000000000000e+00,0.0000000000000000e+00,0.0000000000000000e+00,0.0000000000000000e+00,0.0000000000000000e+00,0.0000000000000000e+00,0.0000000000000000e+00,1.3333333333333330e+00,4.9012874153072553e+04,3.4032099783149168e-07,0.0000000000000000e+00,0.0000000000000000e+00,0.0000000000000000e+00,0.0000000000000000e+00,0.0000000000000000e+00,0.0000000000000000e+00,0.0000000000000000e+00,0.0000000000000000e+00,
0.0000000000000000e+00,5.1049999999999997e+01,1.5707963267948966e+00,3.1415926535897931e+00,1.0000000000000001e-01,3.1415926535897931e+00,6.2831853071795862e+00,-7.2794838325296669e+19,1.0000000000000000e+00,5.1050032647720556e+01,5.1050032647720556e+01,1.0000000000000000e+00,2.6061066666658139e+03,2.6061066666658139e+03,2.6061066666658139e+03,1.0000000000000000e+00,0.0000000000000000e+00,0.0000000000000000e+00,0.0000000000000000e+00,1.0000000000000000e+00,0.0000000000000000e+00,0.0000000000000000e+00,0.0000000000000000e+00,0.0000000000000000e+00,0.0000000000000000e+00,0.0000000000000000e+00,1.1593993209542189e+09,-1.8219525989177917e+18,0.0000000000000000e+00,0.0000000000000000e+00,6.0183169681446059e+28,0.0000000000000000e+00,1.1593993209542189e+09,-1.4070615280166512e+04,0.0000000000000000e+00,0.0000000000000000e+00,5.9035469390293434e+28,0.0000000000000000e+00,1.9678489796764473e+28,0.0000000000000000e+00,0.0000000000000000e+00,0.0000000000000000e+00,5.0918965224665965e+19,0.0000000000000000e+00,0.0000000000000000e+00,0.0000000000000000e+00,0.0000000000000000e+00,0.0000000000000000e+00,0.0000000000000000e+00,0.0000000000000000e+00,1.3333333333333330e+00,4.7571682156617324e+04,2.8863674398152078e-07,0.0000000000000000e+00,0.0000000000000000e+00,0.0000000000000000e+00,0.0000000000000000e+00,0.0000000000000000e+00,0.0000000000000000e+00,0.0000000000000000e+00,0.0000000000000000e+00,
0.0000000000000000e+00,5.4049999999999997e+01,1.5707963267948966e+00,3.1415926535897931e+00,1.0000000000000001e-01,3.1415926535897931e+00,6.2831853071795862e+00,-6.8754424139798217e+19,1.0000000000000000e+00,5.4050030835637209e+01,5.4050030835637209e+01,1.0000000000000000e+00,2.9214066666659060e+03,2.9214066666659060e+03,2.9214066666659060e+03,1.0000000000000000e+00,0.0000000000000000e+00,0.0000000000000000e+00,0.0000000000000000e+00,1.0000000000000000e+00,0.0000000000000000e+00,0.0000000000000000e+00,0.0000000000000000e+00,0.0000000000000000e+00,0.0000000000000000e+00,0.0000000000000000e+00,9.7720079460495794e+08,-1.6253136590342953e+18,0.0000000000000000e+00,0.0000000000000000e+00,4.8098401014529499e+28,0.0000000000000000e+00,9.7720079460495794e+08,-1.4981584305387372e+04,0.0000000000000000e+00,0.0000000000000000e+00,4.7001749553372411e+28,0.0000000000000000e+00,1.5667249851124133e+28,0.0000000000000000e+00,0.0000000000000000e+00,0.0000000000000000e+00,4.8098312248802599e+19,0.0000000000000000e+00,0.0000000000000000e+00,0.0000000000000000e+00,0.0000000000000000e+00,0.0000000000000000e+00,0.0000000000000000e+00,0.0000000000000000e+00,1.3333333333333330e+00,4.6235296178538425e+04,2.4736850195938862e-07,0.0000000000000000e+00,0.0000000000000000e+00,0.0000000000000000e+00,0.0000000000000000e+00,0.0000000000000000e+00,0.0000000000000000e+00,0.0000000000000000e+00,0.0000000000000000e+00,
0.0000000000000000e+00,5.7049999999999997e+01,1.5707963267948966e+00,3.1415926535897931e+00,1.0000000000000001e-01,3.1415926535897931e+00,6.2831853071795862e+00,-6.5138943616312164e+19,1.0000000000000000e+00,5.7050029214132159e+01,5.7050029214132159e+01,1.0000000000000000e+00,3.2547066666659844e+03,3.2547066666659844e+03,3.2547066666659844e+03,1.0000000000000000e+00,0.0000000000000000e+00,0.0000000000000000e+00,0.0000000000000000e+00,1.0000000000000000e+00,0.0000000000000000e+00,0.0000000000000000e+00,0.0000000000000000e+00,0.0000000000000000e+00,0.0000000000000000e+00,0.0000000000000000e+00,8.2938673486144602e+08,-1.4588723625240765e+18,0.0000000000000000e+00,0.0000000000000000e+00,3.8822067471098856e+28,0.0000000000000000e+00,8.2938673486144602e+08,-1.5929184348558565e+04,0.0000000000000000e+00,0.0000000000000000e+00,3.7769830570025238e+28,0.0000000000000000e+00,1.2589943523341741e+28,0.0000000000000000e+00,0.0000000000000000e+00,0.0000000000000000e+00,4.5539431496618893e+19,0.0000000000000000e+00,0.0000000000000000e+00,0.0000000000000000e+00,0.0000000000000000e+00,0.0000000000000000e+00,0.0000000000000000e+00,0.0000000000000000e+00,1.3333333333333330e+00,4.4988605206654007e+04,2.1509207194095204e-07,0.0000000000000000e+00,0.0000000000000000e+00,0.0000000000000000e+00,0.0000000000000000e+00,0.0000000000000000e+00,0.0000000000000000e+00,0.0000000000000000e+00,0.0000000000000000e+00,
0.0000000000000000e+00,6.0049999999999997e+01,1.5707963267948966e+00,3.1415926535897931e+00,1.0000000000000001e-01,3.1415926535897931e+00,6.2831853071795862e+00,-6.1884709841891156e+19,1.0000000000000000e+00,6.0050027754642500e+01,6.0050027754642500e+01,1.0000000000000000e+00,3.6060066666660509e+03,3.6060066666660509e+03,3.6060066666660509e+03,1.0000000000000000e+00,0.0000000000000000e+00,0.0000000000000000e+00,0.0000000000000000e+00,1.0000000000000000e+00,0.0000000000000000e+00,0.0000000000000000e+00,0.0000000000000000e+00,0.0000000000000000e+00,0.0000000000000000e+00,0.0000000000000000e+00,1.1063411101164353e+08,-1.3167477404481011e+18,0.0000000000000000e+00,0.0000000000000000e+00,6.5205303991653437e+27,0.0000000000000000e+00,1.1063411101164353e+08,-1.1089766350454910e+05,0.0000000000000000e+00,0.0000000000000000e+00,3.1866670997991612e+25,0.0000000000000000e+00,1.0622223665997203e+25,0.0000000000000000e+00,0.0000000000000000e+00,0.0000000000000000e+00,2.8803653494882138e+17,0.0000000000000000e+00,0.0000000000000000e+00,0.0000000000000000e+00,0.0000000000000000e+00,0.0000000000000000e+00,0.0000000000000000e+00,0.0000000000000000e+00,1.3333333333333330e+00,3.5779356628667902e+03,5.7611742468990877e-08,0.0000000000000000e+00,0.0000000000000000e+00,0.0000000000000000e+00,0.0000000000000000e+00,0.0000000000000000e+00,0.0000000000000000e+00,0.0000000000000000e+00,0.0000000000000000e+00,
0.0000000000000000e+00,6.3049999999999997e+01,1.5707963267948966e+00,3.1415926535897931e+00,1.0000000000000001e-01,3.1415926535897931e+00,6.2831853071795862e+00,-5.8940157110013641e+19,1.0000000000000000e+00,6.3050026434041506e+01,6.3050026434041506e+01,1.0000000000000000e+00,3.9753066666661070e+03,3.9753066666661070e+03,3.9753066666661070e+03,1.0000000000000000e+00,0.0000000000000000e+00,0.0000000000000000e+00,0.0000000000000000e+00,1.0000000000000000e+00,0.0000000000000000e+00,0.0000000000000000e+00,0.0000000000000000e+00,0.0000000000000000e+00,0.0000000000000000e+00,0.0000000000000000e+00,1.0317963548009335e+08,-1.1944237566479171e+18,0.0000000000000000e+00,0.0000000000000000e+00,5.8043302183609493e+27,0.0000000000000000e+00,1.0317963548009335e+08,-1.0821867644218839e+05,0.0000000000000000e+00,0.0000000000000000e+00,2.9036433898150463e+25,0.0000000000000000e+00,9.6788112993834847e+24,0.0000000000000000e+00,0.0000000000000000e+00,0.0000000000000000e+00,2.8141628529602077e+17,0.0000000000000000e+00,0.0000000000000000e+00,0.0000000000000000e+00,0.0000000000000000e+00,0.0000000000000000e+00,0.0000000000000000e+00,0.0000000000000000e+00,1.3333333333333330e+00,3.5365788989024472e+03,5.0110046747214804e-08,0.0000000000000000e+00,0.0000000000000000e+00,0.0000000000000000e+00,0.0000000000000000e+00,0.0000000000000000e+00,0.0000000000000000e+00,0.0000000000000000e+00,0.0000000000000000e+00,
0.0000000000000000e+00,6.6049999999999997e+01,1.5707963267948966e+00,3.1415926535897931e+00,1.0000000000000001e-01,3.1415926535897931e+00,6.2831853071795862e+00,-5.6263088189933036e+19,1.0000000000000000e+00,6.6050025233404199e+01,6.6050025233404199e+01,1.0000000000000000e+00,4.3626066666661563e+03,4.3626066666661563e+03,4.3626066666661563e+03,1.0000000000000000e+00,0.0000000000000000e+00,0.0000000000000000e+00,0.0000000000000000e+00,1.0000000000000000e+00,0.0000000000000000e+00,0.0000000000000000e+00,0.0000000000000000e+00,0.0000000000000000e+00,0.0000000000000000e+00,0.0000000000000000e+00,9.6526724982397750e+07,-1.0883860801497700e+18,0.0000000000000000e+00,0.0000000000000000e+00,5.1936169209459218e+27,0.0000000000000000e+00,9.6526724982397750e+07,-1.0572430905205010e+05,0.0000000000000000e+00,0.0000000000000000e+00,2.6567338563607395e+25,0.0000000000000000e+00,8.8557795212024657e+24,0.0000000000000000e+00,0.0000000000000000e+00,0.0000000000000000e+00,2.7523294801261325e+17,0.0000000000000000e+00,0.0000000000000000e+00,0.0000000000000000e+00,0.0000000000000000e+00,0.0000000000000000e+00,0.0000000000000000e+00,0.0000000000000000e+00,1.3333333333333330e+00,3.4975098761147715e+03,4.3856175362963814e-08,0.0000000000000000e+00,0.0000000000000000e+00,0.0000000000000000e+00,0.0000000000000000e+00,0.0000000000000000e+00,0.0000000000000000e+00,0.0000000000000000e+00,0.0000000000000000e+00,
0.0000000000000000e+00,6.9049999999999997e+01,1.5707963267948966e+00,3.1415926535897931e+00,1.0000000000000001e-01,3.1415926535897931e+00,6.2831853071795862e+00,-5.3818639178667041e+19,1.0000000000000000e+00,6.9050024137094496e+01,6.9050024137094496e+01,1.0000000000000000e+00,4.7679066666662011e+03,4.7679066666662011e+03,4.7679066666662011e+03,1.0000000000000000e+00,0.0000000000000000e+00,0.0000000000000000e+00,0.0000000000000000e+00,1.0000000000000000e+00,0.0000000000000000e+00,0.0000000000000000e+00,0.0000000000000000e+00,0.0000000000000000e+00,0.0000000000000000e+00,0.0000000000000000e+00,9.0559677584159344e+07,-9.9586682221919808e+17,0.0000000000000000e+00,0.0000000000000000e+00,4.6692241268699583e+27,0.0000000000000000e+00,9.0559677584159344e+07,-1.0339431811088724e+05,0.0000000000000000e+00,0.0000000000000000e+00,2.4400446609746742e+25,0.0000000000000000e+00,8.1334822032489126e+24,0.0000000000000000e+00,0.0000000000000000e+00,0.0000000000000000e+00,2.6944048744062147e+17,0.0000000000000000e+00,0.0000000000000000e+00,0.0000000000000000e+00,0.0000000000000000e+00,0.0000000000000000e+00,0.0000000000000000e+00,0.0000000000000000e+00,1.3333333333333330e+00,3.4605104616139411e+03,3.8601118402391314e-08,0.0000000000000000e+00,0.0000000000000000e+00,0.0000000000000000e+00,0.0000000000000000e+00,0.0000000000000000e+00,0.0000000000000000e+00,0.0000000000000000e+00,0.0000000000000000e+00,
0.0000000000000000e+00,7.2049999999999997e+01,1.5707963267948966e+00,3.1415926535897931e+00,1.0000000000000001e-01,3.1415926535897931e+00,6.2831853071795862e+00,-5.1577752786251530e+19,1.0000000000000000e+00,7.2050023132080469e+01,7.2050023132080469e+01,1.0000000000000000e+00,5.1912066666662377e+03,5.1912066666662377e+03,5.1912066666662377e+03,1.0000000000000000e+00,0.0000000000000000e+00,0.0000000000000000e+00,0.0000000000000000e+00,1.0000000000000000e+00,0.0000000000000000e+00,0.0000000000000000e+00,0.0000000000000000e+00,0.0000000000000000e+00,0.0000000000000000e+00,0.0000000000000000e+00,8.5183413701154888e+07,-9.1466206124623386e+17,0.0000000000000000e+00,0.0000000000000000e+00,4.2160759176948914e+27,0.0000000000000000e+00,8.5183413701154888e+07,-1.0121140828663856e+05,0.0000000000000000e+00,0.0000000000000000e+00,2.2488371287094070e+25,0.0000000000000000e+00,7.4961237623646894e+24,0.0000000000000000e+00,0.0000000000000000e+00,0.0000000000000000e+00,2.6399938455053334e+17,0.0000000000000000e+00,0.0000000000000000e+00,0.0000000000000000e+00,0.0000000000000000e+00,0.0000000000000000e+00,0.0000000000000000e+00,0.0000000000000000e+00,1.3333333333333328e+00,3.4253913457437902e+03,3.4153169248539523e-08,0.0000000000000000e+00,0.0000000000000000e+00,0.0000000000000000e+00,0.0000000000000000e+00,0.0000000000000000e+00,0.0000000000000000e+00,0.0000000000000000e+00,0.0000000000000000e+00,
0.0000000000000000e+00,7.5049999999999997e+01,1.5707963267948966e+00,3.1415926535897931e+00,1.0000000000000001e-01,3.1415926535897931e+00,6.2831853071795862e+00,-4.9516017787987567e+19,1.0000000000000000e+00,7.5050022207413988e+01,7.5050022207413988e+01,1.0000000000000000e+00,5.6325066666662724e+03,5.6325066666662724e+03,5.6325066666662724e+03,1.0000000000000000e+00,0.0000000000000000e+00,0.0000000000000000e+00,0.0000000000000000e+00,1.0000000000000000e+00,0.0000000000000000e+00,0.0000000000000000e+00,0.0000000000000000e+00,0.0000000000000000e+00,0.0000000000000000e+00,0.0000000000000000e+00,8.0319154878826335e+07,-8.4299936639451379e+17,0.0000000000000000e+00,0.0000000000000000e+00,3.8221938257249708e+27,0.0000000000000000e+00,8.0319154878826335e+07,-9.9160729207726719e+04,0.0000000000000000e+00,0.0000000000000000e+00,2.0792663266832588e+25,0.0000000000000000e+00,6.9308877556108615e+24,0.0000000000000000e+00,0.0000000000000000e+00,0.0000000000000000e+00,2.5887549694297245e+17,0.0000000000000000e+00,0.0000000000000000e+00,0.0000000000000000e+00,0.0000000000000000e+00,0.0000000000000000e+00,0.0000000000000000e+00,0.0000000000000000e+00,1.3333333333333330e+00,3.3919872558026441e+03,3.0363140810290938e-08,0.0000000000000000e+00,0.0000000000000000e+00,0.0000000000000000e+00,0.0000000000000000e+00,0.0000000000000000e+00,0.0000000000000000e+00,0.0000000000000000e+00,0.0000000000000000e+00,
0.0000000000000000e+00,7.8049999999999997e+01,1.5707963267948966e+00,3.1415926535897931e+00,1.0000000000000001e-01,3.1415926535897931e+00,6.2831853071795862e+00,-4.7612776123539775e+19,1.0000000000000000e+00,7.8050021353830090e+01,7.8050021353830090e+01,1.0000000000000000e+00,6.0918066666663017e+03,6.0918066666663017e+03,6.0918066666663017e+03,1.0000000000000000e+00,0.0000000000000000e+00,0.0000000000000000e+00,0.0000000000000000e+00,1.0000000000000000e+00,0.0000000000000000e+00,0.0000000000000000e+00,0.0000000000000000e+00,0.0000000000000000e+00,0.0000000000000000e+00,0.0000000000000000e+00,7.5901133367176950e+07,-7.7944025461781491e+17,0.0000000000000000e+00,0.0000000000000000e+00,3.4779719214587071e+27,0.0000000000000000e+00,7.5901133367176950e+07,-9.7229448303399782e+04,0.0000000000000000e+00,0.0000000000000000e+00,1.9281861503878033e+25,0.0000000000000000e+00,6.4272871679593432e+24,0.0000000000000000e+00,0.0000000000000000e+00,0.0000000000000000e+00,2.5403915348803952e+17,0.0000000000000000e+00,0.0000000000000000e+00,0.0000000000000000e+00,0.0000000000000000e+00,0.0000000000000000e+00,0.0000000000000000e+00,0.0000000000000000e+00,1.3333333333333328e+00,3.3601531147249784e+03,2.7113750090713642e-08,0.0000000000000000e+00,0.0000000000000000e+00,0.0000000000000000e+00,0.0000000000000000e+00,0.0000000000000000e+00,0.0000000000000000e+00,0.0000000000000000e+00,0.0000000000000000e+00,
0.0000000000000000e+00,8.1049999999999997e+01,1.5707963267948966e+00,3.1415926535897931e+00,1.0000000000000001e-01,3.1415926535897931e+00,6.2831853071795862e+00,-4.5850428295850746e+19,1.0000000000000000e+00,8.1050020563435581e+01,8.1050020563435581e+01,1.0000000000000000e+00,6.5691066666663273e+03,6.5691066666663273e+03,6.5691066666663273e+03,1.0000000000000000e+00,0.0000000000000000e+00,0.0000000000000000e+00,0.0000000000000000e+00,1.0000000000000000e+00,0.0000000000000000e+00,0.0000000000000000e+00,0.0000000000000000e+00,0.0000000000000000e+00,0.0000000000000000e+00,0.0000000000000000e+00,7.1874058827079162e+07,-7.2280743661336627e+17,0.0000000000000000e+00,0.0000000000000000e+00,3.1756408274145063e+27,0.0000000000000000e+00,7.1874058827079162e+07,-9.5406411453620167e+04,0.0000000000000000e+00,0.0000000000000000e+00,1.7930022601342212e+25,0.0000000000000000e+00,5.9766742004474021e+24,0.0000000000000000e+00,0.0000000000000000e+00,0.0000000000000000e+00,2.4946442858352461e+17,0.0000000000000000e+00,0.0000000000000000e+00,0.0000000000000000e+00,0.0000000000000000e+00,0.0000000000000000e+00,0.0000000000000000e+00,0.0000000000000000e+00,1.3333333333333330e+00,3.3297609306547556e+03,2.4311947568313671e-08,0.0000000000000000e+00,0.0000000000000000e+00,0.0000000000000000e+00,0.0000000000000000e+00,0.0000000000000000e+00,0.0000000000000000e+00,0.0000000000000000e+00,0.0000000000000000e+00,
0.0000000000000000e+00,8.4049999999999997e+01,1.5707963267948966e+00,3.1415926535897931e+00,1.0000000000000001e-01,3.1415926535897931e+00,6.2831853071795862e+00,-4.4213887524462043e+19,1.0000000000000000e+00,8.4050019829464247e+01,8.4050019829464247e+01,1.0000000000000000e+00,7.0644066666663530e+03,7.0644066666663530e+03,7.0644066666663530e+03,1.0000000000000000e+00,0.0000000000000000e+00,0.0000000000000000e+00,0.0000000000000000e+00,1.0000000000000000e+00,0.0000000000000000e+00,0.0000000000000000e+00,0.0000000000000000e+00,0.0000000000000000e+00,0.0000000000000000e+00,0.0000000000000000e+00,6.8191148027672112e+07,-6.7212990498584026e+17,0.0000000000000000e+00,0.0000000000000000e+00,2.9088667364725683e+27,0.0000000000000000e+00,6.8191148027672112e+07,-9.3681870883383803e+04,0.0000000000000000e+00,0.0000000000000000e+00,1.6715598984149335e+25,0.0000000000000000e+00,5.5718663280497784e+24,0.0000000000000000e+00,0.0000000000000000e+00,0.0000000000000000e+00,2.4512855538173578e+17,0.0000000000000000e+00,0.0000000000000000e+00,0.0000000000000000e+00,0.0000000000000000e+00,0.0000000000000000e+00,0.0000000000000000e+00,0.0000000000000000e+00,1.3333333333333330e+00,3.3006972576335911e+03,2.1883233647280770e-08,0.0000000000000000e+00,0.0000000000000000e+00,0.0000000000000000e+00,0.0000000000000000e+00,0.0000000000000000e+00,0.0000000000000000e+00,0.0000000000000000e+00,0.0000000000000000e+00,
0.0000000000000000e+00,8.7049999999999997e+01,1.5707963267948966e+00,3.1415926535897931e+00,1.0000000000000001e-01,3.1415926535897931e+00,6.2831853071795862e+00,-4.2690146767666438e+19,1.0000000000000000e+00,8.7050019146082519e+01,8.7050019146082519e+01,1.0000000000000000e+00,7.5777066666663741e+03,7.5777066666663741e+03,7.5777066666663741e+03,1.0000000000000000e+00,0.0000000000000000e+00,0.0000000000000000e+00,0.0000000000000000e+00,1.0000000000000000e+00,0.0000000000000000e+00,0.0000000000000000e+00,0.0000000000000000e+00,0.0000000000000000e+00,0.0000000000000000e+00,0.0000000000000000e+00,6.4812577945562065e+07,-6.2660103363090048e+17,0.0000000000000000e+00,0.0000000000000000e+00,2.6724481525318231e+27,0.0000000000000000e+00,6.4812577945562065e+07,-9.2047265100708551e+04,0.0000000000000000e+00,0.0000000000000000e+00,1.5620574436356280e+25,0.0000000000000000e+00,5.2068581454520920e+24,0.0000000000000000e+00,0.0000000000000000e+00,0.0000000000000000e+00,2.4101144759278138e+17,0.0000000000000000e+00,0.0000000000000000e+00,0.0000000000000000e+00,0.0000000000000000e+00,0.0000000000000000e+00,0.0000000000000000e+00,0.0000000000000000e+00,1.3333333333333330e+00,3.2728611067749380e+03,1.9767529911357093e-08,0.0000000000000000e+00,0.0000000000000000e+00,0.0000000000000000e+00,0.0000000000000000e+00,0.0000000000000000e+00,0.0000000000000000e+00,0.0000000000000000e+00,0.0000000000000000e+00,

28,61
0.0000000000000000e+00,6.1500000000000004e+00,1.5707963267948966e+00,3.1415926535897931e+00,1.0000000000000001e-01,3.1415926535897931e+00,6.2831853071795862e+00,-6.0424322062762888e+20,1.0000000000000000e+00,6.1502709967392253e+00,6.1502709967392253e+00,1.0000000000000000e+00,3.7826666607913985e+01,3.7826666607913985e+01,3.7826666607913985e+01,1.0000000000000000e+00,0.0000000000000000e+00,0.0000000000000000e+00,0.0000000000000000e+00,1.0000000000000000e+00,0.0000000000000000e+00,0.0000000000000000e+00,0.0000000000000000e+00,0.0000000000000000e+00,0.0000000000000000e+00,0.0000000000000000e+00,6.7013841478881250e+12,-1.2553617893403507e+20,0.0000000000000000e+00,0.0000000000000000e+00,6.1249221824158254e+33,0.0000000000000000e+00,6.7013841478881250e+12,-7.6180236788532375e+02,0.0000000000000000e+00,0.0000000000000000e+00,6.1249027456210550e+33,0.0000000000000000e+00,2.0416342485403512e+33,0.0000000000000000e+00,0.0000000000000000e+00,0.0000000000000000e+00,9.1373015465312675e+20,0.0000000000000000e+00,0.0000000000000000e+00,0.0000000000000000e+00,0.0000000000000000e+00,0.0000000000000000e+00,0.0000000000000000e+00,0.0000000000000000e+00,1.3333333333333335e+00,2.0151754205185440e+05,1.3789658922458113e-03,0.0000000000000000e+00,0.0000000000000000e+00,0.0000000000000000e+00,0.0000000000000000e+00,0.0000000000000000e+00,0.0000000000000000e+00,0.0000000000000000e+00,0.0000000000000000e+00,
0.0000000000000000e+00,9.3499999999999996e+00,1.5707963267948966e+00,3.1415926535897931e+00,1.0000000000000001e-01,3.1415926535897931e+00,6.2831853071795862e+00,-3.9744837018062986e+20,1.0000000000000000e+00,9.3501782514202940e+00,9.3501782514202940e+00,1.0000000000000000e+00,8.7426666641247579e+01,8.7426666641247579e+01,8.7426666641247579e+01,1.0000000000000000e+00,0.0000000000000000e+00,0.0000000000000000e+00,0.0000000000000000e+00,1.0000000000000000e+00,0.0000000000000000e+00,0.0000000000000000e+00,0.0000000000000000e+00,0.0000000000000000e+00,0.0000000000000000e+00,0.0000000000000000e+00,7.7875416549849219e+11,-5.4312693878998598e+19,0.0000000000000000e+00,0.0000000000000000e+00,3.4729585320320783e+32,0.0000000000000000e+00,7.7875416549849219e+11,-1.5609422094874433e+03,0.0000000000000000e+00,0.0000000000000000e+00,3.4728636688469510e+32,0.0000000000000000e+00,1.1576212229489834e+32,0.0000000000000000e+00,0.0000000000000000e+00,0.0000000000000000e+00,4.4592267174192985e+20,0.0000000000000000e+00,0.0000000000000000e+00,0.0000000000000000e+00,0.0000000000000000e+00,0.0000000000000000e+00,0.0000000000000000e+00,0.0000000000000000e+00,1.3333333333333335e+00,1.4077883257738894e+05,1.6960975558488156e-04,0.0000000000000000e+00,0.0000000000000000e+00,0.0000000000000000e+00,0.0000000000000000e+00,0.0000000000000000e+00,0.0000000000000000e+00,0.0000000000000000e+00,0.0000000000000000e+00,
0.0000000000000000e+00,1.2550000000000001e+01,1.5707963267948966e+00,3.1415926535897931e+00,1.0000000000000001e-01,3.1415926535897931e+00,6.2831853071795862e+00,-2.9610820898609509e+20,1.0000000000000000e+00,1.2550132801422192e+01,1.2550132801422192e+01,1.0000000000000000e+00,1.5750666665255764e+02,1.5750666665255764e+02,1.5750666665255764e+02,1.0000000000000000e+00,0.0000000000000000e+00,0.0000000000000000e+00,0.0000000000000000e+00,1.0000000000000000e+00,0.0000000000000000e+00,0.0000000000000000e+00,0.0000000000000000e+00,0.0000000000000000e+00,0.0000000000000000e+00,0.0000000000000000e+00,2.2525757422172031e+11,-3.0146642872415314e+19,0.0000000000000000e+00,0.0000000000000000e+00,6.6439092482547927e+31,0.0000000000000000e+00,2.2525757422172031e+11,-2.3604445419093663e+03,0.0000000000000000e+00,0.0000000000000000e+00,6.6432817439186246e+31,0.0000000000000000e+00,2.2144272479728752e+31,0.0000000000000000e+00,0.0000000000000000e+00,0.0000000000000000e+00,2.9491109064343349e+20,0.0000000000000000e+00,0.0000000000000000e+00,0.0000000000000000e+00,0.0000000000000000e+00,0.0000000000000000e+00,0.0000000000000000e+00,0.0000000000000000e+00,1.3333333333333335e+00,1.1448637034191680e+05,5.0057398279459826e-05,0.0000000000000000e+00,0.0000000000000000e+00,0.0000000000000000e+00,0.0000000000000000e+00,0.0000000000000000e+00,0.0000000000000000e+00,0.0000000000000000e+00,0.0000000000000000e+00,
0.0000000000000000e+00,1.5750000000000000e+01,1.5707963267948966e+00,3.1415926535897931e+00,1.0000000000000001e-01,3.1415926535897931e+00,6.2831853071795862e+00,-2.3594699687502119e+20,1.0000000000000000e+00,1.5750105819750333e+01,1.5750105819750333e+01,1.0000000000000000e+00,2.4806666665770842e+02,2.4806666665770842e+02,2.4806666665770842e+02,1.0000000000000000e+00,0.0000000000000000e+00,0.0000000000000000e+00,0.0000000000000000e+00,1.0000000000000000e+00,0.0000000000000000e+00,0.0000000000000000e+00,0.0000000000000000e+00,0.0000000000000000e+00,0.0000000000000000e+00,0.0000000000000000e+00,9.3880200866518066e+10,-1.9141066426107527e+19,0.0000000000000000e+00,0.0000000000000000e+00,2.0685706499857523e+31,0.0000000000000000e+00,9.3880200866518066e+10,-3.1606629207548317e+03,0.0000000000000000e+00,0.0000000000000000e+00,2.0681017404672101e+31,0.0000000000000000e+00,6.8936724682240325e+30,0.0000000000000000e+00,0.0000000000000000e+00,0.0000000000000000e+00,2.2028813092920630e+20,0.0000000000000000e+00,0.0000000000000000e+00,0.0000000000000000e+00,0.0000000000000000e+00,0.0000000000000000e+00,0.0000000000000000e+00,0.0000000000000000e+00,1.3333333333333335e+00,9.8947313443036503e+04,2.1085132768488914e-05,0.0000000000000000e+00,0.0000000000000000e+00,0.0000000000000000e+00,0.0000000000000000e+00,0.0000000000000000e+00,0.0000000000000000e+00,0.0000000000000000e+00,0.0000000000000000e+00,
0.0000000000000000e+00,1.8949999999999999e+01,1.5707963267948966e+00,3.1415926535897931e+00,1.0000000000000001e-01,3.1415926535897931e+00,6.2831853071795862e+00,-1.9610390823394814e+20,1.0000000000000000e+00,1.8950087950543484e+01,1.8950087950543484e+01,1.0000000000000000e+00,3.5910666666047837e+02,3.5910666666047837e+02,3.5910666666047837e+02,1.0000000000000000e+00,0.0000000000000000e+00,0.0000000000000000e+00,0.0000000000000000e+00,1.0000000000000000e+00,0.0000000000000000e+00,0.0000000000000000e+00,0.0000000000000000e+00,0.0000000000000000e+00,0.0000000000000000e+00,0.0000000000000000e+00,4.7702712849370552e+10,-1.3222368885135161e+19,0.0000000000000000e+00,0.0000000000000000e+00,8.3892452843142293e+30,0.0000000000000000e+00,4.7702712849370552e+10,-3.9621416062564740e+03,0.0000000000000000e+00,0.0000000000000000e+00,8.3855010256842923e+30,0.0000000000000000e+00,2.7951670085614296e+30,0.0000000000000000e+00,0.0000000000000000e+00,0.0000000000000000e+00,1.7578491683020918e+20,0.0000000000000000e+00,0.0000000000000000e+00,0.0000000000000000e+00,0.0000000000000000e+00,0.0000000000000000e+00,0.0000000000000000e+00,0.0000000000000000e+00,1.3333333333333335e+00,8.8389232819108307e+04,1.0789119737282778e-05,0.0000000000000000e+00,0.0000000000000000e+00,0.0000000000000000e+00,0.0000000000000000e+00,0.0000000000000000e+00,0.0000000000000000e+00,0.0000000000000000e+00,0.0000000000000000e+00,
0.0000000000000000e+00,2.2149999999999999e+01,1.5707963267948966e+00,3.1415926535897931e+00,1.0000000000000001e-01,3.1415926535897931e+00,6.2831853071795862e+00,-1.6777297394070471e+20,1.0000000000000000e+00,2.2150075244416964e+01,2.2150075244416964e+01,1.0000000000000000e+00,4.9062666666213738e+02,4.9062666666213738e+02,4.9062666666213738e+02,1.0000000000000000e+00,0.0000000000000000e+00,0.0000000000000000e+00,0.0000000000000000e+00,1.0000000000000000e+00,0.0000000000000000e+00,0.0000000000000000e+00,0.0000000000000000e+00,0.0000000000000000e+00,0.0000000000000000e+00,0.0000000000000000e+00,2.7455133254710903e+10,-9.6778861065481073e+18,0.0000000000000000e+00,0.0000000000000000e+00,4.0176543394086446e+30,0.0000000000000000e+00,2.7455133254710903e+10,-4.7655958097120674e+03,0.0000000000000000e+00,0.0000000000000000e+00,4.0145367210309757e+30,0.0000000000000000e+00,1.3381789070103247e+30,0.0000000000000000e+00,0.0000000000000000e+00,0.0000000000000000e+00,1.4622070601523098e+20,0.0000000000000000e+00,0.0000000000000000e+00,0.0000000000000000e+00,0.0000000000000000e+00,0.0000000000000000e+00,0.0000000000000000e+00,0.0000000000000000e+00,1.3333333333333335e+00,8.0614479476712673e+04,6.2435456629821858e-06,0.0000000000000000e+00,0.0000000000000000e+00,0.0000000000000000e+00,0.0000000000000000e+00,0.0000000000000000e+00,0.0000000000000000e+00,0.0000000000000000e+00,0.0000000000000000e+00,
0.0000000000000000e+00,2.5350000000000001e+01,1.5707963267948966e+00,3.1415926535897931e+00,1.0000000000000001e-01,3.1415926535897931e+00,6.2831853071795862e+00,-1.4659459036577653e+20,1.0000000000000000e+00,2.5350065746134337e+01,2.5350065746134337e+01,1.0000000000000000e+00,6.4262666666320865e+02,6.4262666666320865e+02,6.4262666666320865e+02,1.0000000000000000e+00,0.0000000000000000e+00,0.0000000000000000e+00,0.0000000000000000e+00,1.0000000000000000e+00,0.0000000000000000e+00,0.0000000000000000e+00,0.0000000000000000e+00,0.0000000000000000e+00,0.0000000000000000e+00,0.0000000000000000e+00,1.7213357909705864e+10,-7.3887711430983199e+18,0.0000000000000000e+00,0.0000000000000000e+00,2.1568965285654251e+30,0.0000000000000000e+00,1.7213357909705864e+10,-5.5719160288825233e+03,0.0000000000000000e+00,0.0000000000000000e+00,2.1542245003690515e+30,0.0000000000000000e+00,7.1807483345635022e+29,0.0000000000000000e+00,0.0000000000000000e+00,0.0000000000000000e+00,1.2514778185553614e+20,0.0000000000000000e+00,0.0000000000000000e+00,0.0000000000000000e+00,0.0000000000000000e+00,0.0000000000000000e+00,0.0000000000000000e+00,0.0000000000000000e+00,1.3333333333333335e+00,7.4579630491234813e+04,3.9334691907138886e-06,0.0000000000000000e+00,0.0000000000000000e+00,0.0000000000000000e+00,0.0000000000000000e+00,0.0000000000000000e+00,0.0000000000000000e+00,0.0000000000000000e+00,0.0000000000000000e+00,
0.0000000000000000e+00,2.8550000000000001e+01,1.5707963267948966e+00,3.1415926535897931e+00,1.0000000000000001e-01,3.1415926535897931e+00,6.2831853071795862e+00,-1.3016370877423339e+20,1.0000000000000000e+00,2.8550058377056491e+01,2.8550058377056491e+01,1.0000000000000000e+00,8.1510666666394047e+02,8.1510666666394047e+02,8.1510666666394047e+02,1.0000000000000000e+00,0.0000000000000000e+00,0.0000000000000000e+00,0.0000000000000000e+00,1.0000000000000000e+00,0.0000000000000000e+00,0.0000000000000000e+00,0.0000000000000000e+00,0.0000000000000000e+00,0.0000000000000000e+00,0.0000000000000000e+00,1.1486436066789629e+10,-5.8252696891784540e+18,0.0000000000000000e+00,0.0000000000000000e+00,1.2585145341425296e+30,0.0000000000000000e+00,1.1486436066789629e+10,-6.3821789698366447e+03,0.0000000000000000e+00,0.0000000000000000e+00,1.2561752098824159e+30,0.0000000000000000e+00,4.1872506996080503e+29,0.0000000000000000e+00,0.0000000000000000e+00,0.0000000000000000e+00,1.0936119027164868e+20,0.0000000000000000e+00,0.0000000000000000e+00,0.0000000000000000e+00,0.0000000000000000e+00,0.0000000000000000e+00,0.0000000000000000e+00,0.0000000000000000e+00,1.3333333333333335e+00,6.9717255889720211e+04,2.6373412300927421e-06,0.0000000000000000e+00,0.0000000000000000e+00,0.0000000000000000e+00,0.0000000000000000e+00,0.0000000000000000e+00,0.0000000000000000e+00,0.0000000000000000e+00,0.0000000000000000e+00,
0.0000000000000000e+00,3.1750000000000000e+01,1.5707963267948966e+00,3.1415926535897931e+00,1.0000000000000001e-01,3.1415926535897931e+00,6.2831853071795862e+00,-1.1704486969301187e+20,1.0000000000000000e+00,3.1750052493394925e+01,3.1750052493394925e+01,1.0000000000000000e+00,1.0080666666644622e+03,1.0080666666644622e+03,1.0080666666644622e+03,1.0000000000000000e+00,0.0000000000000000e+00,0.0000000000000000e+00,0.0000000000000000e+00,1.0000000000000000e+00,0.0000000000000000e+00,0.0000000000000000e+00,0.0000000000000000e+00,0.0000000000000000e+00,0.0000000000000000e+00,0.0000000000000000e+00,8.0369039872802744e+09,-4.7102166939395215e+18,0.0000000000000000e+00,0.0000000000000000e+00,7.8236925840184768e+29,0.0000000000000000e+00,8.0369039872802744e+09,-7.1976642971202482e+03,0.0000000000000000e+00,0.0000000000000000e+00,7.8028745503967831e+29,0.0000000000000000e+00,2.6009581834655940e+29,0.0000000000000000e+00,0.0000000000000000e+00,0.0000000000000000e+00,9.7087765483762237e+19,0.0000000000000000e+00,0.0000000000000000e+00,0.0000000000000000e+00,0.0000000000000000e+00,0.0000000000000000e+00,0.0000000000000000e+00,0.0000000000000000e+00,1.3333333333333335e+00,6.5688740973900363e+04,1.8546404153481398e-06,0.0000000000000000e+00,0.0000000000000000e+00,0.0000000000000000e+00,0.0000000000000000e+00,0.0000000000000000e+00,0.0000000000000000e+00,0.0000000000000000e+00,0.0000000000000000e+00,
0.0000000000000000e+00,3.4950000000000003e+01,1.5707963267948966e+00,3.1415926535897931e+00,1.0000000000000001e-01,3.1415926535897931e+00,6.2831853071795862e+00,-1.0632833045920527e+20,1.0000000000000000e+00,3.4950047687139616e+01,3.4950047687139616e+01,1.0000000000000000e+00,1.2215066666648477e+03,1.2215066666648477e+03,1.2215066666648477e+03,1.0000000000000000e+00,0.0000000000000000e+00,0.0000000000000000e+00,0.0000000000000000e+00,1.0000000000000000e+00,0.0000000000000000e+00,0.0000000000000000e+00,0.0000000000000000e+00,0.0000000000000000e+00,0.0000000000000000e+00,0.0000000000000000e+00,5.8363697738395805e+09,-3.8871746082409272e+18,0.0000000000000000e+00,0.0000000000000000e+00,5.1119976141705131e+29,0.0000000000000000e+00,5.8363697738395805e+09,-8.0198783834067335e+03,0.0000000000000000e+00,0.0000000000000000e+00,5.0932283809484797e+29,0.0000000000000000e+00,1.6977427936494934e+29,0.0000000000000000e+00,0.0000000000000000e+00,0.0000000000000000e+00,8.7266842467568959e+19,0.0000000000000000e+00,0.0000000000000000e+00,0.0000000000000000e+00,0.0000000000000000e+00,0.0000000000000000e+00,0.0000000000000000e+00,0.0000000000000000e+00,1.3333333333333335e+00,6.2277809225007863e+04,1.3543625702729613e-06,0.0000000000000000e+00,0.0000000000000000e+00,0.0000000000000000e+00,0.0000000000000000e+00,0.0000000000000000e+00,0.0000000000000000e+00,0.0000000000000000e+00,0.0000000000000000e+00,
0.0000000000000000e+00,3.8149999999999999e+01,1.5707963267948966e+00,3.1415926535897931e+00,1.0000000000000001e-01,3.1415926535897931e+00,6.2831853071795862e+00,-9.7409582097578131e+19,1.0000000000000000e+00,3.8150043687174637e+01,3.8150043687174637e+01,1.0000000000000000e+00,1.4554266666651395e+03,1.4554266666651395e+03,1.4554266666651395e+03,1.0000000000000000e+00,0.0000000000000000e+00,0.0000000000000000e+00,0.0000000000000000e+00,1.0000000000000000e+00,0.0000000000000000e+00,0.0000000000000000e+00,0.0000000000000000e+00,0.0000000000000000e+00,0.0000000000000000e+00,0.0000000000000000e+00,4.3669801034784889e+09,-3.2624162554411341e+18,0.0000000000000000e+00,0.0000000000000000e+00,3.4768500853990501e+29,0.0000000000000000e+00,4.3669801034784889e+09,-8.8505870417976876e+03,0.0000000000000000e+00,0.0000000000000000e+00,3.4597462369800752e+29,0.0000000000000000e+00,1.1532487456600250e+29,0.0000000000000000e+00,0.0000000000000000e+00,0.0000000000000000e+00,7.9224978207424430e+19,0.0000000000000000e+00,0.0000000000000000e+00,0.0000000000000000e+00,0.0000000000000000e+00,0.0000000000000000e+00,0.0000000000000000e+00,0.0000000000000000e+00,1.3333333333333335e+00,5.9338937737109642e+04,1.0198109585971463e-06,0.0000000000000000e+00,0.0000000000000000e+00,0.0000000000000000e+00,0.0000000000000000e+00,0.0000000000000000e+00,0.0000000000000000e+00,0.0000000000000000e+00,0.0000000000000000e+00,
0.0000000000000000e+00,4.1350000000000001e+01,1.5707963267948966e+00,3.1415926535897931e+00,1.0000000000000001e-01,3.1415926535897931e+00,6.2831853071795862e+00,-8.9871242408925004e+19,1.0000000000000000e+00,4.1350040306308451e+01,4.1350040306308451e+01,1.0000000000000000e+00,1.7098266666653672e+03,1.7098266666653672e+03,1.7098266666653672e+03,1.0000000000000000e+00,0.0000000000000000e+00,0.0000000000000000e+00,0.0000000000000000e+00,1.0000000000000000e+00,0.0000000000000000e+00,0.0000000000000000e+00,0.0000000000000000e+00,0.0000000000000000e+00,0.0000000000000000e+00,0.0000000000000000e+00,3.3485688271627412e+09,-2.7770101440587361e+18,0.0000000000000000e+00,0.0000000000000000e+00,2.4439103923989122e+29,0.0000000000000000e+00,3.3485688271627412e+09,-9.6918600984084424e+03,0.0000000000000000e+00,0.0000000000000000e+00,2.4281835257952687e+29,0.0000000000000000e+00,8.0939450859842277e+28,0.0000000000000000e+00,0.0000000000000000e+00,0.0000000000000000e+00,7.2513941820758450e+19,0.0000000000000000e+00,0.0000000000000000e+00,0.0000000000000000e+00,0.0000000000000000e+00,0.0000000000000000e+00,0.0000000000000000e+00,0.0000000000000000e+00,1.3333333333333335e+00,5.6770074739273463e+04,7.8769016417421477e-07,0.0000000000000000e+00,0.0000000000000000e+00,0.0000000000000000e+00,0.0000000000000000e+00,0.0000000000000000e+00,0.0000000000000000e+00,0.0000000000000000e+00,0.0000000000000000e+00,
0.0000000000000000e+00,4.4549999999999997e+01,1.5707963267948966e+00,3.1415926535897931e+00,1.0000000000000001e-01,3.1415926535897931e+00,6.2831853071795862e+00,-8.3415850156180324e+19,1.0000000000000000e+00,4.4550037411132813e+01,4.4550037411132813e+01,1.0000000000000000e+00,1.9847066666655469e+03,1.9847066666655469e+03,1.9847066666655469e+03,1.0000000000000000e+00,0.0000000000000000e+00,0.0000000000000000e+00,0.0000000000000000e+00,1.0000000000000000e+00,0.0000000000000000e+00,0.0000000000000000e+00,0.0000000000000000e+00,0.0000000000000000e+00,0.0000000000000000e+00,0.0000000000000000e+00,2.6205165552782397e+09,-2.3923962143200179e+18,0.0000000000000000e+00,0.0000000000000000e+00,1.7657025781133669e+29,0.0000000000000000e+00,2.6205165552782397e+09,-1.0546131913758200e+04,0.0000000000000000e+00,0.0000000000000000e+00,1.7511298056837115e+29,0.0000000000000000e+00,5.8370993522790368e+28,0.0000000000000000e+00,0.0000000000000000e+00,0.0000000000000000e+00,6.6823739541026619e+19,0.0000000000000000e+00,0.0000000000000000e+00,0.0000000000000000e+00,0.0000000000000000e+00,0.0000000000000000e+00,0.0000000000000000e+00,0.0000000000000000e+00,1.3333333333333335e+00,5.4497188967187038e+04,6.2163891561881965e-07,0.0000000000000000e+00,0.0000000000000000e+00,0.0000000000000000e+00,0.0000000000000000e+00,0.0000000000000000e+00,0.0000000000000000e+00,0.0000000000000000e+00,0.0000000000000000e+00,
0.0000000000000000e+00,4.7750000000000000e+01,1.5707963267948966e+00,3.1415926535897931e+00,1.0000000000000001e-01,3.1415926535897931e+00,6.2831853071795862e+00,-7.7825682232147722e+19,1.0000000000000000e+00,4.7750034904001218e+01,4.7750034904001218e+01,1.0000000000000000e+00,2.2800666666656916e+03,2.2800666666656916e+03,2.2800666666656916e+03,1.0000000000000000e+00,0.0000000000000000e+00,0.0000000000000000e+00,0.0000000000000000e+00,1.0000000000000000e+00,0.0000000000000000e+00,0.0000000000000000e+00,0.0000000000000000e+00,0.0000000000000000e+00,0.0000000000000000e+00,0.0000000000000000e+00,2.0862264057633924e+09,-2.0824845835634634e+18,0.0000000000000000e+00,0.0000000000000000e+00,1.3056599100522856e+29,0.0000000000000000e+00,2.0862264057633924e+09,-1.1416283875395146e+04,0.0000000000000000e+00,0.0000000000000000e+00,1.2920648862851711e+29,0.0000000000000000e+00,4.3068829542839038e+28,0.0000000000000000e+00,0.0000000000000000e+00,0.0000000000000000e+00,6.1933028023143621e+19,0.0000000000000000e+00,0.0000000000000000e+00,0.0000000000000000e+00,0.0000000000000000e+00,0.0000000000000000e+00,0.0000000000000000e+00,0.0000000000000000e+00,1.3333333333333337e+00,5.2465023788545863e+04,4.9975430090063403e-07,0.0000000000000000e+00,0.0000000000000000e+00,0.0000000000000000e+00,0.0000000000000000e+00,0.0000000000000000e+00,0.0000000000000000e+00,0.0000000000000000e+00,0.0000000000000000e+00,
0.0000000000000000e+00,5.0950000000000003e+01,1.5707963267948966e+00,3.1415926535897931e+00,1.0000000000000001e-01,3.1415926535897931e+00,6.2831853071795862e+00,-7.2937713284342833e+19,1.0000000000000000e+00,5.0950032711798464e+01,5.0950032711798464e+01,1.0000000000000000e+00,2.5959066666658109e+03,2.5959066666658109e+03,2.5959066666658109e+03,1.0000000000000000e+00,0.0000000000000000e+00,0.0000000000000000e+00,0.0000000000000000e+00,1.0000000000000000e+00,0.0000000000000000e+00,0.0000000000000000e+00,0.0000000000000000e+00,0.0000000000000000e+00,0.0000000000000000e+00,0.0000000000000000e+00,1.6852208806329534e+09,-1.8291115390332925e+18,0.0000000000000000e+00,0.0000000000000000e+00,9.8478633693675877e+28,0.0000000000000000e+00,1.6852208806329534e+09,-1.2305757906478111e+04,0.0000000000000000e+00,0.0000000000000000e+00,9.7202657156373244e+28,0.0000000000000000e+00,3.2400885718791081e+28,0.0000000000000000e+00,0.0000000000000000e+00,0.0000000000000000e+00,5.7679408896418693e+19,0.0000000000000000e+00,0.0000000000000000e+00,0.0000000000000000e+00,0.0000000000000000e+00,0.0000000000000000e+00,0.0000000000000000e+00,0.0000000000000000e+00,1.3333333333333337e+00,5.0631304902753691e+04,4.0830733581752280e-07,0.0000000000000000e+00,0.0000000000000000e+00,0.0000000000000000e+00,0.0000000000000000e+00,0.0000000000000000e+00,0.0000000000000000e+00,0.0000000000000000e+00,0.0000000000000000e+00,
0.0000000000000000e+00,5.3950000000000003e+01,1.5707963267948966e+00,3.1415926535897931e+00,1.0000000000000001e-01,3.1415926535897931e+00,6.2831853071795862e+00,-6.8881865075490734e+19,1.0000000000000000e+00,5.3950030892793137e+01,5.3950030892793137e+01,1.0000000000000000e+00,2.9106066666659035e+03,2.9106066666659035e+03,2.9106066666659035e+03,1.0000000000000000e+00,0.0000000000000000e+00,0.0000000000000000e+00,0.0000000000000000e+00,1.0000000000000000e+00,0.0000000000000000e+00,0.0000000000000000e+00,0.0000000000000000e+00,0.0000000000000000e+00,0.0000000000000000e+00,0.0000000000000000e+00,1.3783144855915501e+09,-1.6313445005840671e+18,0.0000000000000000e+00,0.0000000000000000e+00,7.5551758315045234e+28,0.0000000000000000e+00,1.3783144855915501e+09,-1.3218714949645009e+04,0.0000000000000000e+00,0.0000000000000000e+00,7.4347565573127080e+28,0.0000000000000000e+00,2.4782521857709019e+28,0.0000000000000000e+00,0.0000000000000000e+00,0.0000000000000000e+00,5.3940874388674691e+19,0.0000000000000000e+00,0.0000000000000000e+00,0.0000000000000000e+00,0.0000000000000000e+00,0.0000000000000000e+00,0.0000000000000000e+00,0.0000000000000000e+00,1.3333333333333335e+00,4.8962965474350298e+04,3.3839766691023703e-07,0.0000000000000000e+00,0.0000000000000000e+00,0.0000000000000000e+00,0.0000000000000000e+00,0.0000000000000000e+00,0.0000000000000000e+00,0.0000000000000000e+00,0.0000000000000000e+00,
0.0000000000000000e+00,5.6950000000000003e+01,1.5707963267948966e+00,3.1415926535897931e+00,1.0000000000000001e-01,3.1415926535897931e+00,6.2831853071795862e+00,-6.5253322738651193e+19,1.0000000000000000e+00,5.6950029265430004e+01,5.6950029265430004e+01,1.0000000000000000e+00,3.2433066666659820e+03,3.2433066666659820e+03,3.2433066666659820e+03,1.0000000000000000e+00,0.0000000000000000e+00,0.0000000000000000e+00,0.0000000000000000e+00,1.0000000000000000e+00,0.0000000000000000e+00,0.0000000000000000e+00,0.0000000000000000e+00,0.0000000000000000e+00,0.0000000000000000e+00,0.0000000000000000e+00,1.1526680220609360e+09,-1.4640002038708439e+18,0.0000000000000000e+00,0.0000000000000000e+00,5.9724793640560143e+28,0.0000000000000000e+00,1.1526680220609360e+09,-1.4100463420645245e+04,0.0000000000000000e+00,0.0000000000000000e+00,5.8578910599123970e+28,0.0000000000000000e+00,1.9526303533041317e+28,0.0000000000000000e+00,0.0000000000000000e+00,0.0000000000000000e+00,5.0820231318592782e+19,0.0000000000000000e+00,0.0000000000000000e+00,0.0000000000000000e+00,0.0000000000000000e+00,0.0000000000000000e+00,0.0000000000000000e+00,0.0000000000000000e+00,1.3333333333333335e+00,4.7525538087414025e+04,2.8710906065014762e-07,0.0000000000000000e+00,0.0000000000000000e+00,0.0000000000000000e+00,0.0000000000000000e+00,0.0000000000000000e+00,0.0000000000000000e+00,0.0000000000000000e+00,0.0000000000000000e+00,
0.0000000000000000e+00,5.9950000000000003e+01,1.5707963267948966e+00,3.1415926535897931e+00,1.0000000000000001e-01,3.1415926535897931e+00,6.2831853071795862e+00,-6.1987936999802143e+19,1.0000000000000000e+00,5.9950027800938784e+01,5.9950027800938784e+01,1.0000000000000000e+00,3.5940066666660487e+03,3.5940066666660487e+03,3.5940066666660487e+03,1.0000000000000000e+00,0.0000000000000000e+00,0.0000000000000000e+00,0.0000000000000000e+00,1.0000000000000000e+00,0.0000000000000000e+00,0.0000000000000000e+00,0.0000000000000000e+00,0.0000000000000000e+00,0.0000000000000000e+00,0.0000000000000000e+00,9.7177008939365697e+08,-1.3211442229830024e+18,0.0000000000000000e+00,0.0000000000000000e+00,4.7748863501668453e+28,0.0000000000000000e+00,9.7177008939365697e+08,-1.5012540264811165e+04,0.0000000000000000e+00,0.0000000000000000e+00,4.6653795157588319e+28,0.0000000000000000e+00,1.5551265052529435e+28,0.0000000000000000e+00,0.0000000000000000e+00,0.0000000000000000e+00,4.8009046042874659e+19,0.0000000000000000e+00,0.0000000000000000e+00,0.0000000000000000e+00,0.0000000000000000e+00,0.0000000000000000e+00,0.0000000000000000e+00,0.0000000000000000e+00,1.3333333333333335e+00,4.6192371951403526e+04,8.5189816284231379e-01,0.0000000000000000e+00,0.0000000000000000e+00,0.0000000000000000e+00,0.0000000000000000e+00,0.0000000000000000e+00,0.0000000000000000e+00,0.0000000000000000e+00,0.0000000000000000e+00,
0.0000000000000000e+00,6.2950000000000003e+01,1.5707963267948966e+00,3.1415926535897931e+00,1.0000000000000001e-01,3.1415926535897931e+00,6.2831853071795862e+00,-5.9033787185216365e+19,1.0000000000000000e+00,6.2950026476033614e+01,6.2950026476033614e+01,1.0000000000000000e+00,3.9627066666661058e+03,3.9627066666661058e+03,3.9627066666661058e+03,1.0000000000000000e+00,0.0000000000000000e+00,0.0000000000000000e+00,0.0000000000000000e+00,1.0000000000000000e+00,0.0000000000000000e+00,0.0000000000000000e+00,0.0000000000000000e+00,0.0000000000000000e+00,0.0000000000000000e+00,0.0000000000000000e+00,1.1873532701952063e+08,-1.1982216032359191e+18,0.0000000000000000e+00,0.0000000000000000e+00,7.3362320368992123e+27,0.0000000000000000e+00,1.1873532701952063e+08,-1.0830488019317020e+05,0.0000000000000000e+00,0.0000000000000000e+00,3.5015600910737703e+25,0.0000000000000000e+00,1.1671866970245895e+25,0.0000000000000000e+00,0.0000000000000000e+00,0.0000000000000000e+00,2.9490304204283322e+17,0.0000000000000000e+00,0.0000000000000000e+00,0.0000000000000000e+00,0.0000000000000000e+00,0.0000000000000000e+00,0.0000000000000000e+00,0.0000000000000000e+00,1.3333333333333335e+00,3.6203309083266672e+03,8.5149457418350283e-01,0.0000000000000000e+00,0.0000000000000000e+00,0.0000000000000000e+00,0.0000000000000000e+00,0.0000000000000000e+00,0.0000000000000000e+00,0.0000000000000000e+00,0.0000000000000000e+00,
0.0000000000000000e+00,6.5950000000000003e+01,1.5707963267948966e+00,3.1415926535897931e+00,1.0000000000000001e-01,3.1415926535897931e+00,6.2831853071795862e+00,-5.6348399890685944e+19,1.0000000000000000e+00,6.5950025271665609e+01,6.5950025271665609e+01,1.0000000000000000e+00,4.3494066666661556e+03,4.3494066666661556e+03,4.3494066666661556e+03,1.0000000000000000e+00,0.0000000000000000e+00,0.0000000000000000e+00,0.0000000000000000e+00,1.0000000000000000e+00,0.0000000000000000e+00,0.0000000000000000e+00,0.0000000000000000e+00,0.0000000000000000e+00,0.0000000000000000e+00,0.0000000000000000e+00,1.1037129705498175e+08,-1.0916892220193393e+18,0.0000000000000000e+00,0.0000000000000000e+00,6.4947150396264896e+27,0.0000000000000000e+00,1.1037129705498175e+08,-1.0580470261558527e+05,0.0000000000000000e+00,0.0000000000000000e+00,3.1765777592375510e+25,0.0000000000000000e+00,1.0588592530791834e+25,0.0000000000000000e+00,0.0000000000000000e+00,0.0000000000000000e+00,2.8780827494696304e+17,0.0000000000000000e+00,0.0000000000000000e+00,0.0000000000000000e+00,0.0000000000000000e+00,0.0000000000000000e+00,0.0000000000000000e+00,0.0000000000000000e+00,1.3333333333333335e+00,3.5765176805529140e+03,5.7338378201347185e-08,0.0000000000000000e+00,0.0000000000000000e+00,0.0000000000000000e+00,0.0000000000000000e+00,0.0000000000000000e+00,0.0000000000000000e+00,0.0000000000000000e+00,0.0000000000000000e+00,
0.0000000000000000e+00,6.8950000000000003e+01,1.5707963267948966e+00,3.1415926535897931e+00,1.0000000000000001e-01,3.1415926535897931e+00,6.2831853071795862e+00,-5.3896693740414517e+19,1.0000000000000000e+00,6.8950024172101138e+01,6.8950024172101138e+01,1.0000000000000000e+00,4.7541066666661991e+03,4.7541066666661991e+03,4.7541066666661991e+03,1.0000000000000000e+00,0.0000000000000000e+00,0.0000000000000000e+00,0.0000000000000000e+00,1.0000000000000000e+00,0.0000000000000000e+00,0.0000000000000000e+00,0.0000000000000000e+00,0.0000000000000000e+00,0.0000000000000000e+00,0.0000000000000000e+00,1.0294566440154253e+08,-9.9875758019878682e+17,0.0000000000000000e+00,0.0000000000000000e+00,5.7823930940282742e+27,0.0000000000000000e+00,1.0294566440154253e+08,-1.0346952605912938e+05,0.0000000000000000e+00,0.0000000000000000e+00,2.8948676044159922e+25,0.0000000000000000e+00,9.6495586813866395e+24,0.0000000000000000e+00,0.0000000000000000e+00,0.0000000000000000e+00,2.8120341030825389e+17,0.0000000000000000e+00,0.0000000000000000e+00,0.0000000000000000e+00,0.0000000000000000e+00,0.0000000000000000e+00,0.0000000000000000e+00,0.0000000000000000e+00,1.3333333333333335e+00,3.5352410381980662e+03,4.9883046276527093e-08,0.0000000000000000e+00,0.0000000000000000e+00,0.0000000000000000e+00,0.0000000000000000e+00,0.0000000000000000e+00,0.0000000000000000e+00,0.0000000000000000e+00,0.0000000000000000e+00,
0.0000000000000000e+00,7.1950000000000003e+01,1.5707963267948966e+00,3.1415926535897931e+00,1.0000000000000001e-01,3.1415926535897931e+00,6.2831853071795862e+00,-5.1649438312578654e+19,1.0000000000000000e+00,7.1950023164230686e+01,7.1950023164230686e+01,1.0000000000000000e+00,5.1768066666662362e+03,5.1768066666662362e+03,5.1768066666662362e+03,1.0000000000000000e+00,0.0000000000000000e+00,0.0000000000000000e+00,0.0000000000000000e+00,1.0000000000000000e+00,0.0000000000000000e+00,0.0000000000000000e+00,0.0000000000000000e+00,0.0000000000000000e+00,0.0000000000000000e+00,0.0000000000000000e+00,9.6317351820988968e+07,-9.1720632125262362e+17,0.0000000000000000e+00,0.0000000000000000e+00,5.1748399846955294e+27,0.0000000000000000e+00,9.6317351820988968e+07,-1.0128196507841215e+05,0.0000000000000000e+00,0.0000000000000000e+00,2.6490531147102073e+25,0.0000000000000000e+00,8.8301770490340222e+24,0.0000000000000000e+00,0.0000000000000000e+00,0.0000000000000000e+00,2.7503380420771824e+17,0.0000000000000000e+00,0.0000000000000000e+00,0.0000000000000000e+00,0.0000000000000000e+00,0.0000000000000000e+00,0.0000000000000000e+00,0.0000000000000000e+00,1.3333333333333335e+00,3.4962443418947337e+03,4.3666118287990269e-08,0.0000000000000000e+00,0.0000000000000000e+00,0.0000000000000000e+00,0.0000000000000000e+00,0.0000000000000000e+00,0.0000000000000000e+00,0.0000000000000000e+00,0.0000000000000000e+00,
0.0000000000000000e+00,7.4950000000000003e+01,1.5707963267948966e+00,3.1415926535897931e+00,1.0000000000000001e-01,3.1415926535897931e+00,6.2831853071795862e+00,-4.9582083169050640e+19,1.0000000000000000e+00,7.4950022237043612e+01,7.4950022237043612e+01,1.0000000000000000e+00,5.6175066666662706e+03,5.6175066666662706e+03,5.6175066666662706e+03,1.0000000000000000e+00,0.0000000000000000e+00,0.0000000000000000e+00,0.0000000000000000e+00,1.0000000000000000e+00,0.0000000000000000e+00,0.0000000000000000e+00,0.0000000000000000e+00,0.0000000000000000e+00,0.0000000000000000e+00,0.0000000000000000e+00,9.0371428117773712e+07,-8.4525036470205094e+17,0.0000000000000000e+00,0.0000000000000000e+00,4.6530453525664861e+27,0.0000000000000000e+00,9.0371428117773712e+07,-9.9227095241963412e+04,0.0000000000000000e+00,0.0000000000000000e+00,2.4332840666945731e+25,0.0000000000000000e+00,8.1109468889819087e+24,0.0000000000000000e+00,0.0000000000000000e+00,0.0000000000000000e+00,2.6925365960253770e+17,0.0000000000000000e+00,0.0000000000000000e+00,0.0000000000000000e+00,0.0000000000000000e+00,0.0000000000000000e+00,0.0000000000000000e+00,0.0000000000000000e+00,1.3333333333333335e+00,3.4593105087409940e+03,3.8440779386098885e-08,0.0000000000000000e+00,0.0000000000000000e+00,0.0000000000000000e+00,0.0000000000000000e+00,0.0000000000000000e+00,0.0000000000000000e+00,0.0000000000000000e+00,0.0000000000000000e+00,
0.0000000000000000e+00,7.7950000000000003e+01,1.5707963267948966e+00,3.1415926535897931e+00,1.0000000000000001e-01,3.1415926535897931e+00,6.2831853071795862e+00,-4.7673857282067046e+19,1.0000000000000000e+00,7.7950021381224360e+01,7.7950021381224360e+01,1.0000000000000000e+00,6.0762066666663004e+03,6.0762066666663004e+03,6.0762066666663004e+03,1.0000000000000000e+00,0.0000000000000000e+00,0.0000000000000000e+00,0.0000000000000000e+00,1.0000000000000000e+00,0.0000000000000000e+00,0.0000000000000000e+00,0.0000000000000000e+00,0.0000000000000000e+00,0.0000000000000000e+00,0.0000000000000000e+00,8.5013420067109272e+07,-7.8144138382712461e+17,0.0000000000000000e+00,0.0000000000000000e+00,4.2020507688272560e+27,0.0000000000000000e+00,8.5013420067109272e+07,-9.7292022610482134e+04,0.0000000000000000e+00,0.0000000000000000e+00,2.2428553567359482e+25,0.0000000000000000e+00,7.4761845224531592e+24,0.0000000000000000e+00,0.0000000000000000e+00,0.0000000000000000e+00,2.6382365356965782e+17,0.0000000000000000e+00,0.0000000000000000e+00,0.0000000000000000e+00,0.0000000000000000e+00,0.0000000000000000e+00,0.0000000000000000e+00,0.0000000000000000e+00,1.3333333333333335e+00,3.4242511014878874e+03,3.4016959183097993e-08,0.0000000000000000e+00,0.0000000000000000e+00,0.0000000000000000e+00,0.0000000000000000e+00,0.0000000000000000e+00,0.0000000000000000e+00,0.0000000000000000e+00,0.0000000000000000e+00,
0.0000000000000000e+00,8.0950000000000003e+01,1.5707963267948966e+00,3.1415926535897931e+00,1.0000000000000001e-01,3.1415926535897931e+00,6.2831853071795862e+00,-4.5907068711714144e+19,1.0000000000000000e+00,8.0950020588838214e+01,8.0950020588838214e+01,1.0000000000000000e+00,6.5529066666663275e+03,6.5529066666663275e+03,6.5529066666663275e+03,1.0000000000000000e+00,0.0000000000000000e+00,0.0000000000000000e+00,0.0000000000000000e+00,1.0000000000000000e+00,0.0000000000000000e+00,0.0000000000000000e+00,0.0000000000000000e+00,0.0000000000000000e+00,0.0000000000000000e+00,0.0000000000000000e+00,8.0165031074028447e+07,-7.2459435149330534e+17,0.0000000000000000e+00,0.0000000000000000e+00,3.8099672991185126e+27,0.0000000000000000e+00,8.0165031074028447e+07,-9.5465541826213739e+04,0.0000000000000000e+00,0.0000000000000000e+00,2.0739481776623182e+25,0.0000000000000000e+00,6.9131605922077265e+24,0.0000000000000000e+00,0.0000000000000000e+00,0.0000000000000000e+00,2.5870980621019619e+17,0.0000000000000000e+00,0.0000000000000000e+00,0.0000000000000000e+00,0.0000000000000000e+00,0.0000000000000000e+00,0.0000000000000000e+00,0.0000000000000000e+00,1.3333333333333335e+00,3.3909015779397987e+03,3.0246690866676799e-08,0.0000000000000000e+00,0.0000000000000000e+00,0.0000000000000000e+00,0.0000000000000000e+00,0.0000000000000000e+00,0.0000000000000000e+00,0.0000000000000000e+00,0.0000000000000000e+00,
0.0000000000000000e+00,8.3950000000000003e+01,1.5707963267948966e+00,3.1415926535897931e+00,1.0000000000000001e-01,3.1415926535897931e+00,6.2831853071795862e+00,-4.4266554441763602e+19,1.0000000000000000e+00,8.3950019853084797e+01,8.3950019853084797e+01,1.0000000000000000e+00,7.0476066666663492e+03,7.0476066666663492e+03,7.0476066666663492e+03,1.0000000000000000e+00,0.0000000000000000e+00,0.0000000000000000e+00,0.0000000000000000e+00,1.0000000000000000e+00,0.0000000000000000e+00,0.0000000000000000e+00,0.0000000000000000e+00,0.0000000000000000e+00,0.0000000000000000e+00,0.0000000000000000e+00,7.5760879867569953e+07,-6.7373212092645018e+17,0.0000000000000000e+00,0.0000000000000000e+00,3.4672579936224729e+27,0.0000000000000000e+00,7.5760879867569953e+07,-9.3737862035640501e+04,0.0000000000000000e+00,0.0000000000000000e+00,1.9234369626050066e+25,0.0000000000000000e+00,6.4114565420166861e+24,0.0000000000000000e+00,0.0000000000000000e+00,0.0000000000000000e+00,2.5388258206884986e+17,0.0000000000000000e+00,0.0000000000000000e+00,0.0000000000000000e+00,0.0000000000000000e+00,0.0000000000000000e+00,0.0000000000000000e+00,0.0000000000000000e+00,1.3333333333333335e+00,3.3591174770957527e+03,2.7013612943534559e-08,0.0000000000000000e+00,0.0000000000000000e+00,0.0000000000000000e+00,0.0000000000000000e+00,0.0000000000000000e+00,0.0000000000000000e+00,0.0000000000000000e+00,0.0000000000000000e+00,
0.0000000000000000e+00,8.6950000000000003e+01,1.5707963267948966e+00,3.1415926535897931e+00,1.0000000000000001e-01,3.1415926535897931e+00,6.2831853071795862e+00,-4.2739244107933311e+19,1.0000000000000000e+00,8.6950019168102173e+01,8.6950019168102173e+01,1.0000000000000000e+00,7.5603066666663726e+03,7.5603066666663726e+03,7.5603066666663726e+03,1.0000000000000000e+00,0.0000000000000000e+00,0.0000000000000000e+00,0.0000000000000000e+00,1.0000000000000000e+00,0.0000000000000000e+00,0.0000000000000000e+00,0.0000000000000000e+00,0.0000000000000000e+00,0.0000000000000000e+00,0.0000000000000000e+00,7.1745988741829887e+07,-6.2804315275026278e+17,0.0000000000000000e+00,0.0000000000000000e+00,3.1662071582555230e+27,0.0000000000000000e+00,7.1745988741829887e+07,-9.2100385293798885e+04,0.0000000000000000e+00,0.0000000000000000e+00,1.7887436676737211e+25,0.0000000000000000e+00,5.9624788922457348e+24,0.0000000000000000e+00,0.0000000000000000e+00,0.0000000000000000e+00,2.4931616961290086e+17,0.0000000000000000e+00,0.0000000000000000e+00,0.0000000000000000e+00,0.0000000000000000e+00,0.0000000000000000e+00,0.0000000000000000e+00,0.0000000000000000e+00,1.3333333333333335e+00,3.3287713300817913e+03,2.4225346170933682e-08,0.0000000000000000e+00,0.0000000000000000e+00,0.0000000000000000e+00,0.0000000000000000e+00,0.0000000000000000e+00,0.0000000000000000e+00,0.0000000000000000e+00,0.0000000000000000e+00,
0.0000000000000000e+00,8.9950000000000003e+01,1.5707963267948966e+00,3.1415926535897931e+00,1.0000000000000001e-01,3.1415926535897931e+00,6.2831853071795862e+00,-4.1313811028927480e+19,1.0000000000000000e+00,8.9950018528810403e+01,8.9950018528810403e+01,1.0000000000000000e+00,8.0910066666663924e+03,8.0910066666663924e+03,8.0910066666663924e+03,1.0000000000000000e+00,0.0000000000000000e+00,0.0000000000000000e+00,0.0000000000000000e+00,1.0000000000000000e+00,0.0000000000000000e+00,0.0000000000000000e+00,0.0000000000000000e+00,0.0000000000000000e+00,0.0000000000000000e+00,0.0000000000000000e+00,6.8073829367040977e+07,-5.8684894142279693e+17,0.0000000000000000e+00,0.0000000000000000e+00,2.9005231568887709e+27,0.0000000000000000e+00,6.8073829367040977e+07,-9.0545525972663148e+04,0.0000000000000000e+00,0.0000000000000000e+00,1.6677265772828145e+25,0.0000000000000000e+00,5.5590885909427139e+24,0.0000000000000000e+00,0.0000000000000000e+00,0.0000000000000000e+00,2.4498789852006202e+17,0.0000000000000000e+00,0.0000000000000000e+00,0.0000000000000000e+00,0.0000000000000000e+00,0.0000000000000000e+00,0.0000000000000000e+00,0.0000000000000000e+00,1.3333333333333335e+00,3.2997501376150262e+03,2.1807970088657926e-08,0.0000000000000000e+00,0.0000000000000000e+00,0.0000000000000000e+00,0.0000000000000000e+00,0.0000000000000000e+00,0.0000000000000000e+00,0.0000000000000000e+00,0.0000000000000000e+00,

