1
1
61
0
(18 0
((0) (15) (0))
((16) (31) (0))
((32) (47) (0))
((48) (63) (0))
((64) (79) (0))
((80) (95) (0))
((96) (111) (0))
((112) (127) (0))
((128) (143) (0))
((144) (159) (0))
((160) (175) (0))
((176) (191) (0))
((192) (207) (0))
((208) (223) (0))
((224) (239) (0))
((240) (255) (0))
((256) (271) (0))
((272) (279) (0))
)
18
FabOnDisk: Cell_D_00002 0
FabOnDisk: Cell_D_00003 0
FabOnDisk: Cell_D_00004 0
FabOnDisk: Cell_D_00005 0
FabOnDisk: Cell_D_00006 0
FabOnDisk: Cell_D_00007 0
FabOnDisk: Cell_D_00008 0
FabOnDisk: Cell_D_00009 0
FabOnDisk: Cell_D_00010 0
FabOnDisk: Cell_D_00011 0
FabOnDisk: Cell_D_00000 0
FabOnDisk: Cell_D_00000 7887
FabOnDisk: Cell_D_00012 0
FabOnDisk: Cell_D_00013 0
FabOnDisk: Cell_D_00014 0
FabOnDisk: Cell_D_00015 0
FabOnDisk: Cell_D_00001 0
FabOnDisk: Cell_D_00001 7887

18,61
2.0000000000000000e+00,2.0125000000000000e+01,1.5707963267948966e+00,3.1415926535897931e+00,2.5000000000000000e-01,3.1415926535897931e+00,6.2831853071795862e+00,0.0000000000000000e+00,1.1806830436964828e+00,2.4472557353775869e+01,2.4472557353775869e+01,1.3940127732517964e+00,5.9891116231074591e+02,5.9891116231074591e+02,7.2827796945082957e+02,8.1368490762336010e-01,0.0000000000000000e+00,0.0000000000000000e+00,0.0000000000000000e+00,1.0865923684542640e+00,0.0000000000000000e+00,0.0000000000000000e+00,0.0000000000000000e+00,0.0000000000000000e+00,0.0000000000000000e+00,0.0000000000000000e+00,1.5439702133001425e+10,-1.4561685536153207e+19,0.0000000000000000e+00,0.0000000000000000e+00,1.9739013138657233e+30,0.0000000000000000e+00,1.5437881276335709e+10,-3.8996324362142504e+03,0.0000000000000000e+00,0.0000000000000000e+00,1.9716444639938352e+30,0.0000000000000000e+00,6.5721482133127811e+29,0.0000000000000000e+00,0.0000000000000000e+00,0.0000000000000000e+00,1.2771048804784716e+20,0.0000000000000000e+00,0.0000000000000000e+00,0.0000000000000000e+00,0.0000000000000000e+00,0.0000000000000000e+00,0.0000000000000000e+00,0.0000000000000000e+00,1.3333333333333330e+00,6.9078969952618310e+04,6.3535850410901144e-05,0.0000000000000000e+00,0.0000000000000000e+00,0.0000000000000000e+00,0.0000000000000000e+00,0.0000000000000000e+00,0.0000000000000000e+00,0.0000000000000000e+00,0.0000000000000000e+00,
3.0000000000000000e+00,2.4125000000000000e+01,1.5707963267948966e+00,3.1415926535897931e+00,2.5000000000000000e-01,3.1415926535897931e+00,6.2831853071795862e+00,0.0000000000000000e+00,1.1538339648024871e+00,2.8437301002882482e+01,2.8437301002882482e+01,1.3313329885087524e+00,8.0868522036034892e+02,8.0868522036034892e+02,9.5322232867217349e+02,8.4213801485859507e-01,0.0000000000000000e+00,0.0000000000000000e+00,0.0000000000000000e+00,1.0741666201903635e+00,0.0000000000000000e+00,0.0000000000000000e+00,0.0000000000000000e+00,0.0000000000000000e+00,0.0000000000000000e+00,0.0000000000000000e+00,9.3000743522883930e+09,-9.7591786303139205e+18,0.0000000000000000e+00,0.0000000000000000e+00,1.0048998646500749e+30,0.0000000000000000e+00,9.2983777216543179e+09,-4.9628818483955556e+03,0.0000000000000000e+00,0.0000000000000000e+00,1.0028867175706400e+30,0.0000000000000000e+00,3.3429557252354656e+29,0.0000000000000000e+00,0.0000000000000000e+00,0.0000000000000000e+00,1.0785354248389414e+20,0.0000000000000000e+00,0.0000000000000000e+00,0.0000000000000000e+00,0.0000000000000000e+00,0.0000000000000000e+00,0.0000000000000000e+00,0.0000000000000000e+00,1.3333333333333330e+00,6.4282923570751365e+04,3.8645171907216781e-05,0.0000000000000000e+00,0.0000000000000000e+00,0.0000000000000000e+00,0.0000000000000000e+00,0.0000000000000000e+00,0.0000000000000000e+00,0.0000000000000000e+00,0.0000000000000000e+00,
4.0000000000000000e+00,2.8125000000000000e+01,1.5707963267948966e+00,3.1415926535897931e+00,2.5000000000000000e-01,3.1415926535897931e+00,6.2831853071795862e+00,0.0000000000000000e+00,1.1339257340276943e+00,3.2412068916735890e+01,3.2412068916735890e+01,1.2857876681036213e+00,1.0505473635950732e+03,1.0505473635950732e+03,1.2106679101280718e+03,8.6305201747001670e-01,0.0000000000000000e+00,0.0000000000000000e+00,0.0000000000000000e+00,1.0648594801488285e+00,0.0000000000000000e+00,0.0000000000000000e+00,0.0000000000000000e+00,0.0000000000000000e+00,0.0000000000000000e+00,0.0000000000000000e+00,6.0212837571373577e+09,-6.9929456397256940e+18,0.0000000000000000e+00,0.0000000000000000e+00,5.6347730651481173e+29,0.0000000000000000e+00,6.0197008787429190e+09,-6.0619147952379972e+03,0.0000000000000000e+00,0.0000000000000000e+00,5.6166043053417020e+29,0.0000000000000000e+00,1.8722014351139001e+29,0.0000000000000000e+00,0.0000000000000000e+00,0.0000000000000000e+00,9.3302045905079665e+19,0.0000000000000000e+00,0.0000000000000000e+00,0.0000000000000000e+00,0.0000000000000000e+00,0.0000000000000000e+00,0.0000000000000000e+00,0.0000000000000000e+00,1.3333333333333330e+00,6.0353617744409719e+04,2.5256949690262090e-05,0.0000000000000000e+00,0.0000000000000000e+00,0.0000000000000000e+00,0.0000000000000000e+00,0.0000000000000000e+00,0.0000000000000000e+00,0.0000000000000000e+00,0.0000000000000000e+00,
5.0000000000000000e+00,3.2125000000000000e+01,1.5707963267948966e+00,3.1415926535897931e+00,2.5000000000000000e-01,3.1415926535897931e+00,6.2831853071795862e+00,0.0000000000000000e+00,1.1185765589913594e+00,3.6393117904780240e+01,3.6393117904780240e+01,1.2512135784576857e+00,1.3244641960568567e+03,1.3244641960568567e+03,1.5004190219540401e+03,8.7907279659245507e-01,0.0000000000000000e+00,0.0000000000000000e+00,0.0000000000000000e+00,1.0576277915939833e+00,0.0000000000000000e+00,0.0000000000000000e+00,0.0000000000000000e+00,0.0000000000000000e+00,0.0000000000000000e+00,0.0000000000000000e+00,4.1131029400859051e+09,-5.2555723794193275e+18,0.0000000000000000e+00,0.0000000000000000e+00,3.3950640354939745e+29,0.0000000000000000e+00,4.1116214930925579e+09,-7.1927564515770537e+03,0.0000000000000000e+00,0.0000000000000000e+00,3.3784979828239466e+29,0.0000000000000000e+00,1.1261659942746486e+29,0.0000000000000000e+00,0.0000000000000000e+00,0.0000000000000000e+00,8.2168330931763036e+19,0.0000000000000000e+00,0.0000000000000000e+00,0.0000000000000000e+00,0.0000000000000000e+00,0.0000000000000000e+00,0.0000000000000000e+00,0.0000000000000000e+00,1.3333333333333330e+00,5.7053685574427807e+04,1.7425783667534924e-05,0.0000000000000000e+00,0.0000000000000000e+00,0.0000000000000000e+00,0.0000000000000000e+00,0.0000000000000000e+00,0.0000000000000000e+00,0.0000000000000000e+00,0.0000000000000000e+00,
6.0000000000000000e+00,3.6125000000000000e+01,1.5707963267948966e+00,3.1415926535897931e+00,2.5000000000000000e-01,3.1415926535897931e+00,6.2831853071795862e+00,0.0000000000000000e+00,1.1063820548162948e+00,4.0378362188338862e+01,4.0378362188338862e+01,1.2240812901880749e+00,1.6304173072391793e+03,1.6304173072391793e+03,1.8223700517332506e+03,8.9173778977678286e-01,0.0000000000000000e+00,0.0000000000000000e+00,0.0000000000000000e+00,1.0518469689127730e+00,0.0000000000000000e+00,0.0000000000000000e+00,0.0000000000000000e+00,0.0000000000000000e+00,0.0000000000000000e+00,0.0000000000000000e+00,2.9277817318400068e+09,-4.0935526728656701e+18,0.0000000000000000e+00,0.0000000000000000e+00,2.1621571204988233e+29,0.0000000000000000e+00,2.9263896129524455e+09,-8.3551205849739690e+03,0.0000000000000000e+00,0.0000000000000000e+00,2.1469153021804227e+29,0.0000000000000000e+00,7.1563843406014097e+28,0.0000000000000000e+00,0.0000000000000000e+00,0.0000000000000000e+00,7.3363131450009526e+19,0.0000000000000000e+00,0.0000000000000000e+00,0.0000000000000000e+00,0.0000000000000000e+00,0.0000000000000000e+00,0.0000000000000000e+00,0.0000000000000000e+00,1.3333333333333330e+00,5.4226758611334248e+04,1.2544220387539815e-05,0.0000000000000000e+00,0.0000000000000000e+00,0.0000000000000000e+00,0.0000000000000000e+00,0.0000000000000000e+00,0.0000000000000000e+00,0.0000000000000000e+00,0.0000000000000000e+00,
7.0000000000000000e+00,4.0125000000000000e+01,1.5707963267948966e+00,3.1415926535897931e+00,2.5000000000000000e-01,3.1415926535897931e+00,6.2831853071795862e+00,0.0000000000000000e+00,1.0964607095338543e+00,4.4366547474691110e+01,4.4366547474691110e+01,1.2022261138987616e+00,1.9683957155016681e+03,1.9683957155016681e+03,2.1764590090807419e+03,9.0200141624748731e-01,0.0000000000000000e+00,0.0000000000000000e+00,0.0000000000000000e+00,1.0471201953579925e+00,0.0000000000000000e+00,0.0000000000000000e+00,0.0000000000000000e+00,0.0000000000000000e+00,0.0000000000000000e+00,0.0000000000000000e+00,2.1527897860090084e+09,-3.2782766690834248e+18,0.0000000000000000e+00,0.0000000000000000e+00,1.4387174033028816e+29,0.0000000000000000e+00,2.1514757916270289e+09,-9.5516054097138949e+03,0.0000000000000000e+00,0.0000000000000000e+00,1.4245797758904308e+29,0.0000000000000000e+00,4.7485992529681001e+28,0.0000000000000000e+00,0.0000000000000000e+00,0.0000000000000000e+00,6.6213454440037286e+19,0.0000000000000000e+00,0.0000000000000000e+00,0.0000000000000000e+00,0.0000000000000000e+00,0.0000000000000000e+00,0.0000000000000000e+00,0.0000000000000000e+00,1.3333333333333330e+00,5.1764859822128201e+04,9.3457135135158824e-06,0.0000000000000000e+00,0.0000000000000000e+00,0.0000000000000000e+00,0.0000000000000000e+00,0.0000000000000000e+00,0.0000000000000000e+00,0.0000000000000000e+00,0.0000000000000000e+00,
8.0000000000000000e+00,4.4125000000000000e+01,1.5707963267948966e+00,3.1415926535897931e+00,2.5000000000000000e-01,3.1415926535897931e+00,6.2831853071795862e+00,0.0000000000000000e+00,1.0882313421968746e+00,4.8356874167868270e+01,4.8356874167868270e+01,1.1842474725853811e+00,2.3383924647452300e+03,2.3383924647452300e+03,2.5626471207960449e+03,9.1048750724415073e-01,0.0000000000000000e+00,0.0000000000000000e+00,0.0000000000000000e+00,1.0431832715104996e+00,0.0000000000000000e+00,0.0000000000000000e+00,0.0000000000000000e+00,0.0000000000000000e+00,0.0000000000000000e+00,0.0000000000000000e+00,1.6246609664392316e+09,-2.6843516235938964e+18,0.0000000000000000e+00,0.0000000000000000e+00,9.9182307519767579e+28,0.0000000000000000e+00,1.6234149209390345e+09,-1.0787485176663695e+04,0.0000000000000000e+00,0.0000000000000000e+00,9.7861181321155279e+28,0.0000000000000000e+00,3.2620393773718416e+28,0.0000000000000000e+00,0.0000000000000000e+00,0.0000000000000000e+00,6.0280587448935760e+19,0.0000000000000000e+00,0.0000000000000000e+00,0.0000000000000000e+00,0.0000000000000000e+00,0.0000000000000000e+00,0.0000000000000000e+00,0.0000000000000000e+00,1.3333333333333330e+00,4.9590443839064959e+04,7.1644624886894485e-06,0.0000000000000000e+00,0.0000000000000000e+00,0.0000000000000000e+00,0.0000000000000000e+00,0.0000000000000000e+00,0.0000000000000000e+00,0.0000000000000000e+00,0.0000000000000000e+00,
9.0000000000000000e+00,4.8125000000000000e+01,1.5707963267948966e+00,3.1415926535897931e+00,2.5000000000000000e-01,3.1415926535897931e+00,6.2831853071795862e+00,0.0000000000000000e+00,1.0812952749063538e+00,5.2348808446459351e+01,5.2348808446459351e+01,1.1691994848308442e+00,2.7404029348627882e+03,2.7404029348627882e+03,2.9809088959425198e+03,9.1762103403612227e-01,0.0000000000000000e+00,0.0000000000000000e+00,0.0000000000000000e+00,1.0398534857528121e+00,0.0000000000000000e+00,0.0000000000000000e+00,0.0000000000000000e+00,0.0000000000000000e+00,0.0000000000000000e+00,0.0000000000000000e+00,1.2522049896047559e+09,-2.2383385249494436e+18,0.0000000000000000e+00,0.0000000000000000e+00,7.0382040507010951e+28,0.0000000000000000e+00,1.2510176457565916e+09,-1.2070963893666381e+04,0.0000000000000000e+00,0.0000000000000000e+00,6.9138827978579222e+28,0.0000000000000000e+00,2.3046275992859743e+28,0.0000000000000000e+00,0.0000000000000000e+00,0.0000000000000000e+00,5.5265690248886804e+19,0.0000000000000000e+00,0.0000000000000000e+00,0.0000000000000000e+00,0.0000000000000000e+00,0.0000000000000000e+00,0.0000000000000000e+00,0.0000000000000000e+00,1.3333333333333330e+00,4.7645849812296285e+04,5.6277984026569694e-06,0.0000000000000000e+00,0.0000000000000000e+00,0.0000000000000000e+00,0.0000000000000000e+00,0.0000000000000000e+00,0.0000000000000000e+00,0.0000000000000000e+00,0.0000000000000000e+00,
1.0000000000000000e+01,5.2125000000000000e+01,1.5707963267948966e+00,3.1415926535897931e+00,2.5000000000000000e-01,3.1415926535897931e+00,6.2831853071795862e+00,0.0000000000000000e+00,1.0753699281712934e+00,5.6341980309861178e+01,5.6341980309861178e+01,1.1564204922393468e+00,3.1744239371715298e+03,3.1744239371715298e+03,3.4312268887681121e+03,9.2370149804780688e-01,0.0000000000000000e+00,0.0000000000000000e+00,0.0000000000000000e+00,1.0370004464258396e+00,0.0000000000000000e+00,0.0000000000000000e+00,0.0000000000000000e+00,0.0000000000000000e+00,0.0000000000000000e+00,0.0000000000000000e+00,9.8179182589951885e+08,-1.8949089271667149e+18,0.0000000000000000e+00,0.0000000000000000e+00,5.1149668857030555e+28,0.0000000000000000e+00,9.8065466338951945e+08,-1.3413936216404234e+04,0.0000000000000000e+00,0.0000000000000000e+00,4.9971838560051629e+28,0.0000000000000000e+00,1.6657279520017202e+28,0.0000000000000000e+00,0.0000000000000000e+00,0.0000000000000000e+00,5.0957322862317650e+19,0.0000000000000000e+00,0.0000000000000000e+00,0.0000000000000000e+00,0.0000000000000000e+00,0.0000000000000000e+00,0.0000000000000000e+00,0.0000000000000000e+00,1.3333333333333330e+00,4.5886734274411421e+04,4.5164029354195225e-06,0.0000000000000000e+00,0.0000000000000000e+00,0.0000000000000000e+00,0.0000000000000000e+00,0.0000000000000000e+00,0.0000000000000000e+00,0.0000000000000000e+00,0.0000000000000000e+00,
1.1000000000000000e+01,5.6125000000000000e+01,1.5707963267948966e+00,3.1415926535897931e+00,2.5000000000000000e-01,3.1415926535897931e+00,6.2831853071795862e+00,0.0000000000000000e+00,1.0702494372704030e+00,6.0336125213261248e+01,6.0336125213261248e+01,1.1454338653926415e+00,3.6404531999373048e+03,3.6404531999373048e+03,3.9135887577745916e+03,9.2894605312342227e-01,0.0000000000000000e+00,0.0000000000000000e+00,0.0000000000000000e+00,1.0345286054712706e+00,0.0000000000000000e+00,0.0000000000000000e+00,0.0000000000000000e+00,0.0000000000000000e+00,0.0000000000000000e+00,0.0000000000000000e+00,7.8044931548381877e+08,-1.6248560258791442e+18,0.0000000000000000e+00,0.0000000000000000e+00,3.7909570507006957e+28,0.0000000000000000e+00,7.7935427421954393e+08,-1.4833498919685691e+04,0.0000000000000000e+00,0.0000000000000000e+00,3.6786086143572735e+28,0.0000000000000000e+00,1.2262028714524240e+28,0.0000000000000000e+00,0.0000000000000000e+00,0.0000000000000000e+00,4.7200466975246836e+19,0.0000000000000000e+00,0.0000000000000000e+00,0.0000000000000000e+00,0.0000000000000000e+00,0.0000000000000000e+00,0.0000000000000000e+00,0.0000000000000000e+00,1.3333333333333330e+00,4.4277707422565858e+04,3.7407768000286483e-06,0.0000000000000000e+00,0.0000000000000000e+00,0.0000000000000000e+00,0.0000000000000000e+00,0.0000000000000000e+00,0.0000000000000000e+00,0.0000000000000000e+00,0.0000000000000000e+00,
0.0000000000000000e+00,6.0125000000000000e+01,1.5707963267948966e+00,3.1415926535897931e+00,2.5000000000000000e-01,3.1415926535897931e+00,6.2831853071795862e+00,0.0000000000000000e+00,1.0657802789016779e+00,6.4331048995747039e+01,6.4331048995747039e+01,1.1358876085967740e+00,4.1384890608984442e+03,4.1384890608984442e+03,4.4279855266667200e+03,9.3351598698794080e-01,0.0000000000000000e+00,0.0000000000000000e+00,0.0000000000000000e+00,1.0323663485238137e+00,0.0000000000000000e+00,0.0000000000000000e+00,0.0000000000000000e+00,0.0000000000000000e+00,0.0000000000000000e+00,0.0000000000000000e+00,1.0492639554208748e+08,-1.4086732487992128e+18,0.0000000000000000e+00,0.0000000000000000e+00,6.2996141673100010e+27,0.0000000000000000e+00,9.8387573937072992e+07,-1.0017073128036234e+05,0.0000000000000000e+00,0.0000000000000000e+00,2.7252425581538052e+25,0.0000000000000000e+00,9.0841418605126830e+24,0.0000000000000000e+00,0.0000000000000000e+00,0.0000000000000000e+00,2.7699029075362963e+17,0.0000000000000000e+00,0.0000000000000000e+00,0.0000000000000000e+00,0.0000000000000000e+00,0.0000000000000000e+00,0.0000000000000000e+00,0.0000000000000000e+00,1.3333333333333330e+00,3.5079370073704208e+03,8.6043965693378004e-07,0.0000000000000000e+00,0.0000000000000000e+00,0.0000000000000000e+00,0.0000000000000000e+00,0.0000000000000000e+00,0.0000000000000000e+00,0.0000000000000000e+00,0.0000000000000000e+00,
0.0000000000000000e+00,6.4125000000000000e+01,1.5707963267948966e+00,3.1415926535897931e+00,2.5000000000000000e-01,3.1415926535897931e+00,6.2831853071795862e+00,0.0000000000000000e+00,1.0618456335225257e+00,6.8326605932378186e+01,6.8326605932378186e+01,1.1275161538856886e+00,4.6685302757327636e+03,4.6685302757327636e+03,4.9744105107999685e+03,9.3753360110564643e-01,0.0000000000000000e+00,0.0000000000000000e+00,0.0000000000000000e+00,1.0304589426433675e+00,0.0000000000000000e+00,0.0000000000000000e+00,0.0000000000000000e+00,0.0000000000000000e+00,0.0000000000000000e+00,0.0000000000000000e+00,9.5965541724080622e+07,-1.2329302060286464e+18,0.0000000000000000e+00,0.0000000000000000e+00,5.4111056828972043e+27,0.0000000000000000e+00,9.0328376413635269e+07,-9.7590859718197229e+04,0.0000000000000000e+00,0.0000000000000000e+00,2.4317396313319704e+25,0.0000000000000000e+00,8.1057987711065661e+24,0.0000000000000000e+00,0.0000000000000000e+00,0.0000000000000000e+00,2.6921084014505373e+17,0.0000000000000000e+00,0.0000000000000000e+00,0.0000000000000000e+00,0.0000000000000000e+00,0.0000000000000000e+00,0.0000000000000000e+00,0.0000000000000000e+00,1.3333333333333330e+00,3.4583448061197391e+03,7.1706753842931798e-07,0.0000000000000000e+00,0.0000000000000000e+00,0.0000000000000000e+00,0.0000000000000000e+00,0.0000000000000000e+00,0.0000000000000000e+00,0.0000000000000000e+00,0.0000000000000000e+00,
1.2000000000000000e+01,6.8125000000000000e+01,1.5707963267948966e+00,3.1415926535897931e+00,2.5000000000000000e-01,3.1415926535897931e+00,6.2831853071795862e+00,0.0000000000000000e+00,1.0583550370348365e+00,7.2322684517034432e+01,7.2322684517034432e+01,1.1201153879482684e+00,5.2305758944794807e+03,5.2305758944794807e+03,5.5528586298771916e+03,9.4109331904060167e-01,0.0000000000000000e+00,0.0000000000000000e+00,0.0000000000000000e+00,1.0287638388866032e+00,0.0000000000000000e+00,0.0000000000000000e+00,0.0000000000000000e+00,0.0000000000000000e+00,0.0000000000000000e+00,0.0000000000000000e+00,8.8212677693170071e+07,-1.0881352538091834e+18,0.0000000000000000e+00,0.0000000000000000e+00,4.6886901665781382e+27,0.0000000000000000e+00,8.3312262185651928e+07,-9.5194831751673191e+04,0.0000000000000000e+00,0.0000000000000000e+00,2.1832158777024017e+25,0.0000000000000000e+00,7.2773862590080052e+24,0.0000000000000000e+00,0.0000000000000000e+00,0.0000000000000000e+00,2.6205199001952048e+17,0.0000000000000000e+00,0.0000000000000000e+00,0.0000000000000000e+00,0.0000000000000000e+00,0.0000000000000000e+00,0.0000000000000000e+00,0.0000000000000000e+00,1.3333333333333330e+00,3.4120709829487264e+03,6.0387936720720052e-07,0.0000000000000000e+00,0.0000000000000000e+00,0.0000000000000000e+00,0.0000000000000000e+00,0.0000000000000000e+00,0.0000000000000000e+00,0.0000000000000000e+00,0.0000000000000000e+00,
1.3000000000000000e+01,7.2125000000000000e+01,1.5707963267948966e+00,3.1415926535897931e+00,2.5000000000000000e-01,3.1415926535897931e+00,6.2831853071795862e+00,0.0000000000000000e+00,1.0552373462224569e+00,7.6319197975313116e+01,7.6319197975313116e+01,1.1135258596976896e+00,5.8246251793592137e+03,5.8246251793592137e+03,6.1633259539650271e+03,9.4426920145998383e-01,0.0000000000000000e+00,0.0000000000000000e+00,0.0000000000000000e+00,1.0272474607176165e+00,0.0000000000000000e+00,0.0000000000000000e+00,0.0000000000000000e+00,0.0000000000000000e+00,0.0000000000000000e+00,0.0000000000000000e+00,8.1451362749663308e+07,-9.6742647752239450e+17,0.0000000000000000e+00,0.0000000000000000e+00,4.0944704092384962e+27,0.0000000000000000e+00,7.7159634944815680e+07,-9.2962433018543583e+04,0.0000000000000000e+00,0.0000000000000000e+00,1.9709320198241849e+25,0.0000000000000000e+00,6.5697733994139464e+24,0.0000000000000000e+00,0.0000000000000000e+00,0.0000000000000000e+00,2.5543547801886973e+17,0.0000000000000000e+00,0.0000000000000000e+00,0.0000000000000000e+00,0.0000000000000000e+00,0.0000000000000000e+00,0.0000000000000000e+00,0.0000000000000000e+00,1.3333333333333330e+00,3.3687366919078163e+03,5.1332734375359876e-07,0.0000000000000000e+00,0.0000000000000000e+00,0.0000000000000000e+00,0.0000000000000000e+00,0.0000000000000000e+00,0.0000000000000000e+00,0.0000000000000000e+00,0.0000000000000000e+00,
1.4000000000000000e+01,7.6125000000000000e+01,1.5707963267948966e+00,3.1415926535897931e+00,2.5000000000000000e-01,3.1415926535897931e+00,6.2831853071795862e+00,0.0000000000000000e+00,1.0524358428328393e+00,8.0316077767954198e+01,8.0316077767954198e+01,1.1076212055815666e+00,6.4506775486686747e+03,6.4506775486686747e+03,6.8058093953860198e+03,9.4712015452568088e-01,0.0000000000000000e+00,0.0000000000000000e+00,0.0000000000000000e+00,1.0258829574010591e+00,0.0000000000000000e+00,0.0000000000000000e+00,0.0000000000000000e+00,0.0000000000000000e+00,0.0000000000000000e+00,0.0000000000000000e+00,7.5512609385995358e+07,-8.6574347914867981e+17,0.0000000000000000e+00,0.0000000000000000e+00,3.6006078969431796e+27,0.0000000000000000e+00,7.1728767253552392e+07,-9.0876383034980056e+04,0.0000000000000000e+00,0.0000000000000000e+00,1.7881717623500311e+25,0.0000000000000000e+00,5.9605725411667694e+24,0.0000000000000000e+00,0.0000000000000000e+00,0.0000000000000000e+00,2.4929618146019008e+17,0.0000000000000000e+00,0.0000000000000000e+00,0.0000000000000000e+00,0.0000000000000000e+00,0.0000000000000000e+00,0.0000000000000000e+00,0.0000000000000000e+00,1.3333333333333330e+00,3.3280224665328788e+03,4.4002110260092394e-07,0.0000000000000000e+00,0.0000000000000000e+00,0.0000000000000000e+00,0.0000000000000000e+00,0.0000000000000000e+00,0.0000000000000000e+00,0.0000000000000000e+00,0.0000000000000000e+00,
1.5000000000000000e+01,8.0125000000000000e+01,1.5707963267948966e+00,3.1415926535897931e+00,2.5000000000000000e-01,3.1415926535897931e+00,6.2831853071795862e+00,0.0000000000000000e+00,1.0499047544198099e+00,8.4313269039896397e+01,8.4313269039896397e+01,1.1022999952423091e+00,7.1087325375831178e+03,7.1087325375831178e+03,7.4803064945882734e+03,9.4969361745167735e-01,0.0000000000000000e+00,0.0000000000000000e+00,0.0000000000000000e+00,1.0246486002381554e+00,0.0000000000000000e+00,0.0000000000000000e+00,0.0000000000000000e+00,0.0000000000000000e+00,0.0000000000000000e+00,0.0000000000000000e+00,7.0262753724457756e+07,-7.7928824126680307e+17,0.0000000000000000e+00,0.0000000000000000e+00,3.1863128388208364e+27,0.0000000000000000e+00,6.6906484611963913e+07,-8.8921755821277286e+04,0.0000000000000000e+00,0.0000000000000000e+00,1.6297050506720849e+25,0.0000000000000000e+00,5.4323501689069486e+24,0.0000000000000000e+00,0.0000000000000000e+00,0.0000000000000000e+00,2.4357941421018227e+17,0.0000000000000000e+00,0.0000000000000000e+00,0.0000000000000000e+00,0.0000000000000000e+00,0.0000000000000000e+00,0.0000000000000000e+00,0.0000000000000000e+00,1.3333333333333333e+00,3.2896566277910174e+03,3.8004092218528085e-07,0.0000000000000000e+00,0.0000000000000000e+00,0.0000000000000000e+00,0.0000000000000000e+00,0.0000000000000000e+00,0.0000000000000000e+00,0.0000000000000000e+00,0.0000000000000000e+00,
1.0000000000000000e+00,8.4125000000000000e+01,1.5707963267948966e+00,3.1415926535897931e+00,2.5000000000000000e-01,3.1415926535897931e+00,6.2831853071795862e+00,0.0000000000000000e+00,1.0476067357003009e+00,8.8310727367477725e+01,8.8310727367477725e+01,1.0974798742490344e+00,7.7987897702065329e+03,7.7987897702065329e+03,8.1868152681727324e+03,9.5202822327583403e-01,0.0000000000000000e+00,0.0000000000000000e+00,0.0000000000000000e+00,1.0235266168141286e+00,0.0000000000000000e+00,0.0000000000000000e+00,0.0000000000000000e+00,0.0000000000000000e+00,0.0000000000000000e+00,0.0000000000000000e+00,6.5594828575379409e+07,-7.0516525212307584e+17,0.0000000000000000e+00,0.0000000000000000e+00,2.8358277359399367e+27,0.0000000000000000e+00,6.2601439265480369e+07,-8.7085605180605155e+04,0.0000000000000000e+00,0.0000000000000000e+00,1.4914103095693370e+25,0.0000000000000000e+00,4.9713676985644568e+24,0.0000000000000000e+00,0.0000000000000000e+00,0.0000000000000000e+00,2.3823887153622166e+17,0.0000000000000000e+00,0.0000000000000000e+00,0.0000000000000000e+00,0.0000000000000000e+00,0.0000000000000000e+00,0.0000000000000000e+00,0.0000000000000000e+00,1.3333333333333330e+00,3.2534063525472980e+03,3.3048992499387038e-07,0.0000000000000000e+00,0.0000000000000000e+00,0.0000000000000000e+00,0.0000000000000000e+00,0.0000000000000000e+00,0.0000000000000000e+00,0.0000000000000000e+00,0.0000000000000000e+00,
1.0000000000000000e+00,8.8125000000000000e+01,1.5707963267948966e+00,3.1415926535897931e+00,2.5000000000000000e-01,3.1415926535897931e+00,6.2831853071795862e+00,0.0000000000000000e+00,1.0465352948926647e+00,9.2308416391376781e+01,9.2308416391376781e+01,1.0952361248843376e+00,8.5208489392760475e+03,8.5208489392760475e+03,8.9253340990016713e+03,9.5415575160812649e-01,0.0000000000000000e+00,0.0000000000000000e+00,0.0000000000000000e+00,1.0230030765112477e+00,0.0000000000000000e+00,0.0000000000000000e+00,0.0000000000000000e+00,0.0000000000000000e+00,0.0000000000000000e+00,0.0000000000000000e+00,6.3451390109212779e+07,-6.4113587300812800e+17,0.0000000000000000e+00,0.0000000000000000e+00,2.6806171117203099e+27,0.0000000000000000e+00,6.0619061680419333e+07,-8.5356653999545117e+04,0.0000000000000000e+00,0.0000000000000000e+00,1.4287743905610357e+25,0.0000000000000000e+00,4.7625813018701182e+24,0.0000000000000000e+00,0.0000000000000000e+00,0.0000000000000000e+00,2.3569710952957498e+17,0.0000000000000000e+00,0.0000000000000000e+00,0.0000000000000000e+00,0.0000000000000000e+00,0.0000000000000000e+00,0.0000000000000000e+00,0.0000000000000000e+00,1.3333333333333333e+00,3.2360106769043646e+03,3.0892412515018579e-07,0.0000000000000000e+00,0.0000000000000000e+00,0.0000000000000000e+00,0.0000000000000000e+00,0.0000000000000000e+00,0.0000000000000000e+00,0.0000000000000000e+00,0.0000000000000000e+00,

18,61
2.0000000000000000e+00,2.3875000000000000e+01,1.5707963267948966e+00,3.1415926535897931e+00,2.5000000000000000e-01,3.1415926535897931e+00,6.2831853071795862e+00,0.0000000000000000e+00,1.2160080740307218e+00,2.8189158590600879e+01,2.8189158590600879e+01,1.4786762962253626e+00,7.9463379247813668e+02,7.9463379247813668e+02,9.3820834766175597e+02,8.4061675207779651e-01,0.0000000000000000e+00,0.0000000000000000e+00,0.0000000000000000e+00,1.1027274995762446e+00,0.0000000000000000e+00,0.0000000000000000e+00,0.0000000000000000e+00,0.0000000000000000e+00,0.0000000000000000e+00,0.0000000000000000e+00,2.7222882902767536e+10,-9.9842193087740109e+18,0.0000000000000000e+00,0.0000000000000000e+00,4.2025837501557388e+30,0.0000000000000000e+00,2.7220942568061089e+10,-2.9436517802824915e+03,0.0000000000000000e+00,0.0000000000000000e+00,4.2000413916340311e+30,0.0000000000000000e+00,1.4000137972113436e+30,0.0000000000000000e+00,0.0000000000000000e+00,0.0000000000000000e+00,1.5428707431693212e+20,0.0000000000000000e+00,0.0000000000000000e+00,0.0000000000000000e+00,0.0000000000000000e+00,0.0000000000000000e+00,0.0000000000000000e+00,0.0000000000000000e+00,1.3333333333333335e+00,7.4699191229485339e+04,1.3609717914058416e-04,0.0000000000000000e+00,0.0000000000000000e+00,0.0000000000000000e+00,0.0000000000000000e+00,0.0000000000000000e+00,0.0000000000000000e+00,0.0000000000000000e+00,0.0000000000000000e+00,
3.0000000000000000e+00,2.7875000000000000e+01,1.5707963267948966e+00,3.1415926535897931e+00,2.5000000000000000e-01,3.1415926535897931e+00,6.2831853071795862e+00,0.0000000000000000e+00,1.1787337924075527e+00,3.2163433861475575e+01,3.2163433861475575e+01,1.3894136632246723e+00,1.0344916288838349e+03,1.0344916288838349e+03,1.1936296731748400e+03,8.6190859622534077e-01,0.0000000000000000e+00,0.0000000000000000e+00,0.0000000000000000e+00,1.0856950431360690e+00,0.0000000000000000e+00,0.0000000000000000e+00,0.0000000000000000e+00,0.0000000000000000e+00,0.0000000000000000e+00,0.0000000000000000e+00,1.4919359870249662e+10,-7.1290846896136018e+18,0.0000000000000000e+00,0.0000000000000000e+00,1.8857792298696031e+30,0.0000000000000000e+00,1.4917546989786062e+10,-3.9648938625081610e+03,0.0000000000000000e+00,0.0000000000000000e+00,1.8835392753073461e+30,0.0000000000000000e+00,6.2784642510244850e+29,0.0000000000000000e+00,0.0000000000000000e+00,0.0000000000000000e+00,1.2625926127169474e+20,0.0000000000000000e+00,0.0000000000000000e+00,0.0000000000000000e+00,0.0000000000000000e+00,0.0000000000000000e+00,0.0000000000000000e+00,0.0000000000000000e+00,1.3333333333333335e+00,6.8747610203210090e+04,6.1433959109696319e-05,0.0000000000000000e+00,0.0000000000000000e+00,0.0000000000000000e+00,0.0000000000000000e+00,0.0000000000000000e+00,0.0000000000000000e+00,0.0000000000000000e+00,0.0000000000000000e+00,
4.0000000000000000e+00,3.1875000000000000e+01,1.5707963267948966e+00,3.1415926535897931e+00,2.5000000000000000e-01,3.1415926535897931e+00,6.2831853071795862e+00,0.0000000000000000e+00,1.1524180978398972e+00,3.6144163052187245e+01,3.6144163052187245e+01,1.3280676362337467e+00,1.3064056872914889e+03,1.3064056872914889e+03,1.4813654031752005e+03,8.7818212197928813e-01,0.0000000000000000e+00,0.0000000000000000e+00,0.0000000000000000e+00,1.0735073647917863e+00,0.0000000000000000e+00,0.0000000000000000e+00,0.0000000000000000e+00,0.0000000000000000e+00,0.0000000000000000e+00,0.0000000000000000e+00,9.0337924675395279e+09,-5.3441005210064323e+18,0.0000000000000000e+00,0.0000000000000000e+00,9.6677757102917376e+29,0.0000000000000000e+00,9.0321032898128395e+09,-5.0305867890798863e+03,0.0000000000000000e+00,0.0000000000000000e+00,9.6477794205524106e+29,0.0000000000000000e+00,3.2159264735174693e+29,0.0000000000000000e+00,0.0000000000000000e+00,0.0000000000000000e+00,1.0681405003833216e+20,0.0000000000000000e+00,0.0000000000000000e+00,0.0000000000000000e+00,0.0000000000000000e+00,0.0000000000000000e+00,0.0000000000000000e+00,0.0000000000000000e+00,1.3333333333333335e+00,6.4014960885904889e+04,3.7560693012605214e-05,0.0000000000000000e+00,0.0000000000000000e+00,0.0000000000000000e+00,0.0000000000000000e+00,0.0000000000000000e+00,0.0000000000000000e+00,0.0000000000000000e+00,0.0000000000000000e+00,
5.0000000000000000e+00,3.5875000000000000e+01,1.5707963267948966e+00,3.1415926535897931e+00,2.5000000000000000e-01,3.1415926535897931e+00,6.2831853071795862e+00,0.0000000000000000e+00,1.1328510323767822e+00,4.0129188054527155e+01,4.0129188054527155e+01,1.2833515562712228e+00,1.6103569076660144e+03,1.6103569076660144e+03,1.8013060729084800e+03,8.9102446051948392e-01,0.0000000000000000e+00,0.0000000000000000e+00,0.0000000000000000e+00,1.0643547394902726e+00,0.0000000000000000e+00,0.0000000000000000e+00,0.0000000000000000e+00,0.0000000000000000e+00,0.0000000000000000e+00,0.0000000000000000e+00,5.8712231264881191e+09,-4.1543184825368919e+18,0.0000000000000000e+00,0.0000000000000000e+00,5.4487676688987414e+29,0.0000000000000000e+00,5.8696469524487486e+09,-6.1316795873294222e+03,0.0000000000000000e+00,0.0000000000000000e+00,5.4307086374385840e+29,0.0000000000000000e+00,1.8102362124795275e+29,0.0000000000000000e+00,0.0000000000000000e+00,0.0000000000000000e+00,9.2520271432439251e+19,0.0000000000000000e+00,0.0000000000000000e+00,0.0000000000000000e+00,0.0000000000000000e+00,0.0000000000000000e+00,0.0000000000000000e+00,0.0000000000000000e+00,1.3333333333333335e+00,6.0130874051733939e+04,2.4642250402606868e-05,0.0000000000000000e+00,0.0000000000000000e+00,0.0000000000000000e+00,0.0000000000000000e+00,0.0000000000000000e+00,0.0000000000000000e+00,0.0000000000000000e+00,0.0000000000000000e+00,
6.0000000000000000e+00,3.9875000000000000e+01,1.5707963267948966e+00,3.1415926535897931e+00,2.5000000000000000e-01,3.1415926535897931e+00,6.2831853071795862e+00,0.0000000000000000e+00,1.1177331398142416e+00,4.4117216473207840e+01,4.4117216473207840e+01,1.2493274302802557e+00,1.9463339696742137e+03,1.9463339696742137e+03,2.1533877230907738e+03,9.0141729265480297e-01,0.0000000000000000e+00,0.0000000000000000e+00,0.0000000000000000e+00,1.0572289850089380e+00,0.0000000000000000e+00,0.0000000000000000e+00,0.0000000000000000e+00,0.0000000000000000e+00,0.0000000000000000e+00,0.0000000000000000e+00,4.0222065945222178e+09,-3.3217747594535173e+18,0.0000000000000000e+00,0.0000000000000000e+00,3.2957631755803622e+29,0.0000000000000000e+00,4.0207310775597439e+09,-7.2644673045939398e+03,0.0000000000000000e+00,0.0000000000000000e+00,3.2792873406097546e+29,0.0000000000000000e+00,1.0930957802032510e+29,0.0000000000000000e+00,0.0000000000000000e+00,0.0000000000000000e+00,8.1558355477202518e+19,0.0000000000000000e+00,0.0000000000000000e+00,0.0000000000000000e+00,0.0000000000000000e+00,0.0000000000000000e+00,0.0000000000000000e+00,0.0000000000000000e+00,1.3333333333333335e+00,5.6864460991007625e+04,1.7051916960346202e-05,0.0000000000000000e+00,0.0000000000000000e+00,0.0000000000000000e+00,0.0000000000000000e+00,0.0000000000000000e+00,0.0000000000000000e+00,0.0000000000000000e+00,0.0000000000000000e+00,
7.0000000000000000e+00,4.3875000000000000e+01,1.5707963267948966e+00,3.1415926535897931e+00,2.5000000000000000e-01,3.1415926535897931e+00,6.2831853071795862e+00,0.0000000000000000e+00,1.1057025966171459e+00,4.8107427091514012e+01,4.8107427091514012e+01,1.2225782701489614e+00,2.3143297265624424e+03,2.3143297265624424e+03,2.5375704895013146e+03,9.1000041812185140e-01,0.0000000000000000e+00,0.0000000000000000e+00,0.0000000000000000e+00,1.0515239360229718e+00,0.0000000000000000e+00,0.0000000000000000e+00,0.0000000000000000e+00,0.0000000000000000e+00,0.0000000000000000e+00,0.0000000000000000e+00,2.8695437455385981e+09,-2.7165512452129357e+18,0.0000000000000000e+00,0.0000000000000000e+00,2.1053092320501322e+29,0.0000000000000000e+00,2.8681568269607534e+09,-8.4288600534687012e+03,0.0000000000000000e+00,0.0000000000000000e+00,2.0901423642444900e+29,0.0000000000000000e+00,6.9671412141482995e+28,0.0000000000000000e+00,0.0000000000000000e+00,0.0000000000000000e+00,7.2873248558806082e+19,0.0000000000000000e+00,0.0000000000000000e+00,0.0000000000000000e+00,0.0000000000000000e+00,0.0000000000000000e+00,0.0000000000000000e+00,0.0000000000000000e+00,1.3333333333333335e+00,5.4063125967172004e+04,1.2304033904961335e-05,0.0000000000000000e+00,0.0000000000000000e+00,0.0000000000000000e+00,0.0000000000000000e+00,0.0000000000000000e+00,0.0000000000000000e+00,0.0000000000000000e+00,0.0000000000000000e+00,
8.0000000000000000e+00,4.7875000000000000e+01,1.5707963267948966e+00,3.1415926535897931e+00,2.5000000000000000e-01,3.1415926535897931e+00,6.2831853071795862e+00,0.0000000000000000e+00,1.0959016832349158e+00,5.2099273078878888e+01,5.2099273078878888e+01,1.2010005250592166e+00,2.7143394442451108e+03,2.7143394442451108e+03,2.9538282371858600e+03,9.1720866544568502e-01,0.0000000000000000e+00,0.0000000000000000e+00,0.0000000000000000e+00,1.0468532262751127e+00,0.0000000000000000e+00,0.0000000000000000e+00,0.0000000000000000e+00,0.0000000000000000e+00,0.0000000000000000e+00,0.0000000000000000e+00,2.1137599820592442e+09,-2.2628371484186929e+18,0.0000000000000000e+00,0.0000000000000000e+00,1.4043055228450671e+29,0.0000000000000000e+00,2.1124505221817851e+09,-9.6276243517839685e+03,0.0000000000000000e+00,0.0000000000000000e+00,1.3902306346493013e+29,0.0000000000000000e+00,4.6341021154976695e+28,0.0000000000000000e+00,0.0000000000000000e+00,0.0000000000000000e+00,6.5810666363415495e+19,0.0000000000000000e+00,0.0000000000000000e+00,0.0000000000000000e+00,0.0000000000000000e+00,0.0000000000000000e+00,0.0000000000000000e+00,0.0000000000000000e+00,1.3333333333333335e+00,5.1621218072038697e+04,9.1845252905183824e-06,0.0000000000000000e+00,0.0000000000000000e+00,0.0000000000000000e+00,0.0000000000000000e+00,0.0000000000000000e+00,0.0000000000000000e+00,0.0000000000000000e+00,0.0000000000000000e+00,
9.0000000000000000e+00,5.1875000000000000e+01,1.5707963267948966e+00,3.1415926535897931e+00,2.5000000000000000e-01,3.1415926535897931e+00,6.2831853071795862e+00,0.0000000000000000e+00,1.0877633619103619e+00,5.6092376226440813e+01,5.6092376226440813e+01,1.1832291495722211e+00,3.1463598625050449e+03,3.1463598625050449e+03,3.4021431204054452e+03,9.2334788803251400e-01,0.0000000000000000e+00,0.0000000000000000e+00,0.0000000000000000e+00,1.0429589434681523e+00,0.0000000000000000e+00,0.0000000000000000e+00,0.0000000000000000e+00,0.0000000000000000e+00,0.0000000000000000e+00,0.0000000000000000e+00,1.5975199779088645e+09,-1.9139789494600125e+18,0.0000000000000000e+00,0.0000000000000000e+00,9.7001993417509968e+28,0.0000000000000000e+00,1.5962778634872842e+09,-1.0866205433841536e+04,0.0000000000000000e+00,0.0000000000000000e+00,9.5686141523282950e+28,0.0000000000000000e+00,3.1895380507760970e+28,0.0000000000000000e+00,0.0000000000000000e+00,0.0000000000000000e+00,5.9942815748088398e+19,0.0000000000000000e+00,0.0000000000000000e+00,0.0000000000000000e+00,0.0000000000000000e+00,0.0000000000000000e+00,0.0000000000000000e+00,0.0000000000000000e+00,1.3333333333333335e+00,4.9462689965750797e+04,7.0523934571225198e-06,0.0000000000000000e+00,0.0000000000000000e+00,0.0000000000000000e+00,0.0000000000000000e+00,0.0000000000000000e+00,0.0000000000000000e+00,0.0000000000000000e+00,0.0000000000000000e+00,
1.0000000000000000e+01,5.5875000000000000e+01,1.5707963267948966e+00,3.1415926535897931e+00,2.5000000000000000e-01,3.1415926535897931e+00,6.2831853071795862e+00,0.0000000000000000e+00,1.0808977892643890e+00,6.0086466602834214e+01,6.0086466602834214e+01,1.1683400438746352e+00,3.6103886628737141e+03,3.6103886628737141e+03,3.8825025386292496e+03,9.2863948240420202e-01,0.0000000000000000e+00,0.0000000000000000e+00,0.0000000000000000e+00,1.0396623424212599e+00,0.0000000000000000e+00,0.0000000000000000e+00,0.0000000000000000e+00,0.0000000000000000e+00,0.0000000000000000e+00,0.0000000000000000e+00,1.2327367383425550e+09,-1.6399898568865359e+18,0.0000000000000000e+00,0.0000000000000000e+00,6.8947006354762408e+28,0.0000000000000000e+00,1.2315527742062430e+09,-1.2153009617699165e+04,0.0000000000000000e+00,0.0000000000000000e+00,6.7708228579120307e+28,0.0000000000000000e+00,2.2569409526373434e+28,0.0000000000000000e+00,0.0000000000000000e+00,0.0000000000000000e+00,5.4977561203251716e+19,0.0000000000000000e+00,0.0000000000000000e+00,0.0000000000000000e+00,0.0000000000000000e+00,0.0000000000000000e+00,0.0000000000000000e+00,0.0000000000000000e+00,1.3333333333333335e+00,4.7530875907319263e+04,5.5476009044626214e-06,0.0000000000000000e+00,0.0000000000000000e+00,0.0000000000000000e+00,0.0000000000000000e+00,0.0000000000000000e+00,0.0000000000000000e+00,0.0000000000000000e+00,0.0000000000000000e+00,
1.1000000000000000e+01,5.9875000000000000e+01,1.5707963267948966e+00,3.1415926535897931e+00,2.5000000000000000e-01,3.1415926535897931e+00,6.2831853071795862e+00,0.0000000000000000e+00,1.0750281344248380e+00,6.4081346393535966e+01,6.4081346393535966e+01,1.1556854994522188e+00,4.1064241515104968e+03,4.1064241515104968e+03,4.3948973418345458e+03,9.3324765758959138e-01,0.0000000000000000e+00,0.0000000000000000e+00,0.0000000000000000e+00,1.0368356341201617e+00,0.0000000000000000e+00,0.0000000000000000e+00,0.0000000000000000e+00,0.0000000000000000e+00,0.0000000000000000e+00,0.0000000000000000e+00,9.6745001862397182e+08,-1.4208837438911534e+18,0.0000000000000000e+00,0.0000000000000000e+00,5.0174103551227647e+28,0.0000000000000000e+00,9.6631572169912124e+08,-1.3500202435042198e+04,0.0000000000000000e+00,0.0000000000000000e+00,4.8999981085625024e+28,0.0000000000000000e+00,1.6333327028541670e+28,0.0000000000000000e+00,0.0000000000000000e+00,0.0000000000000000e+00,5.0707740477285327e+19,0.0000000000000000e+00,0.0000000000000000e+00,0.0000000000000000e+00,0.0000000000000000e+00,0.0000000000000000e+00,0.0000000000000000e+00,0.0000000000000000e+00,1.3333333333333335e+00,4.5782103490172245e+04,8.4032214244206049e-01,0.0000000000000000e+00,0.0000000000000000e+00,0.0000000000000000e+00,0.0000000000000000e+00,0.0000000000000000e+00,0.0000000000000000e+00,0.0000000000000000e+00,0.0000000000000000e+00,
0.0000000000000000e+00,6.3875000000000000e+01,1.5707963267948966e+00,3.1415926535897931e+00,2.5000000000000000e-01,3.1415926535897931e+00,6.2831853071795862e+00,0.0000000000000000e+00,1.0699524037376349e+00,6.8076867324546100e+01,6.8076867324546100e+01,1.1447981535543867e+00,4.6344650621331648e+03,4.6344650621331648e+03,4.9393207253426863e+03,9.3729677974229464e-01,0.0000000000000000e+00,0.0000000000000000e+00,0.0000000000000000e+00,1.0343850356778139e+00,0.0000000000000000e+00,0.0000000000000000e+00,0.0000000000000000e+00,0.0000000000000000e+00,0.0000000000000000e+00,0.0000000000000000e+00,1.1467327292794921e+08,-1.2429243108885448e+18,0.0000000000000000e+00,0.0000000000000000e+00,7.3298963205189088e+27,0.0000000000000000e+00,1.0709456723039585e+08,-9.7746486279244142e+04,0.0000000000000000e+00,0.0000000000000000e+00,3.0514352855363271e+25,0.0000000000000000e+00,1.0171450951787756e+25,0.0000000000000000e+00,0.0000000000000000e+00,0.0000000000000000e+00,2.8492891762141834e+17,0.0000000000000000e+00,0.0000000000000000e+00,0.0000000000000000e+00,0.0000000000000000e+00,0.0000000000000000e+00,0.0000000000000000e+00,0.0000000000000000e+00,1.3333333333333335e+00,3.5572236632876707e+03,8.3920960294574831e-01,0.0000000000000000e+00,0.0000000000000000e+00,0.0000000000000000e+00,0.0000000000000000e+00,0.0000000000000000e+00,0.0000000000000000e+00,0.0000000000000000e+00,0.0000000000000000e+00,
0.0000000000000000e+00,6.7875000000000000e+01,1.5707963267948966e+00,3.1415926535897931e+00,2.5000000000000000e-01,3.1415926535897931e+00,6.2831853071795862e+00,0.0000000000000000e+00,1.0655197578220270e+00,7.2072916067470786e+01,7.2072916067470786e+01,1.1353323599203884e+00,5.1945104291268426e+03,5.1945104291268426e+03,5.5157675237700278e+03,9.4088276515416880e-01,0.0000000000000000e+00,0.0000000000000000e+00,0.0000000000000000e+00,1.0322401641601988e+00,0.0000000000000000e+00,0.0000000000000000e+00,0.0000000000000000e+00,0.0000000000000000e+00,0.0000000000000000e+00,0.0000000000000000e+00,1.0432602052741911e+08,-1.0964185050298536e+18,0.0000000000000000e+00,0.0000000000000000e+00,6.2383135153742345e+27,0.0000000000000000e+00,9.7849256703004017e+07,-9.5339596376955757e+04,0.0000000000000000e+00,0.0000000000000000e+00,2.7053795292008256e+25,0.0000000000000000e+00,9.0179317640027511e+24,0.0000000000000000e+00,0.0000000000000000e+00,0.0000000000000000e+00,2.7648419278255821e+17,0.0000000000000000e+00,0.0000000000000000e+00,0.0000000000000000e+00,0.0000000000000000e+00,0.0000000000000000e+00,0.0000000000000000e+00,0.0000000000000000e+00,1.3333333333333335e+00,3.5047321253047812e+03,8.5041115819936505e-07,0.0000000000000000e+00,0.0000000000000000e+00,0.0000000000000000e+00,0.0000000000000000e+00,0.0000000000000000e+00,0.0000000000000000e+00,0.0000000000000000e+00,0.0000000000000000e+00,
1.2000000000000000e+01,7.1875000000000000e+01,1.5707963267948966e+00,3.1415926535897931e+00,2.5000000000000000e-01,3.1415926535897931e+00,6.2831853071795862e+00,0.0000000000000000e+00,1.0616152853565461e+00,7.6069404517224584e+01,7.6069404517224584e+01,1.1270270184915110e+00,5.7865595033096433e+03,5.7865595033096433e+03,6.1242337455111165e+03,9.4408077537097301e-01,0.0000000000000000e+00,0.0000000000000000e+00,0.0000000000000000e+00,1.0303471668923145e+00,0.0000000000000000e+00,0.0000000000000000e+00,0.0000000000000000e+00,0.0000000000000000e+00,0.0000000000000000e+00,0.0000000000000000e+00,9.5448126364406437e+07,-9.7436811751045427e+17,0.0000000000000000e+00,0.0000000000000000e+00,5.3615439882213478e+27,0.0000000000000000e+00,8.9861398014829218e+07,-9.3097503748240953e+04,0.0000000000000000e+00,0.0000000000000000e+00,2.4149919835751890e+25,0.0000000000000000e+00,8.0499732785839597e+24,0.0000000000000000e+00,0.0000000000000000e+00,0.0000000000000000e+00,2.6874611801209619e+17,0.0000000000000000e+00,0.0000000000000000e+00,0.0000000000000000e+00,0.0000000000000000e+00,0.0000000000000000e+00,0.0000000000000000e+00,0.0000000000000000e+00,1.3333333333333335e+00,3.4553597441215870e+03,7.0920079964293407e-07,0.0000000000000000e+00,0.0000000000000000e+00,0.0000000000000000e+00,0.0000000000000000e+00,0.0000000000000000e+00,0.0000000000000000e+00,0.0000000000000000e+00,0.0000000000000000e+00,
1.3000000000000000e+01,7.5875000000000000e+01,1.5707963267948966e+00,3.1415926535897931e+00,2.5000000000000000e-01,3.1415926535897931e+00,6.2831853071795862e+00,0.0000000000000000e+00,1.0581499089898001e+00,8.0066263144495394e+01,8.0066263144495394e+01,1.1196812333769990e+00,6.4106116945134381e+03,6.4106116945134381e+03,6.7647162573050455e+03,9.4695054283789604e-01,0.0000000000000000e+00,0.0000000000000000e+00,0.0000000000000000e+00,1.0286641376888619e+00,0.0000000000000000e+00,0.0000000000000000e+00,0.0000000000000000e+00,0.0000000000000000e+00,0.0000000000000000e+00,0.0000000000000000e+00,8.7763008599563494e+07,-8.7161827663743142e+17,0.0000000000000000e+00,0.0000000000000000e+00,4.6481275830997001e+27,0.0000000000000000e+00,8.2904063882663444e+07,-9.1002766707572795e+04,0.0000000000000000e+00,0.0000000000000000e+00,2.1689649643156841e+25,0.0000000000000000e+00,7.2298832143856133e+24,0.0000000000000000e+00,0.0000000000000000e+00,0.0000000000000000e+00,2.6162330457769248e+17,0.0000000000000000e+00,0.0000000000000000e+00,0.0000000000000000e+00,0.0000000000000000e+00,0.0000000000000000e+00,0.0000000000000000e+00,0.0000000000000000e+00,1.3333333333333335e+00,3.4092800566859723e+03,5.9762171400441600e-07,0.0000000000000000e+00,0.0000000000000000e+00,0.0000000000000000e+00,0.0000000000000000e+00,0.0000000000000000e+00,0.0000000000000000e+00,0.0000000000000000e+00,0.0000000000000000e+00,
1.4000000000000000e+01,7.9875000000000000e+01,1.5707963267948966e+00,3.1415926535897931e+00,2.5000000000000000e-01,3.1415926535897931e+00,6.2831853071795862e+00,0.0000000000000000e+00,1.0550535128655052e+00,8.4063436345281275e+01,8.4063436345281275e+01,1.1131379178073719e+00,7.0666665315228020e+03,7.0666665315228020e+03,7.4372125653199801e+03,9.4954013672869164e-01,0.0000000000000000e+00,0.0000000000000000e+00,0.0000000000000000e+00,1.0271579782110534e+00,0.0000000000000000e+00,0.0000000000000000e+00,0.0000000000000000e+00,0.0000000000000000e+00,0.0000000000000000e+00,0.0000000000000000e+00,8.1057635769506723e+07,-7.8430407478592717e+17,0.0000000000000000e+00,0.0000000000000000e+00,4.0609099971407893e+27,0.0000000000000000e+00,7.6800362035413399e+07,-8.9040323652159728e+04,0.0000000000000000e+00,0.0000000000000000e+00,1.9587053733936029e+25,0.0000000000000000e+00,6.5290179113120088e+24,0.0000000000000000e+00,0.0000000000000000e+00,0.0000000000000000e+00,2.5503840607587843e+17,0.0000000000000000e+00,0.0000000000000000e+00,0.0000000000000000e+00,0.0000000000000000e+00,0.0000000000000000e+00,0.0000000000000000e+00,0.0000000000000000e+00,1.3333333333333333e+00,3.3661183311061623e+03,5.0828728373250488e-07,0.0000000000000000e+00,0.0000000000000000e+00,0.0000000000000000e+00,0.0000000000000000e+00,0.0000000000000000e+00,0.0000000000000000e+00,0.0000000000000000e+00,0.0000000000000000e+00,
1.5000000000000000e+01,8.3875000000000000e+01,1.5707963267948966e+00,3.1415926535897931e+00,2.5000000000000000e-01,3.1415926535897931e+00,6.2831853071795862e+00,0.0000000000000000e+00,1.0522701529270777e+00,8.8060879120912560e+01,8.8060879120912560e+01,1.1072724770145159e+00,7.7547236335439329e+03,7.7547236335439329e+03,8.1417206599767997e+03,9.5188867714451952e-01,0.0000000000000000e+00,0.0000000000000000e+00,0.0000000000000000e+00,1.0258021994453783e+00,0.0000000000000000e+00,0.0000000000000000e+00,0.0000000000000000e+00,0.0000000000000000e+00,0.0000000000000000e+00,0.0000000000000000e+00,7.5165539949735507e+07,-7.0948173682185178e+17,0.0000000000000000e+00,0.0000000000000000e+00,3.5725687834866552e+27,0.0000000000000000e+00,7.1410590722980484e+07,-8.7197114601542664e+04,0.0000000000000000e+00,0.0000000000000000e+00,1.7776035534196851e+25,0.0000000000000000e+00,5.9253451780656155e+24,0.0000000000000000e+00,0.0000000000000000e+00,0.0000000000000000e+00,2.4892702362428515e+17,0.0000000000000000e+00,0.0000000000000000e+00,0.0000000000000000e+00,0.0000000000000000e+00,0.0000000000000000e+00,0.0000000000000000e+00,0.0000000000000000e+00,1.3333333333333335e+00,3.3255583962374085e+03,4.3591638657199946e-07,0.0000000000000000e+00,0.0000000000000000e+00,0.0000000000000000e+00,0.0000000000000000e+00,0.0000000000000000e+00,0.0000000000000000e+00,0.0000000000000000e+00,0.0000000000000000e+00,
1.0000000000000000e+00,8.7875000000000000e+01,1.5707963267948966e+00,3.1415926535897931e+00,2.5000000000000000e-01,3.1415926535897931e+00,6.2831853071795862e+00,0.0000000000000000e+00,1.0497546490847149e+00,9.2058554664679320e+01,9.2058554664679320e+01,1.1019848251413393e+00,8.4747826895093003e+03,8.4747826895093003e+03,8.8782389038651727e+03,9.5402832506496227e-01,0.0000000000000000e+00,0.0000000000000000e+00,0.0000000000000000e+00,1.0245753503965627e+00,0.0000000000000000e+00,0.0000000000000000e+00,0.0000000000000000e+00,0.0000000000000000e+00,0.0000000000000000e+00,0.0000000000000000e+00,6.9954949180653095e+07,-6.4487720625994227e+17,0.0000000000000000e+00,0.0000000000000000e+00,3.1626797000563108e+27,0.0000000000000000e+00,6.6623114535311162e+07,-8.5461765945235209e+04,0.0000000000000000e+00,0.0000000000000000e+00,1.6205084631440786e+25,0.0000000000000000e+00,5.4016948771469281e+24,0.0000000000000000e+00,0.0000000000000000e+00,0.0000000000000000e+00,2.4323504925374794e+17,0.0000000000000000e+00,0.0000000000000000e+00,0.0000000000000000e+00,0.0000000000000000e+00,0.0000000000000000e+00,0.0000000000000000e+00,0.0000000000000000e+00,1.3333333333333335e+00,3.2873312382902272e+03,3.7666416856536735e-07,0.0000000000000000e+00,0.0000000000000000e+00,0.0000000000000000e+00,0.0000000000000000e+00,0.0000000000000000e+00,0.0000000000000000e+00,0.0000000000000000e+00,0.0000000000000000e+00,
1.0000000000000000e+00,8.9875000000000000e+01,1.5707963267948966e+00,3.1415926535897931e+00,2.5000000000000000e-01,3.1415926535897931e+00,6.2831853071795862e+00,0.0000000000000000e+00,1.0474701155105981e+00,9.4057470013950606e+01,9.4057470013950606e+01,1.0971936444343018e+00,8.8468128682387796e+03,8.8468128682387796e+03,9.2585014011252879e+03,9.5502833429655087e-01,0.0000000000000000e+00,0.0000000000000000e+00,0.0000000000000000e+00,1.0234598747100405e+00,0.0000000000000000e+00,0.0000000000000000e+00,0.0000000000000000e+00,0.0000000000000000e+00,0.0000000000000000e+00,0.0000000000000000e+00,6.5320337337561131e+07,-6.1583494498265446e+17,0.0000000000000000e+00,0.0000000000000000e+00,2.8157487507378592e+27,0.0000000000000000e+00,6.2347771003041103e+07,-8.4631381483167846e+04,0.0000000000000000e+00,0.0000000000000000e+00,1.4833579314502602e+25,0.0000000000000000e+00,4.9445264381675336e+24,0.0000000000000000e+00,0.0000000000000000e+00,0.0000000000000000e+00,2.3791664563310432e+17,0.0000000000000000e+00,0.0000000000000000e+00,0.0000000000000000e+00,0.0000000000000000e+00,0.0000000000000000e+00,0.0000000000000000e+00,0.0000000000000000e+00,1.3333333333333335e+00,3.2512062157420255e+03,3.2768649400886794e-07,0.0000000000000000e+00,0.0000000000000000e+00,0.0000000000000000e+00,0.0000000000000000e+00,0.0000000000000000e+00,0.0000000000000000e+00,0.0000000000000000e+00,0.0000000000000000e+00,

